0 0.12369791666666667 0.2708333333333333 0.020833333333333332 0.015625
0 0.2779947916666667 0.7565104166666666 0.016927083333333332 0.018229166666666668
0 0.01953125 0.6634114583333334 0.026041666666666668 0.029947916666666668
0 0.19205729166666666 0.9466145833333334 0.08463541666666667 0.08854166666666667
0 0.8854166666666666 0.953125 0.020833333333333332 0.03125
0 0.1875 0.53125 0.015625 0.015625
0 0.3463541666666667 0.5201822916666666 0.078125 0.09505208333333333
0 0.140625 0.3522135416666667 0.0703125 0.07161458333333333
0 0.22005208333333334 0.53125 0.013020833333333334 0.010416666666666666
0 0.49609375 0.435546875 0.020833333333333332 0.022135416666666668
0 0.466796875 0.5625 0.05859375 0.0546875
0 0.572265625 0.8697916666666666 0.01953125 0.020833333333333332
0 0.7154947916666666 0.23111979166666666 0.01171875 0.01171875
0 0.6946614583333334 0.6829427083333334 0.040364583333333336 0.03515625
0 0.21028645833333334 0.08203125 0.014322916666666666 0.013020833333333334