0 0.7552083333333334 0.061197916666666664 0.0390625 0.0390625
0 0.3854166666666667 0.2649739583333333 0.028645833333333332 0.024739583333333332
0 0.560546875 0.08268229166666667 0.12890625 0.12369791666666667
0 0.15169270833333334 0.037760416666666664 0.016927083333333332 0.020833333333333332
0 0.16666666666666666 0.396484375 0.03125 0.03515625
0 0.7845052083333334 0.5989583333333334 0.13671875 0.12760416666666666
0 0.6705729166666666 0.3626302083333333 0.026041666666666668 0.02734375
0 0.7962239583333334 0.3359375 0.029947916666666668 0.0234375
0 0.9518229166666666 0.3919270833333333 0.0390625 0.0390625
0 0.4147135416666667 0.5729166666666666 0.21223958333333334 0.19270833333333334
0 0.4661458333333333 0.6822916666666666 0.033854166666666664 0.03125
0 0.2799479166666667 0.8040364583333334 0.052083333333333336 0.048177083333333336
0 0.2838541666666667 0.783203125 0.109375 0.09244791666666667
0 0.205078125 0.2877604166666667 0.05859375 0.052083333333333336
0 0.2760416666666667 0.330078125 0.018229166666666668 0.024739583333333332
0 0.7630208333333334 0.83203125 0.08854166666666667 0.08333333333333333
0 0.8430989583333334 0.8854166666666666 0.032552083333333336 0.036458333333333336
0 0.107421875 0.9811197916666666 0.022135416666666668 0.01953125
0 0.22526041666666666 0.6783854166666666 0.059895833333333336 0.06510416666666667
0 0.6966145833333334 0.10546875 0.013020833333333334 0.013020833333333334
0 0.5696614583333334 0.783203125 0.016927083333333332 0.014322916666666666
0 0.17317708333333334 0.10221354166666667 0.34375 0.18880208333333334
0 0.9856770833333334 0.341796875 0.028645833333333332 0.045572916666666664
0 0.9622395833333334 0.09895833333333333 0.07552083333333333 0.18489583333333334
0 0.154296875 0.650390625 0.016927083333333332 0.016927083333333332
0 0.7389322916666666 0.4251302083333333 0.014322916666666666 0.016927083333333332
0 0.8541666666666666 0.373046875 0.013020833333333334 0.014322916666666666
0 0.9264322916666666 0.41796875 0.016927083333333332 0.018229166666666668
0 0.8587239583333334 0.203125 0.01171875 0.010416666666666666
0 0.7884114583333334 0.17057291666666666 0.01171875 0.015625