0 0.91015625 0.474609375 0.046875 0.04296875
0 0.6744791666666666 0.6328125 0.0390625 0.046875
0 0.8502604166666666 0.4108072916666667 0.026041666666666668 0.032552083333333336
0 0.9563802083333334 0.8248697916666666 0.03515625 0.040364583333333336
0 0.8450520833333334 0.9583333333333334 0.033854166666666664 0.03125
0 0.5891927083333334 0.3444010416666667 0.024739583333333332 0.022135416666666668
0 0.638671875 0.14453125 0.07161458333333333 0.08333333333333333
0 0.765625 0.08333333333333333 0.16927083333333334 0.15625
0 0.6171875 0.07421875 0.018229166666666668 0.0234375
0 0.4856770833333333 0.12760416666666666 0.06510416666666667 0.078125
0 0.4967447916666667 0.2942708333333333 0.037760416666666664 0.052083333333333336
0 0.4368489583333333 0.2532552083333333 0.01953125 0.022135416666666668
0 0.3880208333333333 0.15690104166666666 0.013020833333333334 0.01953125
0 0.6451822916666666 0.345703125 0.01953125 0.01953125
0 0.4127604166666667 0.552734375 0.0546875 0.061197916666666664
0 0.9798177083333334 0.10026041666666667 0.01171875 0.010416666666666666
0 0.205078125 0.045572916666666664 0.05078125 0.036458333333333336
0 0.08723958333333333 0.10221354166666667 0.015625 0.024739583333333332
0 0.24348958333333334 0.5970052083333334 0.07552083333333333 0.07161458333333333
0 0.7903645833333334 0.716796875 0.09375 0.09765625
0 0.6868489583333334 0.8522135416666666 0.06640625 0.06901041666666667
0 0.556640625 0.7298177083333334 0.024739583333333332 0.01953125
0 0.50390625 0.986328125 0.0234375 0.016927083333333332
0 0.3938802083333333 0.7376302083333334 0.10546875 0.09765625
0 0.42578125 0.8385416666666666 0.0234375 0.026041666666666668
0 0.98046875 0.3763020833333333 0.013020833333333334 0.013020833333333334
0 0.259765625 0.474609375 0.016927083333333332 0.016927083333333332
0 0.11979166666666667 0.3333333333333333 0.036458333333333336 0.033854166666666664
0 0.04296875 0.27734375 0.06510416666666667 0.13020833333333334
0 0.06510416666666667 0.484375 0.09895833333333333 0.140625
0 0.18489583333333334 0.6588541666666666 0.049479166666666664 0.044270833333333336
0 0.474609375 0.716796875 0.022135416666666668 0.032552083333333336
0 0.5833333333333334 0.9596354166666666 0.06510416666666667 0.06770833333333333
0 0.94140625 0.5169270833333334 0.10416666666666667 0.2109375
0 0.9381510416666666 0.9186197916666666 0.09765625 0.13671875
0 0.5618489583333334 0.03125 0.014322916666666666 0.013020833333333334
0 0.4134114583333333 0.4856770833333333 0.014322916666666666 0.013020833333333334
0 0.54296875 0.47265625 0.013020833333333334 0.013020833333333334
0 0.052734375 0.12434895833333333 0.045572916666666664 0.07161458333333333
0 0.030598958333333332 0.0026041666666666665 0.01953125 0.005208333333333333
0 0.19791666666666666 0.8671875 0.015625 0.018229166666666668
0 0.3802083333333333 0.8046875 0.015625 0.013020833333333334
0 0.830078125 0.4752604166666667 0.014322916666666666 0.015625
0 0.4388020833333333 0.21223958333333334 0.015625 0.013020833333333334