0 0.3444010416666667 0.72265625 0.022135416666666668 0.0234375
0 0.15364583333333334 0.6848958333333334 0.03125 0.028645833333333332
0 0.087890625 0.7936197916666666 0.07942708333333333 0.08723958333333333
0 0.05859375 0.6588541666666666 0.020833333333333332 0.020833333333333332
0 0.010416666666666666 0.5872395833333334 0.018229166666666668 0.036458333333333336
0 0.041666666666666664 0.3391927083333333 0.0546875 0.05078125
0 0.59765625 0.8450520833333334 0.018229166666666668 0.018229166666666668
0 0.6803385416666666 0.7194010416666666 0.055989583333333336 0.055989583333333336
0 0.6236979166666666 0.44921875 0.0234375 0.026041666666666668
0 0.71875 0.15169270833333334 0.020833333333333332 0.01953125
0 0.7408854166666666 0.11848958333333333 0.018229166666666668 0.018229166666666668
0 0.7923177083333334 0.018229166666666668 0.024739583333333332 0.026041666666666668
0 0.8665364583333334 0.10286458333333333 0.02734375 0.03125
0 0.7486979166666666 0.7154947916666666 0.078125 0.09244791666666667
0 0.74609375 0.7923177083333334 0.08854166666666667 0.08203125
0 0.9440104166666666 0.8645833333333334 0.0234375 0.0234375
0 0.681640625 0.9915364583333334 0.014322916666666666 0.014322916666666666
0 0.4524739583333333 0.4173177083333333 0.12369791666666667 0.08984375
0 0.8359375 0.501953125 0.015625 0.014322916666666666
0 0.87890625 0.66015625 0.015625 0.015625
0 0.9114583333333334 0.2532552083333333 0.17708333333333334 0.23307291666666666
0 0.4251302083333333 0.849609375 0.014322916666666666 0.016927083333333332
0 0.892578125 0.4615885416666667 0.016927083333333332 0.016927083333333332
0 0.10221354166666667 0.248046875 0.01953125 0.01953125
0 0.6419270833333334 0.14322916666666666 0.2916666666666667 0.2864583333333333
0 0.057942708333333336 0.9778645833333334 0.09765625 0.041666666666666664
0 0.09375 0.533203125 0.033854166666666664 0.03515625
0 0.8092447916666666 0.9739583333333334 0.01171875 0.010416666666666666
0 0.818359375 0.955078125 0.009114583333333334 0.01171875
0 0.822265625 0.12565104166666666 0.07161458333333333 0.07942708333333333
0 0.22265625 0.11197916666666667 0.390625 0.22395833333333334
0 0.8951822916666666 0.7565104166666666 0.014322916666666666 0.013020833333333334
0 0.939453125 0.7923177083333334 0.01171875 0.014322916666666666
0 0.9368489583333334 0.6940104166666666 0.01171875 0.013020833333333334
0 0.8977864583333334 0.4772135416666667 0.01171875 0.01171875