0 0.88671875 0.37524739583333333 0.011822916666666572 0.010820312499999929
0 0.36475260416666666 0.36548177083333333 0.01045572916666663 0.010533854166666709
0 0.23669270833333333 0.10876302083333333 0.014231770833333343 0.01266927083333332
0 0.088984375 0.7026432291666667 0.009934895833333327 0.009778645833333321
0 0.13415364583333333 0.17041666666666666 0.013736979166666682 0.012864583333333327
0 0.14209635416666666 0.203984375 0.009713541666666678 0.00971354166666664
0 0.2861328125 0.23010416666666667 0.012187500000000018 0.011601562500000032
0 0.7143619791666667 0.7963932291666667 0.00955729166666656 0.009335937500000094
0 0.6821354166666667 0.568359375 0.015429687499999881 0.014895833333333405
0 0.07739583333333333 0.66015625 0.010052083333333331 0.010013020833333405
0 0.39282552083333333 0.47290364583333333 0.01307291666666662 0.012864583333333327
0 0.87890625 0.5639713541666667 0.014674479166666643 0.013906249999999934
0 0.24170572916666666 0.8291015625 0.011640624999999996 0.01125000000000013
0 0.8154296875 0.662109375 0.012330729166666702 0.011783854166666607
0 0.9711979166666667 0.41138020833333333 0.015364583333333274 0.01395833333333337
0 0.4658203125 0.31299479166666666 0.010494791666666595 0.010950520833333366
0 0.49194010416666667 0.7983463541666667 0.013281250000000059 0.012578125000000107
0 0.18225260416666667 0.744140625 0.009856770833333325 0.009518229166666595
0 0.18311197916666666 0.16846354166666666 0.013072916666666693 0.012330729166666684
0 0.22765625 0.2303515625 0.005260416666666694 0.005234374999999976
0 0.2383984375 0.7109375 0.009596354166666673 0.009414062500000023
0 0.47217447916666666 0.44018229166666667 0.015481770833333316 0.014674479166666643
0 0.38526041666666666 0.9404296875 0.010898437500000005 0.01065104166666675
0 0.47265625 0.26294270833333333 0.009817708333333286 0.009335937500000021
0 0.09350260416666667 0.763671875 0.010651041666666675 0.00985677083333325
0 0.47583333333333333 0.9331119791666667 0.010286458333333304 0.010286458333333451
0 0.40186197916666666 0.2607421875 0.013424479166666595 0.012929687500000009
0 0.190546875 0.865234375 0.010898437500000005 0.010729166666666679
0 0.8369140625 0.3076171875 0.009635416666666785 0.009335937500000021
0 0.5854557291666667 0.8857421875 0.01652343750000007 0.015781249999999858
0 0.30053385416666667 0.41553385416666666 0.008710937499999996 0.009062500000000048
0 0.6440494791666667 0.703125 0.011328125000000059 0.010820312499999929
0 0.06109375 0.150390625 0.00927083333333334 0.009479166666666669
0 0.611328125 0.28881510416666667 0.013424479166666595 0.013124999999999979
0 0.38916666666666666 0.10192708333333333 0.010325520833333268 0.01001302083333333
0 0.46484375 0.036158854166666664 0.017109374999999982 0.015833333333333338
0 0.9370182291666667 0.3876953125 0.013906250000000083 0.012187500000000018
0 0.44701822916666667 0.923828125 0.012526041666666673 0.012291666666666737
0 0.22240885416666667 0.29272135416666667 0.005260416666666694 0.005039062500000006
0 0.87890625 0.19787760416666667 0.016848958333333403 0.016523437499999998
0 0.5009765625 0.6997135416666667 0.009127604166666655 0.008984375000000119
0 0.203125 0.884765625 0.009414062500000023 0.00947916666666663
0 0.7529296875 0.59765625 0.013333333333333345 0.012630208333333393
0 0.724609375 0.818359375 0.010247395833333192 0.009192708333333263
0 0.255859375 0.30444010416666667 0.004947916666666681 0.005234374999999976
0 0.1376953125 0.12634114583333333 0.026419270833333324 0.024700520833333333
0 0.5517578125 0.23950520833333333 0.009231770833333375 0.008815104166666643
0 0.890625 0.10283854166666667 0.009635416666666785 0.009192708333333336
0 0.26880208333333333 0.17993489583333333 0.008515625000000027 0.008710937499999996
0 0.6987369791666667 0.6743229166666667 0.013684895833333321 0.013281250000000059
0 0.14477864583333333 0.8486328125 0.011875000000000005 0.011067708333333334
0 0.13122395833333333 0.8623046875 0.012096354166666656 0.01102864583333337
0 0.7587890625 0.37817708333333333 0.009375000000000059 0.009231770833333375
0 0.6430729166666667 0.759765625 0.009856770833333398 0.009934895833333476
0 0.32348958333333333 0.935546875 0.02052083333333332 0.019635416666666572
0 0.6376953125 0.239375 0.01542968750000003 0.014557291666666675
0 0.8623046875 0.44555989583333333 0.010403645833333345 0.009453124999999988
0 0.49584635416666667 0.8579166666666667 0.009674479166666602 0.00929687500000013
0 0.27611979166666667 0.25610677083333333 0.005065104166666649 0.0051953125000000116
0 0.9389713541666667 0.4033203125 0.012825520833333215 0.011692708333333357
0 0.6547916666666667 0.642578125 0.014231770833333268 0.012187500000000018
0 0.904296875 0.5986328125 0.010611979166666785 0.010533854166666709
0 0.6489322916666667 0.482421875 0.009375000000000059 0.008854166666666607
0 0.5903385416666667 0.25463541666666667 0.009453124999999988 0.009414062500000023
0 0.42627604166666666 0.35424479166666667 0.009296874999999982 0.009088541666666691
0 0.5004947916666667 0.8251953125 0.010533854166666709 0.01045572916666663
0 0.46875 0.3564453125 0.009596354166666673 0.00916666666666662
0 0.8354557291666667 0.6430729166666667 0.00858072916666656 0.008710937500000071
0 0.8217838541666667 0.7119140625 0.01953125 0.018125000000000096
0 0.32494791666666667 0.36377604166666666 0.005286458333333337 0.005039062500000006
0 0.9755859375 0.37842447916666666 0.017721354166666536 0.01658854166666668
0 0.13037760416666666 0.27611979166666667 0.01001302083333333 0.009374999999999986
0 0.8286197916666667 0.4208984375 0.009375000000000059 0.008945312500000005
0 0.25024739583333333 0.20947916666666666 0.010820312500000004 0.009934895833333327
0 0.515625 0.8383854166666667 0.013593750000000071 0.012721354166666643
0 0.5463932291666667 0.4599609375 0.005104166666666614 0.005234374999999976
0 0.47240885416666667 0.1378125 0.008541666666666595 0.008776041666666679
0 0.37231770833333333 0.25 0.012330729166666702 0.011197916666666696
0 0.1231640625 0.9038151041666667 0.022200520833333348 0.01960937499999993
0 0.5004947916666667 0.40014322916666667 0.014791666666666684 0.014895833333333405
0 0.248046875 0.771484375 0.009374999999999986 0.009375000000000059
0 0.9096744791666667 0.9545963541666667 0.00929687500000013 0.009596354166666524
0 0.06009114583333333 0.7368229166666667 0.005651041666666671 0.0054166666666667735
0 0.31885416666666666 0.5244140625 0.009674479166666675 0.009557291666666709
0 0.19115885416666667 0.5112369791666667 0.011419270833333309 0.011875000000000005
0 0.49658854166666666 0.29809895833333333 0.008710937500000071 0.008710937499999996
0 0.33861979166666667 0.08770833333333333 0.005651041666666708 0.005455729166666663
0 0.5361328125 0.6919010416666667 0.005039062500000006 0.0053906250000001306
0 0.42358072916666667 0.016276041666666668 0.019192708333333346 0.017721354166666665
0 0.5502994791666667 0.7119140625 0.0055468749999999884 0.00565104166666656
0 0.038385416666666665 0.6865234375 0.004830729166666668 0.0053255208333332265
0 0.4873046875 0.05080729166666667 0.009557291666666709 0.009127604166666673
0 0.9008854166666667 0.806640625 0.03964843750000006 0.03549479166666666
0 0.5708072916666667 0.221796875 0.010403645833333345 0.010091145833333334
0 0.8642578125 0.059205729166666665 0.005781250000000071 0.005716145833333334
0 0.14171875 0.6733463541666667 0.009635416666666674 0.00888020833333325
0 0.46533854166666666 0.791015625 0.008815104166666643 0.009231770833333227
0 0.43970052083333333 0.07989583333333333 0.041536458333333304 0.037747395833333336
0 0.7700260416666667 0.13037760416666666 0.008984375000000119 0.008776041666666679
0 0.31908854166666667 0.33813802083333333 0.005677083333333351 0.005143229166666726
0 0.6362369791666667 0.8852604166666667 0.008645833333333316 0.008815104166666643
0 0.19165364583333333 0.015078125 0.017239583333333346 0.014947916666666667
0 0.7314453125 0.30615885416666666 0.011471354166666595 0.010781249999999964
0 0.7529296875 0.09270833333333334 0.010325520833333416 0.010130208333333335
0 0.62109375 0.53125 0.06304687499999995 0.058437499999999996
0 0.026914062500000002 0.5073307291666667 0.0054166666666666625 0.005286458333333262
0 0.43115885416666666 0.6596744791666667 0.010690104166666714 0.01102864583333337
0 0.7880859375 0.4794921875 0.0364973958333333 0.03588541666666659
0 0.6674869791666667 0.9086979166666667 0.010169270833333263 0.008919270833333215
0 0.6948307291666667 0.6611328125 0.009934895833333476 0.009674479166666602
0 0.7060546875 0.9189453125 0.005364583333333191 0.005716145833333464
0 0.37915364583333333 0.29028645833333333 0.05252604166666671 0.047330729166666696
0 0.7915104166666667 0.6337890625 0.005143229166666726 0.005286458333333262
0 0.9711979166666667 0.16272135416666667 0.008541666666666595 0.008880208333333325
0 0.818359375 0.859375 0.00819010416666662 0.009088541666666691
0 0.9340885416666667 0.47924479166666667 0.0049479166666666075 0.004687500000000029
0 0.38061197916666667 0.6674869791666667 0.016979166666666618 0.016979166666666618
0 0.9321354166666667 0.8374088541666667 0.008736979166666714 0.008919270833333215
0 0.15979166666666667 0.42602864583333333 0.05225260416666666 0.050325520833333304
0 0.6201171875 0.7783203125 0.03656250000000005 0.0341796875
0 0.15576822916666666 0.44580729166666666 0.00997395833333333 0.009414062500000023
0 0.947265625 0.8051822916666667 0.004778645833333428 0.005143229166666726
0 0.7768619791666667 0.9243229166666667 0.04113281249999989 0.03774739583333334
0 0.07287760416666667 0.5083072916666667 0.035494791666666664 0.03760416666666666
0 0.30322916666666666 0.008736979166666665 0.005390624999999982 0.005234374999999999
0 0.37670572916666667 0.958984375 0.007929687500000041 0.00916666666666662
0 0.3095703125 0.9959114583333334 0.014505208333333316 0.008177083333333298
0 0.07489583333333334 0.9487369791666667 0.06756510416666667 0.05759114583333336
0 0.5942447916666667 0.31787760416666666 0.041536458333333304 0.03964843750000002
0 0.7158203125 0.1209765625 0.0892968749999999 0.08404947916666668
0 0.0859375 0.9967447916666666 0.010416666666666666 0.006510416666666667
0 0.0055598958333333325 0.810546875 0.0046875 0.0054166666666667735
0 0.9971354166666666 0.9501953125 0.005729166666666785 0.01102864583333337
0 0.9809635416666667 0.84765625 0.010611979166666785 0.012825520833333215
0 0.7172916666666667 0.24450520833333333 0.03295572916666659 0.02971354166666666
0 0.33520833333333333 0.6665104166666667 0.17785156250000003 0.16589843750000002
0 0.9580078125 0.9892578125 0.04648437500000006 0.02071614583333344
0 0.8525390625 0.9541015625 0.015130208333333192 0.014114583333333227