0 0.4055989583333333 0.4544270833333333 0.014322916666666666 0.013020833333333334
0 0.6549479166666666 0.73046875 0.09114583333333333 0.09114583333333333
0 0.33984375 0.388671875 0.015625 0.014322916666666666
0 0.6458333333333334 0.8880208333333334 0.018229166666666668 0.020833333333333332
0 0.7018229166666666 0.974609375 0.015625 0.016927083333333332
0 0.3014322916666667 0.9270833333333334 0.014322916666666666 0.010416666666666666
0 0.9322916666666666 0.580078125 0.03125 0.02734375
0 0.6673177083333334 0.7565104166666666 0.03515625 0.036458333333333336
0 0.4140625 0.91015625 0.0234375 0.0234375
0 0.6028645833333334 0.9427083333333334 0.013020833333333334 0.013020833333333334
0 0.53125 0.9622395833333334 0.013020833333333334 0.013020833333333334