0 0.21875 0.6282552083333334 0.020833333333333332 0.024739583333333332
0 0.19856770833333334 0.77734375 0.10026041666666667 0.09375
0 0.6451822916666666 0.6217447916666666 0.024739583333333332 0.022135416666666668
0 0.646484375 0.5397135416666666 0.016927083333333332 0.016927083333333332
0 0.8645833333333334 0.7122395833333334 0.015625 0.020833333333333332
0 0.6979166666666666 0.162109375 0.013020833333333334 0.016927083333333332
0 0.900390625 0.2701822916666667 0.014322916666666666 0.014322916666666666
0 0.7180989583333334 0.06770833333333333 0.01171875 0.015625
0 0.48828125 0.14778645833333334 0.013020833333333334 0.014322916666666666
0 0.3567708333333333 0.3515625 0.018229166666666668 0.018229166666666668
0 0.3860677083333333 0.3385416666666667 0.01171875 0.013020833333333334
0 0.927734375 0.5423177083333334 0.01171875 0.014322916666666666
0 0.8483072916666666 0.5846354166666666 0.01171875 0.010416666666666666
0 0.9752604166666666 0.443359375 0.015625 0.014322916666666666
0 0.875 0.5188802083333334 0.010416666666666666 0.01171875
0 0.7063802083333334 0.09244791666666667 0.014322916666666666 0.015625