0 0.3509114583333333 0.060546875 0.045572916666666664 0.05078125
0 0.662109375 0.3932291666666667 0.032552083333333336 0.0390625
0 0.4505208333333333 0.138671875 0.052083333333333336 0.06380208333333333
0 0.2552083333333333 0.69140625 0.026041666666666668 0.026041666666666668
0 0.013020833333333334 0.529296875 0.010416666666666666 0.014322916666666666
0 0.15104166666666666 0.578125 0.013020833333333334 0.0078125
0 0.8704427083333334 0.3658854166666667 0.01953125 0.013020833333333334
0 0.4641927083333333 0.9029947916666666 0.014322916666666666 0.01953125
0 0.6588541666666666 0.8958333333333334 0.013020833333333334 0.015625
0 0.734375 0.744140625 0.22916666666666666 0.23307291666666666
0 0.701171875 0.623046875 0.032552083333333336 0.032552083333333336
0 0.109375 0.7552083333333334 0.018229166666666668 0.015625
0 0.24348958333333334 0.900390625 0.013020833333333334 0.014322916666666666
0 0.4375 0.5520833333333334 0.013020833333333334 0.013020833333333334
0 0.4817708333333333 0.6653645833333334 0.015625 0.013020833333333334