0 0.4680989583333333 0.07682291666666667 0.040364583333333336 0.0390625
0 0.5397135416666666 0.3626302083333333 0.12630208333333334 0.12109375
0 0.70703125 0.10091145833333333 0.052083333333333336 0.045572916666666664
0 0.12044270833333333 0.7044270833333334 0.055989583333333336 0.0546875
0 0.08919270833333333 0.9713541666666666 0.02734375 0.0234375
0 0.95703125 0.91796875 0.036458333333333336 0.0390625
0 0.7819010416666666 0.443359375 0.061197916666666664 0.055989583333333336
0 0.259765625 0.537109375 0.024739583333333332 0.022135416666666668
0 0.2955729166666667 0.4908854166666667 0.0234375 0.0234375
0 0.6354166666666666 0.21940104166666666 0.026041666666666668 0.022135416666666668
0 0.5904947916666666 0.09895833333333333 0.016927083333333332 0.018229166666666668
0 0.5143229166666666 0.138671875 0.026041666666666668 0.02734375
0 0.9798177083333334 0.330078125 0.02734375 0.02734375
0 0.5735677083333334 0.6868489583333334 0.01953125 0.01953125
0 0.80859375 0.10677083333333333 0.028645833333333332 0.026041666666666668
0 0.865234375 0.6126302083333334 0.01953125 0.01953125
0 0.8346354166666666 0.7845052083333334 0.1875 0.20182291666666666
0 0.9622395833333334 0.7350260416666666 0.018229166666666668 0.016927083333333332
0 0.9635416666666666 0.7591145833333334 0.018229166666666668 0.018229166666666668
0 0.1953125 0.15885416666666666 0.018229166666666668 0.015625
0 0.6087239583333334 0.3235677083333333 0.02734375 0.022135416666666668
0 0.12109375 0.318359375 0.015625 0.016927083333333332
0 0.2838541666666667 0.6796875 0.015625 0.015625
0 0.4973958333333333 0.7779947916666666 0.015625 0.016927083333333332
0 0.71875 0.6555989583333334 0.028645833333333332 0.029947916666666668
0 0.7408854166666666 0.28125 0.018229166666666668 0.015625
0 0.36328125 0.8893229166666666 0.018229166666666668 0.018229166666666668
0 0.22200520833333334 0.9921875 0.01953125 0.015625
0 0.337890625 0.9537760416666666 0.01953125 0.01953125
0 0.7122395833333334 0.9817708333333334 0.0546875 0.036458333333333336
0 0.958984375 0.828125 0.08203125 0.11197916666666667
0 0.8990885416666666 0.76953125 0.01953125 0.018229166666666668
0 0.84765625 0.673828125 0.018229166666666668 0.014322916666666666
0 0.83203125 0.9329427083333334 0.010416666666666666 0.01171875
0 0.4348958333333333 0.9713541666666666 0.010416666666666666 0.013020833333333334
0 0.556640625 0.8828125 0.014322916666666666 0.015625