0 0.6946614583333334 0.3072916666666667 0.055989583333333336 0.046875
0 0.087890625 0.064453125 0.01953125 0.022135416666666668
0 0.2721354166666667 0.20768229166666666 0.4505208333333333 0.4127604166666667
0 0.3587239583333333 0.087890625 0.022135416666666668 0.024739583333333332
0 0.4778645833333333 0.2643229166666667 0.020833333333333332 0.026041666666666668
0 0.5553385416666666 0.3411458333333333 0.029947916666666668 0.028645833333333332
0 0.8046875 0.3424479166666667 0.0234375 0.020833333333333332
0 0.3157552083333333 0.810546875 0.12369791666666667 0.11067708333333333
0 0.818359375 0.8522135416666666 0.17057291666666666 0.14453125
0 0.681640625 0.7141927083333334 0.029947916666666668 0.02734375
0 0.6751302083333334 0.5078125 0.022135416666666668 0.020833333333333332
0 0.4134114583333333 0.591796875 0.01953125 0.022135416666666668
0 0.623046875 0.564453125 0.022135416666666668 0.024739583333333332
0 0.036458333333333336 0.4778645833333333 0.020833333333333332 0.020833333333333332
0 0.016276041666666668 0.7623697916666666 0.01953125 0.01953125
0 0.63671875 0.71875 0.0234375 0.0234375
0 0.033854166666666664 0.951171875 0.0234375 0.01953125
0 0.23828125 0.333984375 0.020833333333333332 0.01953125
0 0.220703125 0.9915364583333334 0.037760416666666664 0.016927083333333332
0 0.3951822916666667 0.9876302083333334 0.08463541666666667 0.024739583333333332
0 0.6126302083333334 0.3567708333333333 0.01953125 0.015625
0 0.11458333333333333 0.4934895833333333 0.018229166666666668 0.015625
0 0.1328125 0.5930989583333334 0.018229166666666668 0.014322916666666666
0 0.3216145833333333 0.6119791666666666 0.015625 0.015625
0 0.23111979166666666 0.6393229166666666 0.014322916666666666 0.015625
0 0.4830729166666667 0.6412760416666666 0.015625 0.014322916666666666
0 0.59765625 0.07356770833333333 0.015625 0.014322916666666666
0 0.7213541666666666 0.06380208333333333 0.018229166666666668 0.015625
0 0.7610677083333334 0.033203125 0.016927083333333332 0.016927083333333332
0 0.18424479166666666 0.8782552083333334 0.014322916666666666 0.014322916666666666