0 0.23893229166666666 0.4654947916666667 0.01953125 0.014322916666666666
0 0.75390625 0.7591145833333334 0.03125 0.026041666666666668
0 0.666015625 0.3125 0.014322916666666666 0.018229166666666668
0 0.388671875 0.068359375 0.045572916666666664 0.037760416666666664
0 0.014322916666666666 0.08723958333333333 0.013020833333333334 0.010416666666666666
0 0.4329427083333333 0.89453125 0.016927083333333332 0.015625
0 0.2916666666666667 0.2734375 0.020833333333333332 0.018229166666666668
0 0.4296875 0.2994791666666667 0.015625 0.018229166666666668
0 0.09635416666666667 0.4205729166666667 0.018229166666666668 0.013020833333333334
0 0.7408854166666666 0.17838541666666666 0.018229166666666668 0.015625
0 0.5227864583333334 0.5364583333333334 0.10286458333333333 0.078125
0 0.1953125 0.7571614583333334 0.010416666666666666 0.014322916666666666
0 0.3125 0.5071614583333334 0.010416666666666666 0.009114583333333334
0 0.7213541666666666 0.8815104166666666 0.015625 0.013020833333333334