0 0.244140625 0.22786458333333334 0.02734375 0.026041666666666668
0 0.30078125 0.23372395833333334 0.020833333333333332 0.01953125
0 0.06770833333333333 0.099609375 0.018229166666666668 0.01953125
0 0.548828125 0.01953125 0.024739583333333332 0.0234375
0 0.8802083333333334 0.14388020833333334 0.028645833333333332 0.029947916666666668
0 0.6940104166666666 0.16666666666666666 0.015625 0.015625
0 0.43359375 0.3899739583333333 0.020833333333333332 0.022135416666666668
0 0.5768229166666666 0.2962239583333333 0.028645833333333332 0.029947916666666668
0 0.23567708333333334 0.71484375 0.026041666666666668 0.028645833333333332
0 0.7610677083333334 0.4518229166666667 0.03515625 0.0390625
0 0.9095052083333334 0.3229166666666667 0.037760416666666664 0.036458333333333336
0 0.8802083333333334 0.3938802083333333 0.015625 0.014322916666666666
0 0.7473958333333334 0.5970052083333334 0.015625 0.01953125
0 0.4108072916666667 0.8020833333333334 0.053385416666666664 0.0625
0 0.630859375 0.7356770833333334 0.016927083333333332 0.020833333333333332
0 0.7291666666666666 0.767578125 0.020833333333333332 0.024739583333333332
0 0.8619791666666666 0.6783854166666666 0.018229166666666668 0.026041666666666668
0 0.943359375 0.6328125 0.016927083333333332 0.018229166666666668
0 0.5 0.84765625 0.018229166666666668 0.020833333333333332
0 0.41015625 0.6490885416666666 0.015625 0.014322916666666666
0 0.8098958333333334 0.794921875 0.013020833333333334 0.016927083333333332
0 0.7578125 0.051432291666666664 0.013020833333333334 0.01171875
0 0.7532552083333334 0.9375 0.032552083333333336 0.03125
0 0.8756510416666666 0.8639322916666666 0.01171875 0.014322916666666666
0 0.544921875 0.11197916666666667 0.014322916666666666 0.013020833333333334
0 0.677734375 0.662109375 0.009114583333333334 0.01171875
0 0.7265625 0.5110677083333334 0.013020833333333334 0.014322916666666666
0 0.62109375 0.8678385416666666 0.013020833333333334 0.014322916666666666
0 0.578125 0.7122395833333334 0.013020833333333334 0.013020833333333334
0 0.8704427083333334 0.005859375 0.01953125 0.009114583333333334
0 0.7643229166666666 0.7897135416666666 0.013020833333333334 0.014322916666666666
0 0.8463541666666666 0.4127604166666667 0.010416666666666666 0.013020833333333334
0 0.7591145833333334 0.6204427083333334 0.010416666666666666 0.01171875
0 0.4622395833333333 0.2779947916666667 0.018229166666666668 0.016927083333333332
0 0.66015625 0.935546875 0.010416666666666666 0.014322916666666666
0 0.19075520833333334 0.689453125 0.016927083333333332 0.014322916666666666
0 0.8359375 0.6803385416666666 0.013020833333333334 0.01171875
0 0.501953125 0.578125 0.01171875 0.010416666666666666
0 0.75390625 0.6764322916666666 0.010416666666666666 0.009114583333333334
0 0.18489583333333334 0.818359375 0.010416666666666666 0.009114583333333334
0 0.7161458333333334 0.099609375 0.013020833333333334 0.01171875
0 0.14453125 0.677734375 0.010416666666666666 0.009114583333333334
0 0.79296875 0.9544270833333334 0.010416666666666666 0.010416666666666666
0 0.8216145833333334 0.3483072916666667 0.010416666666666666 0.009114583333333334
0 0.9674479166666666 0.296875 0.0078125 0.010416666666666666
0 0.6865234375 0.65734375 0.00967447916666675 0.011093749999999977
0 0.7919921875 0.9545963541666667 0.008619791666666524 0.009023437500000083
0 0.939453125 0.8369140625 0.013528645833333464 0.014283854166666702
0 0.33813802083333333 0.9360416666666667 0.01122395833333334 0.01192708333333344
0 0.7749088541666667 0.24072916666666666 0.013229166666666773 0.012591145833333353
0 0.7270572916666667 0.5122135416666667 0.010481770833333274 0.010559895833333352
0 0.5454166666666667 0.0517578125 0.011653645833333393 0.011796875000000004
0 0.501953125 0.5766666666666667 0.008854166666666607 0.009440104166666666
0 0.412109375 0.6518619791666667 0.011705729166666679 0.011705729166666679
0 0.716796875 0.0980859375 0.00955729166666656 0.009479166666666669
0 0.19983072916666667 0.830078125 0.00786458333333336 0.008450520833333345
0 0.128046875 0.8442447916666667 0.008046875000000009 0.008893229166666572
0 0.24145833333333333 0.8447265625 0.009401041666666702 0.010195312499999906
0 0.6513671875 0.603515625 0.009296874999999982 0.00916666666666662
0 0.32178385416666666 0.8955078125 0.007981770833333327 0.009270833333333192
0 0.609375 0.5478515625 0.009921875000000005 0.009921875000000005
0 0.9262760416666667 0.6860416666666667 0.009440104166666666 0.009231770833333227
0 0.6494140625 0.5073307291666667 0.008489583333333309 0.008554687500000066
0 0.5473697916666667 0.7143619791666667 0.008177083333333298 0.008776041666666679
0 0.37647135416666666 0.020416666666666666 0.010312499999999947 0.010638020833333336
0 0.24865885416666667 0.7954166666666667 0.007656249999999994 0.009023437500000083
0 0.9409244791666667 0.5810546875 0.010638020833333428 0.009921875000000005
0 0.3828125 0.8852604166666667 0.008398437500000059 0.009843749999999929
0 0.537109375 0.102109375 0.009375000000000059 0.008984375000000008
0 0.16515625 0.919921875 0.009739583333333338 0.011614583333333428
0 0.8090885416666667 0.53515625 0.008815104166666643 0.00927083333333334
0 0.7158203125 0.9536197916666667 0.008138020833333334 0.008528645833333274
0 0.13403645833333333 0.056979166666666664 0.010677083333333318 0.010559895833333333
0 0.92578125 0.41748697916666666 0.008268229166666549 0.00829427083333334
0 0.9672916666666667 0.4248046875 0.00858072916666656 0.008489583333333309
0 0.9155338541666667 0.6782291666666667 0.007981770833333476 0.007864583333333286
0 0.39014322916666666 0.09447916666666667 0.008398437500000059 0.008528645833333348
0 0.794921875 0.9116276041666667 0.0073697916666667735 0.008138020833333334
0 0.9521484375 0.5849609375 0.008177083333333298 0.008229166666666732
0 0.927734375 0.9360416666666667 0.008684895833333428 0.009661458333333428
0 0.9799869791666667 0.5717838541666667 0.009335937500000094 0.009596354166666673
0 0.798828125 0.87890625 0.007539062499999953 0.008229166666666584
0 0.88671875 0.697265625 0.0073958333333334165 0.0077473958333333925
0 0.25244791666666666 0.048671875 0.010039062499999973 0.009700520833333337
0 0.02779947916666667 0.8051822916666667 0.008072916666666671 0.009401041666666702
0 0.3056640625 0.69921875 0.008424479166666702 0.008684895833333428
0 0.9973958333333334 0.69921875 0.005208333333333333 0.009726562500000036
0 0.090390625 0.1167578125 0.012682291666666679 0.013958333333333331