0 0.943359375 0.14127604166666666 0.014322916666666666 0.016927083333333332
0 0.80078125 0.23567708333333334 0.036458333333333336 0.0390625
0 0.7890625 0.3333333333333333 0.033854166666666664 0.036458333333333336
0 0.6555989583333334 0.13606770833333334 0.022135416666666668 0.01953125
0 0.6985677083333334 0.006510416666666667 0.01953125 0.010416666666666666
0 0.6380208333333334 0.41796875 0.03125 0.026041666666666668
0 0.11328125 0.3033854166666667 0.0390625 0.041666666666666664
0 0.2109375 0.037760416666666664 0.0234375 0.018229166666666668
0 0.3522135416666667 0.5390625 0.03515625 0.033854166666666664
0 0.560546875 0.193359375 0.016927083333333332 0.01953125
0 0.6354166666666666 0.6692708333333334 0.041666666666666664 0.033854166666666664
0 0.982421875 0.6985677083333334 0.032552083333333336 0.053385416666666664
0 0.8828125 0.7799479166666666 0.10677083333333333 0.09635416666666667
0 0.8014322916666666 0.900390625 0.016927083333333332 0.01171875
0 0.51953125 0.7962239583333334 0.026041666666666668 0.024739583333333332
0 0.736328125 0.6666666666666666 0.022135416666666668 0.026041666666666668
0 0.22395833333333334 0.8736979166666666 0.0390625 0.052083333333333336
0 0.4811197916666667 0.9231770833333334 0.032552083333333336 0.033854166666666664
0 0.5494791666666666 0.8463541666666666 0.013020833333333334 0.015625
0 0.119140625 0.5970052083333334 0.040364583333333336 0.032552083333333336
0 0.01953125 0.8899739583333334 0.015625 0.01953125
0 0.036458333333333336 0.5045572916666666 0.015625 0.016927083333333332
0 0.5690104166666666 0.14778645833333334 0.013020833333333334 0.006510416666666667
0 0.6796875 0.255859375 0.013020833333333334 0.014322916666666666
0 0.3385416666666667 0.8606770833333334 0.0234375 0.020833333333333332
0 0.3763020833333333 0.7994791666666666 0.015625 0.015625
0 0.5078125 0.8502604166666666 0.0625 0.06770833333333333
0 0.568359375 0.6790364583333334 0.06640625 0.07421875
0 0.515625 0.7154947916666666 0.036458333333333336 0.037760416666666664
0 0.3450520833333333 0.06966145833333333 0.013020833333333334 0.014322916666666666