0 0.8274739583333334 0.8990885416666666 0.01953125 0.01953125
0 0.8984375 0.7037760416666666 0.0234375 0.01953125
0 0.15494791666666666 0.244140625 0.08072916666666667 0.08203125
0 0.2109375 0.23111979166666666 0.0234375 0.024739583333333332
0 0.9095052083333334 0.4654947916666667 0.024739583333333332 0.02734375
0 0.9772135416666666 0.4329427083333333 0.032552083333333336 0.05078125
0 0.23177083333333334 0.783203125 0.018229166666666668 0.01171875
0 0.11067708333333333 0.4283854166666667 0.015625 0.013020833333333334
0 0.6106770833333334 0.3958333333333333 0.013020833333333334 0.015625
0 0.98046875 0.009114583333333334 0.026041666666666668 0.018229166666666668
0 0.6809895833333334 0.3255208333333333 0.01953125 0.018229166666666668
0 0.48046875 0.744140625 0.018229166666666668 0.018229166666666668
0 0.4420572916666667 0.2981770833333333 0.01953125 0.018229166666666668
0 0.595703125 0.171875 0.01171875 0.01171875
0 0.3046875 0.359375 0.01171875 0.013020833333333334
0 0.15690104166666666 0.728515625 0.01171875 0.01171875
0 0.6888020833333334 0.8671875 0.009114583333333334 0.009114583333333334
0 0.3138020833333333 0.095703125 0.010416666666666666 0.010416666666666666
0 0.5084635416666666 0.66015625 0.009114583333333334 0.0078125
0 0.4427083333333333 0.517578125 0.009114583333333334 0.009114583333333334
0 0.3932291666666667 0.7682291666666666 0.010416666666666666 0.010416666666666666
0 0.4921875 0.8763020833333334 0.009114583333333334 0.009114583333333334
0 0.2734375 0.7727864583333334 0.010416666666666666 0.010416666666666666
0 0.4446614583333333 0.9420572916666666 0.009114583333333334 0.009114583333333334
0 0.7740885416666666 0.4114583333333333 0.010416666666666666 0.009114583333333334