0 0.48046875 0.12630208333333334 0.028645833333333332 0.033854166666666664
0 0.3704427083333333 0.11263020833333333 0.014322916666666666 0.016927083333333332
0 0.3079427083333333 0.10091145833333333 0.02734375 0.02734375
0 0.359375 0.3782552083333333 0.018229166666666668 0.01953125
0 0.16861979166666666 0.212890625 0.014322916666666666 0.01171875
0 0.107421875 0.287109375 0.040364583333333336 0.037760416666666664
0 0.11979166666666667 0.10286458333333333 0.033854166666666664 0.0390625
0 0.15559895833333334 0.67578125 0.05859375 0.0625
0 0.032552083333333336 0.2923177083333333 0.028645833333333332 0.024739583333333332
0 0.009765625 0.5299479166666666 0.016927083333333332 0.018229166666666668
0 0.0546875 0.1953125 0.07291666666666667 0.078125
0 0.0078125 0.23372395833333334 0.010416666666666666 0.016927083333333332
0 0.9850260416666666 0.7994791666666666 0.016927083333333332 0.015625
0 0.11653645833333333 0.059895833333333336 0.01171875 0.013020833333333334
0 0.8678385416666666 0.9811197916666666 0.018229166666666668 0.01953125
0 0.16927083333333334 0.21223958333333334 0.010416666666666666 0.010416666666666666
0 0.16861979166666666 0.2805989583333333 0.009114583333333334 0.009114583333333334