0 0.21744791666666666 0.611328125 0.036458333333333336 0.029947916666666668
0 0.6920572916666666 0.9505208333333334 0.14453125 0.09635416666666667
0 0.7109375 0.9654947916666666 0.020833333333333332 0.024739583333333332
0 0.2545572916666667 0.4954427083333333 0.21484375 0.20182291666666666
0 0.474609375 0.689453125 0.03515625 0.032552083333333336
0 0.18098958333333334 0.7109375 0.020833333333333332 0.015625
0 0.06966145833333333 0.564453125 0.02734375 0.024739583333333332
0 0.23372395833333334 0.296875 0.040364583333333336 0.0390625
0 0.5123697916666666 0.33984375 0.02734375 0.03125
0 0.5013020833333334 0.2552083333333333 0.018229166666666668 0.018229166666666668
0 0.6341145833333334 0.298828125 0.0234375 0.029947916666666668
0 0.623046875 0.5625 0.037760416666666664 0.028645833333333332
0 0.64453125 0.5279947916666666 0.015625 0.016927083333333332
0 0.3548177083333333 0.7220052083333334 0.01953125 0.016927083333333332
0 0.3118489583333333 0.24869791666666666 0.01953125 0.015625
0 0.8671875 0.19791666666666666 0.026041666666666668 0.028645833333333332
0 0.5579427083333334 0.08463541666666667 0.024739583333333332 0.020833333333333332
0 0.611328125 0.09375 0.016927083333333332 0.0234375
0 0.8326822916666666 0.15755208333333334 0.022135416666666668 0.018229166666666668
0 0.9635416666666666 0.435546875 0.015625 0.016927083333333332
0 0.09830729166666667 0.150390625 0.01953125 0.01953125
0 0.5690104166666666 0.8079427083333334 0.015625 0.01953125
0 0.9186197916666666 0.185546875 0.01171875 0.014322916666666666
0 0.9368489583333334 0.055989583333333336 0.022135416666666668 0.013020833333333334
0 0.20377604166666666 0.7819010416666666 0.01171875 0.014322916666666666
0 0.9244791666666666 0.9915364583333334 0.0390625 0.014322916666666666
0 0.94921875 0.2610677083333333 0.013020833333333334 0.01171875
0 0.9537760416666666 0.13020833333333334 0.014322916666666666 0.013020833333333334
0 0.5455729166666666 0.673828125 0.013020833333333334 0.014322916666666666
0 0.58984375 0.7447916666666666 0.013020833333333334 0.013020833333333334
0 0.3014322916666667 0.07877604166666667 0.014322916666666666 0.01171875
0 0.22265625 0.888671875 0.013020833333333334 0.014322916666666666
0 0.078125 0.8580729166666666 0.013020833333333334 0.013020833333333334
0 0.09635416666666667 0.83203125 0.013020833333333334 0.013020833333333334
0 0.099609375 0.6822916666666666 0.01171875 0.013020833333333334