0 0.33984375 0.3984375 0.028645833333333332 0.033854166666666664
0 0.072265625 0.3854166666666667 0.037760416666666664 0.033854166666666664
0 0.056640625 0.2565104166666667 0.06901041666666667 0.06770833333333333
0 0.12369791666666667 0.040364583333333336 0.026041666666666668 0.020833333333333332
0 0.011067708333333334 0.15755208333333334 0.016927083333333332 0.018229166666666668
0 0.6393229166666666 0.228515625 0.036458333333333336 0.032552083333333336
0 0.4934895833333333 0.408203125 0.018229166666666668 0.014322916666666666
0 0.5950520833333334 0.41796875 0.020833333333333332 0.018229166666666668
0 0.5436197916666666 0.54296875 0.032552083333333336 0.028645833333333332
0 0.5481770833333334 0.650390625 0.049479166666666664 0.03515625
0 0.13736979166666666 0.7747395833333334 0.03515625 0.036458333333333336
0 0.5611979166666666 0.7688802083333334 0.0234375 0.01953125
0 0.16276041666666666 0.943359375 0.0390625 0.04296875
0 0.3854166666666667 0.86328125 0.0234375 0.026041666666666668
0 0.8645833333333334 0.8294270833333334 0.059895833333333336 0.041666666666666664
0 0.591796875 0.6373697916666666 0.01953125 0.016927083333333332
0 0.6015625 0.1640625 0.020833333333333332 0.018229166666666668
0 0.904296875 0.18033854166666666 0.01953125 0.01953125
0 0.287109375 0.10026041666666667 0.15494791666666666 0.1328125
0 0.6217447916666666 0.455078125 0.01953125 0.022135416666666668
0 0.8951822916666666 0.017578125 0.01953125 0.014322916666666666
0 0.74609375 0.9694010416666666 0.026041666666666668 0.024739583333333332
0 0.6966145833333334 0.296875 0.026041666666666668 0.026041666666666668
0 0.431640625 0.23046875 0.014322916666666666 0.015625
0 0.408203125 0.9069010416666666 0.014322916666666666 0.014322916666666666
0 0.11393229166666667 0.055989583333333336 0.014322916666666666 0.013020833333333334
0 0.0859375 0.2955729166666667 0.015625 0.015625
0 0.033203125 0.8736979166666666 0.04296875 0.036458333333333336
0 0.033854166666666664 0.8170572916666666 0.06510416666666667 0.06380208333333333
0 0.619140625 0.3736979166666667 0.016927083333333332 0.015625
0 0.7994791666666666 0.21614583333333334 0.013020833333333334 0.013020833333333334
0 0.982421875 0.08658854166666667 0.03515625 0.06640625