0 0.9309895833333334 0.4817708333333333 0.0390625 0.0390625
0 0.806640625 0.20247395833333334 0.037760416666666664 0.037760416666666664
0 0.9615885416666666 0.244140625 0.029947916666666668 0.032552083333333336
0 0.9075520833333334 0.06966145833333333 0.033854166666666664 0.04296875
0 0.7545572916666666 0.15755208333333334 0.024739583333333332 0.0234375
0 0.8984375 0.412109375 0.018229166666666668 0.016927083333333332
0 0.6360677083333334 0.53125 0.022135416666666668 0.020833333333333332
0 0.6966145833333334 0.4036458333333333 0.018229166666666668 0.0234375
0 0.3600260416666667 0.546875 0.048177083333333336 0.059895833333333336
0 0.3873697916666667 0.7083333333333334 0.01953125 0.020833333333333332
0 0.2565104166666667 0.390625 0.033854166666666664 0.0390625
0 0.14322916666666666 0.3092447916666667 0.16927083333333334 0.16276041666666666
0 0.17578125 0.5078125 0.026041666666666668 0.026041666666666668
0 0.18880208333333334 0.5826822916666666 0.013020833333333334 0.01953125
0 0.12369791666666667 0.556640625 0.0390625 0.045572916666666664
0 0.24869791666666666 0.7298177083333334 0.015625 0.014322916666666666
0 0.6204427083333334 0.7571614583333334 0.01953125 0.014322916666666666
0 0.8411458333333334 0.9837239583333334 0.0234375 0.024739583333333332
0 0.0546875 0.8404947916666666 0.020833333333333332 0.024739583333333332
0 0.3815104166666667 0.3834635416666667 0.018229166666666668 0.024739583333333332
0 0.6744791666666666 0.9134114583333334 0.026041666666666668 0.02734375
0 0.607421875 0.8216145833333334 0.014322916666666666 0.018229166666666668
0 0.6354166666666666 0.8072916666666666 0.013020833333333334 0.013020833333333334
0 0.6484375 0.8580729166666666 0.010416666666666666 0.013020833333333334
0 0.22981770833333334 0.010416666666666666 0.01953125 0.018229166666666668