0 0.408203125 0.3359375 0.07682291666666667 0.0703125
0 0.8170572916666666 0.039713541666666664 0.09244791666666667 0.07682291666666667
0 0.544921875 0.09440104166666667 0.024739583333333332 0.01953125
0 0.7135416666666666 0.4765625 0.026041666666666668 0.020833333333333332
0 0.7376302083333334 0.2884114583333333 0.022135416666666668 0.016927083333333332
0 0.29296875 0.8782552083333334 0.10416666666666667 0.10286458333333333
0 0.1953125 0.7571614583333334 0.0390625 0.03515625
0 0.19010416666666666 0.791015625 0.041666666666666664 0.032552083333333336
0 0.8541666666666666 0.935546875 0.041666666666666664 0.03515625
0 0.6595052083333334 0.3001302083333333 0.009114583333333334 0.014322916666666666
0 0.896484375 0.14388020833333334 0.016927083333333332 0.014322916666666666
0 0.5696614583333334 0.020182291666666668 0.08463541666666667 0.037760416666666664
0 0.3658854166666667 0.095703125 0.015625 0.016927083333333332
0 0.029296875 0.24739583333333334 0.01953125 0.026041666666666668
0 0.2890625 0.4654947916666667 0.020833333333333332 0.01953125
0 0.921875 0.7486979166666666 0.020833333333333332 0.013020833333333334
0 0.615234375 0.8776041666666666 0.016927083333333332 0.015625
0 0.404296875 0.2552083333333333 0.01953125 0.0234375