0 0.6243489583333334 0.22916666666666666 0.037760416666666664 0.03125
0 0.8118489583333334 0.14388020833333334 0.029947916666666668 0.02734375
0 0.83203125 0.15690104166666666 0.010416666666666666 0.01171875
0 0.8658854166666666 0.3053385416666667 0.020833333333333332 0.016927083333333332
0 0.53125 0.2819010416666667 0.013020833333333334 0.01171875
0 0.5416666666666666 0.29296875 0.018229166666666668 0.018229166666666668
0 0.14713541666666666 0.6139322916666666 0.0234375 0.022135416666666668
0 0.12369791666666667 0.63671875 0.010416666666666666 0.013020833333333334
0 0.6881510416666666 0.837890625 0.05078125 0.048177083333333336
0 0.7838541666666666 0.8561197916666666 0.0234375 0.022135416666666668
0 0.23177083333333334 0.7233072916666666 0.015625 0.014322916666666666
0 0.4296875 0.18098958333333334 0.013020833333333334 0.010416666666666666
0 0.677734375 0.2819010416666667 0.032552083333333336 0.03515625
0 0.7734375 0.298828125 0.046875 0.040364583333333336
0 0.7630208333333334 0.23046875 0.078125 0.07291666666666667
0 0.37109375 0.642578125 0.013020833333333334 0.014322916666666666
0 0.6087239583333334 0.6158854166666666 0.01953125 0.015625
0 0.6471354166666666 0.4518229166666667 0.059895833333333336 0.0546875
0 0.4283854166666667 0.4479166666666667 0.125 0.109375
0 0.33984375 0.7740885416666666 0.010416666666666666 0.009114583333333334
0 0.5162760416666666 0.21940104166666666 0.01171875 0.016927083333333332
0 0.6380208333333334 0.2994791666666667 0.013020833333333334 0.013020833333333334
0 0.2584635416666667 0.33203125 0.01171875 0.013020833333333334
0 0.8190104166666666 0.771484375 0.010416666666666666 0.009114583333333334
0 0.642578125 0.7493489583333334 0.009114583333333334 0.01171875
0 0.7532552083333334 0.529296875 0.01171875 0.009114583333333334
0 0.892578125 0.5338541666666666 0.01171875 0.013020833333333334
0 0.006510416666666667 0.7278645833333334 0.010416666666666666 0.010416666666666666
0 0.9602864583333334 0.056640625 0.010416666666666666 0.009114583333333334
0 0.6744791666666666 0.72265625 0.0234375 0.020833333333333332
0 0.5546875 0.87109375 0.018229166666666668 0.016927083333333332
0 0.07486979166666667 0.2799479166666667 0.01171875 0.010416666666666666
0 0.057942708333333336 0.3359375 0.010416666666666666 0.009114583333333334
0 0.23763020833333334 0.3190104166666667 0.01171875 0.010416666666666666
0 0.3515625 0.14388020833333334 0.010416666666666666 0.010416666666666666
0 0.8828125 0.689453125 0.009114583333333334 0.009114583333333334
0 0.8450520833333334 0.146484375 0.01171875 0.010416666666666666
0 0.22135416666666666 0.45703125 0.009114583333333334 0.0078125
0 0.3743489583333333 0.10221354166666667 0.013020833333333334 0.01171875
0 0.103515625 0.4986979166666667 0.009114583333333334 0.0078125
0 0.513671875 0.8151041666666666 0.0078125 0.0078125
0 0.310546875 0.9127604166666666 0.0078125 0.0078125
0 0.23567708333333334 0.27734375 0.0078125 0.0078125
0 0.490234375 0.7864583333333334 0.0078125 0.0078125
0 0.3483072916666667 0.333984375 0.0078125 0.0078125
0 0.7467447916666666 0.423828125 0.0078125 0.0078125
0 0.07486979166666667 0.3600260416666667 0.0078125 0.0078125
0 0.8958333333333334 0.45703125 0.0078125 0.0078125
0 0.640625 0.5345052083333334 0.009114583333333334 0.009114583333333334