0 0.427734375 0.408203125 0.029947916666666668 0.022135416666666668
0 0.146484375 0.583984375 0.029947916666666668 0.022135416666666668
0 0.2578125 0.521484375 0.041666666666666664 0.032552083333333336
0 0.294921875 0.8997395833333334 0.09244791666666667 0.08333333333333333
0 0.035807291666666664 0.9466145833333334 0.01953125 0.0234375
0 0.7486979166666666 0.25390625 0.06510416666666667 0.049479166666666664
0 0.8743489583333334 0.10026041666666667 0.024739583333333332 0.028645833333333332
0 0.9186197916666666 0.029296875 0.022135416666666668 0.022135416666666668
0 0.9114583333333334 0.150390625 0.09114583333333333 0.08463541666666667
0 0.6640625 0.6712239583333334 0.026041666666666668 0.01953125
0 0.7239583333333334 0.6490885416666666 0.3098958333333333 0.2721354166666667
0 0.9192708333333334 0.7005208333333334 0.14583333333333334 0.13020833333333334
0 0.7434895833333334 0.8248697916666666 0.0234375 0.024739583333333332
0 0.80859375 0.86328125 0.1015625 0.078125
0 0.022786458333333332 0.8763020833333334 0.032552083333333336 0.026041666666666668
0 0.14322916666666666 0.07877604166666667 0.026041666666666668 0.01953125
0 0.6002604166666666 0.212890625 0.23177083333333334 0.20703125
0 0.94140625 0.333984375 0.059895833333333336 0.05859375
0 0.431640625 0.5475260416666666 0.016927083333333332 0.016927083333333332
0 0.7994791666666666 0.4986979166666667 0.018229166666666668 0.018229166666666668
0 0.6647135416666666 0.3359375 0.016927083333333332 0.015625
0 0.030598958333333332 0.07291666666666667 0.01953125 0.018229166666666668
0 0.099609375 0.5533854166666666 0.016927083333333332 0.015625
0 0.85546875 0.3014322916666667 0.015625 0.014322916666666666
0 0.3391927083333333 0.08919270833333333 0.3736979166666667 0.17578125
0 0.14908854166666666 0.9876302083333334 0.05078125 0.024739583333333332
0 0.6731770833333334 0.783203125 0.026041666666666668 0.022135416666666668