0 0.053385416666666664 0.4270833333333333 0.052083333333333336 0.049479166666666664
0 0.4244791666666667 0.890625 0.1953125 0.1875
0 0.5162760416666666 0.953125 0.02734375 0.026041666666666668
0 0.6510416666666666 0.6959635416666666 0.0234375 0.01953125
0 0.6328125 0.7649739583333334 0.0234375 0.022135416666666668
0 0.7083333333333334 0.9830729166666666 0.018229166666666668 0.018229166666666668
0 0.8294270833333334 0.9283854166666666 0.018229166666666668 0.015625
0 0.8619791666666666 0.8860677083333334 0.015625 0.016927083333333332
0 0.9309895833333334 0.8580729166666666 0.0234375 0.018229166666666668
0 0.7669270833333334 0.6243489583333334 0.020833333333333332 0.01953125
0 0.7571614583333334 0.55078125 0.014322916666666666 0.015625
0 0.9505208333333334 0.4733072916666667 0.0234375 0.022135416666666668
0 0.6223958333333334 0.055989583333333336 0.0546875 0.049479166666666664
0 0.3756510416666667 0.521484375 0.01953125 0.016927083333333332
0 0.14778645833333334 0.341796875 0.01953125 0.016927083333333332
0 0.20963541666666666 0.14192708333333334 0.0390625 0.033854166666666664
0 0.2565104166666667 0.724609375 0.015625 0.014322916666666666
0 0.17057291666666666 0.8216145833333334 0.013020833333333334 0.013020833333333334
0 0.5130208333333334 0.036458333333333336 0.046875 0.049479166666666664
0 0.8723958333333334 0.16666666666666666 0.015625 0.010416666666666666
0 0.5709635416666666 0.22200520833333334 0.01953125 0.022135416666666668
0 0.556640625 0.2740885416666667 0.016927083333333332 0.014322916666666666
0 0.875 0.20638020833333334 0.013020833333333334 0.014322916666666666
0 0.98828125 0.109375 0.0078125 0.018229166666666668
0 0.9231770833333334 0.009114583333333334 0.018229166666666668 0.013020833333333334
0 0.2864583333333333 0.4778645833333333 0.015625 0.013020833333333334
0 0.008463541666666666 0.3795572916666667 0.01171875 0.01171875