0 0.4348958333333333 0.130859375 0.046875 0.045572916666666664
0 0.10611979166666667 0.0234375 0.037760416666666664 0.028645833333333332
0 0.059895833333333336 0.3229166666666667 0.028645833333333332 0.026041666666666668
0 0.014322916666666666 0.3736979166666667 0.026041666666666668 0.0234375
0 0.2506510416666667 0.234375 0.022135416666666668 0.018229166666666668
0 0.3483072916666667 0.185546875 0.01953125 0.014322916666666666
0 0.3001302083333333 0.2994791666666667 0.01953125 0.020833333333333332
0 0.38671875 0.6100260416666666 0.026041666666666668 0.02734375
0 0.3704427083333333 0.6647135416666666 0.024739583333333332 0.022135416666666668
0 0.1171875 0.615234375 0.020833333333333332 0.016927083333333332
0 0.099609375 0.6692708333333334 0.022135416666666668 0.0234375
0 0.24544270833333334 0.8404947916666666 0.37109375 0.3190104166666667
0 0.19205729166666666 0.8203125 0.01953125 0.018229166666666668
0 0.90625 0.8470052083333334 0.041666666666666664 0.045572916666666664
0 0.8912760416666666 0.7115885416666666 0.01953125 0.016927083333333332
0 0.603515625 0.96875 0.032552083333333336 0.028645833333333332
0 0.7845052083333334 0.9192708333333334 0.01953125 0.018229166666666668
0 0.7838541666666666 0.943359375 0.020833333333333332 0.016927083333333332
0 0.7376302083333334 0.5865885416666666 0.024739583333333332 0.01953125
0 0.623046875 0.6256510416666666 0.01953125 0.01953125
0 0.6985677083333334 0.46484375 0.061197916666666664 0.049479166666666664
0 0.6516927083333334 0.3743489583333333 0.01953125 0.016927083333333332
0 0.8606770833333334 0.171875 0.15885416666666666 0.140625
0 0.5247395833333334 0.25390625 0.018229166666666668 0.018229166666666668
0 0.8665364583333334 0.4322916666666667 0.2669270833333333 0.3854166666666667
0 0.2838541666666667 0.4700520833333333 0.018229166666666668 0.015625
0 0.026692708333333332 0.5279947916666666 0.01953125 0.016927083333333332
0 0.49609375 0.8776041666666666 0.020833333333333332 0.020833333333333332
0 0.55859375 0.953125 0.018229166666666668 0.015625
0 0.2877604166666667 0.3059895833333333 0.020833333333333332 0.018229166666666668
0 0.6048177083333334 0.2805989583333333 0.014322916666666666 0.014322916666666666
0 0.396484375 0.3671875 0.014322916666666666 0.013020833333333334
0 0.462890625 0.3580729166666667 0.01171875 0.013020833333333334
0 0.4733072916666667 0.3834635416666667 0.014322916666666666 0.014322916666666666
0 0.751953125 0.265625 0.016927083333333332 0.015625
0 0.24283854166666666 0.9537760416666666 0.01171875 0.01171875
0 0.09049479166666667 0.9459635416666666 0.014322916666666666 0.014322916666666666
0 0.23502604166666666 0.70703125 0.01171875 0.010416666666666666
0 0.935546875 0.13671875 0.016927083333333332 0.018229166666666668