0 0.07552083333333333 0.4479166666666667 0.03125 0.03125
0 0.10091145833333333 0.07291666666666667 0.045572916666666664 0.0390625
0 0.18619791666666666 0.033854166666666664 0.03125 0.026041666666666668
0 0.2708333333333333 0.3157552083333333 0.044270833333333336 0.03515625
0 0.4036458333333333 0.427734375 0.0390625 0.045572916666666664
0 0.2682291666666667 0.6139322916666666 0.0234375 0.024739583333333332
0 0.3684895833333333 0.5032552083333334 0.0078125 0.014322916666666666
0 0.37890625 0.5384114583333334 0.0234375 0.01953125
0 0.62109375 0.7890625 0.052083333333333336 0.052083333333333336
0 0.61328125 0.8834635416666666 0.0625 0.032552083333333336
0 0.13671875 0.18880208333333334 0.026041666666666668 0.028645833333333332
0 0.21940104166666666 0.236328125 0.022135416666666668 0.014322916666666666
0 0.5299479166666666 0.12565104166666666 0.013020833333333334 0.01171875
0 0.833984375 0.027994791666666668 0.024739583333333332 0.024739583333333332
0 0.7565104166666666 0.030598958333333332 0.015625 0.01953125
0 0.9055989583333334 0.6263020833333334 0.040364583333333336 0.0390625
0 0.8561197916666666 0.671875 0.032552083333333336 0.026041666666666668
0 0.7102864583333334 0.2591145833333333 0.014322916666666666 0.020833333333333332
0 0.720703125 0.5110677083333334 0.01953125 0.022135416666666668
0 0.7923177083333334 0.099609375 0.016927083333333332 0.01171875
0 0.4466145833333333 0.17447916666666666 0.0078125 0.0078125
0 0.173828125 0.939453125 0.022135416666666668 0.01953125
0 0.205078125 0.8723958333333334 0.01953125 0.015625
0 0.10416666666666667 0.3463541666666667 0.013020833333333334 0.013020833333333334
0 0.287109375 0.10416666666666667 0.014322916666666666 0.010416666666666666
0 0.9016927083333334 0.7766927083333334 0.045572916666666664 0.040364583333333336
0 0.1171875 0.953125 0.013020833333333334 0.013020833333333334
0 0.56640625 0.28125 0.013020833333333334 0.013020833333333334
0 0.5364583333333334 0.3209635416666667 0.013020833333333334 0.01171875
0 0.7486979166666666 0.7649739583333334 0.013020833333333334 0.016927083333333332
0 0.6731770833333334 0.8984375 0.013020833333333334 0.010416666666666666
0 0.3138020833333333 0.3151041666666667 0.0234375 0.0234375
0 0.2916666666666667 0.3645833333333333 0.015625 0.013020833333333334
0 0.23697916666666666 0.3372395833333333 0.013020833333333334 0.013020833333333334
0 0.6796875 0.6354166666666666 0.013020833333333334 0.013020833333333334
0 0.9173177083333334 0.72265625 0.01953125 0.0234375
0 0.8841145833333334 0.6764322916666666 0.015625 0.016927083333333332
0 0.8235677083333334 0.701171875 0.014322916666666666 0.01171875
0 0.75 0.69140625 0.013020833333333334 0.010416666666666666
0 0.88671875 0.09505208333333333 0.015625 0.015625
0 0.7858072916666666 0.0859375 0.016927083333333332 0.013020833333333334
0 0.474609375 0.09114583333333333 0.014322916666666666 0.013020833333333334
0 0.275390625 0.7858072916666666 0.016927083333333332 0.016927083333333332
0 0.3385416666666667 0.966796875 0.015625 0.01171875
0 0.880859375 0.3821614583333333 0.032552083333333336 0.024739583333333332