0 0.8444010416666666 0.22721354166666666 0.016927083333333332 0.016927083333333332
0 0.8502604166666666 0.14583333333333334 0.015625 0.013020833333333334
0 0.826171875 0.3111979166666667 0.01171875 0.013020833333333334
0 0.9739583333333334 0.6119791666666666 0.013020833333333334 0.013020833333333334
0 0.9186197916666666 0.9036458333333334 0.022135416666666668 0.020833333333333332
0 0.7044270833333334 0.9674479166666666 0.018229166666666668 0.018229166666666668
0 0.8697916666666666 0.947265625 0.013020833333333334 0.014322916666666666
0 0.9069010416666666 0.9596354166666666 0.014322916666666666 0.015625
0 0.8860677083333334 0.3352864583333333 0.01953125 0.01953125
0 0.888671875 0.587890625 0.014322916666666666 0.014322916666666666
0 0.9973958333333334 0.4401041666666667 0.005208333333333333 0.020833333333333332
0 0.8893229166666666 0.21354166666666666 0.0390625 0.041666666666666664
0 0.8795572916666666 0.2649739583333333 0.03515625 0.03515625
0 0.22330729166666666 0.8040364583333334 0.040364583333333336 0.040364583333333336
0 0.046223958333333336 0.19270833333333334 0.037760416666666664 0.033854166666666664
0 0.015625 0.7897135416666666 0.0234375 0.032552083333333336
0 0.8450520833333334 0.61328125 0.013020833333333334 0.013020833333333334
0 0.3893229166666667 0.8834635416666666 0.015625 0.016927083333333332
0 0.8489583333333334 0.1484375 0.014322916666666666 0.014322916666666666
0 0.040364583333333336 0.7180989583333334 0.015625 0.014322916666666666
0 0.8411458333333334 0.3092447916666667 0.014322916666666666 0.014322916666666666
0 0.9954427083333334 0.44140625 0.009114583333333334 0.010416666666666666
0 0.8444010416666666 0.6139322916666666 0.009114583333333334 0.010416666666666666
0 0.865234375 0.9485677083333334 0.01171875 0.013020833333333334