0 0.14908854166666666 0.9791666666666666 0.10807291666666667 0.041666666666666664
0 0.525390625 0.634765625 0.21223958333333334 0.17708333333333334
0 0.3626302083333333 0.5950520833333334 0.10677083333333333 0.09765625
0 0.20703125 0.40234375 0.0703125 0.07421875
0 0.19075520833333334 0.341796875 0.07291666666666667 0.0625
0 0.9296875 0.3092447916666667 0.09244791666666667 0.08984375
0 0.10221354166666667 0.09830729166666667 0.07552083333333333 0.07682291666666667
0 0.3372395833333333 0.22135416666666666 0.055989583333333336 0.059895833333333336
0 0.8404947916666666 0.7838541666666666 0.041666666666666664 0.046875
0 0.2838541666666667 0.2805989583333333 0.036458333333333336 0.036458333333333336
0 0.2975260416666667 0.15104166666666666 0.052083333333333336 0.044270833333333336
0 0.5169270833333334 0.12434895833333333 0.036458333333333336 0.0390625
0 0.6315104166666666 0.21549479166666666 0.03515625 0.0390625
0 0.6907552083333334 0.19205729166666666 0.037760416666666664 0.037760416666666664
0 0.955078125 0.6302083333333334 0.029947916666666668 0.032552083333333336
0 0.013020833333333334 0.4264322916666667 0.026041666666666668 0.03515625
0 0.16145833333333334 0.13346354166666666 0.03125 0.036458333333333336
0 0.2571614583333333 0.10481770833333333 0.037760416666666664 0.037760416666666664
0 0.853515625 0.23177083333333334 0.029947916666666668 0.03125
0 0.5833333333333334 0.2708333333333333 0.022135416666666668 0.024739583333333332
0 0.744140625 0.806640625 0.029947916666666668 0.03515625
0 0.791015625 0.0032552083333333335 0.029947916666666668 0.006510416666666667
0 0.3723958333333333 0.341796875 0.024739583333333332 0.02734375
0 0.14322916666666666 0.2643229166666667 0.020833333333333332 0.0234375
0 0.5494791666666666 0.3372395833333333 0.020833333333333332 0.026041666666666668
0 0.4446614583333333 0.20768229166666666 0.02734375 0.020833333333333332
0 0.435546875 0.22981770833333334 0.026041666666666668 0.026041666666666668
0 0.064453125 0.3287760416666667 0.029947916666666668 0.026041666666666668
0 0.5279947916666666 0.8776041666666666 0.018229166666666668 0.028645833333333332
0 0.5475260416666666 0.7942708333333334 0.024739583333333332 0.032552083333333336
0 0.916015625 0.4609375 0.05859375 0.05859375
0 0.853515625 0.7044270833333334 0.09635416666666667 0.10677083333333333
0 0.7662760416666666 0.8802083333333334 0.06770833333333333 0.0703125
0 0.306640625 0.6868489583333334 0.024739583333333332 0.0234375