0 0.15104166666666666 0.208984375 0.041666666666666664 0.045572916666666664
0 0.042317708333333336 0.13736979166666666 0.01953125 0.01953125
0 0.036458333333333336 0.03515625 0.020833333333333332 0.015625
0 0.49609375 0.18489583333333334 0.0390625 0.036458333333333336
0 0.578125 0.173828125 0.03125 0.01953125
0 0.046875 0.453125 0.06770833333333333 0.06510416666666667
0 0.3450520833333333 0.533203125 0.078125 0.08203125
0 0.53125 0.4895833333333333 0.020833333333333332 0.020833333333333332
0 0.8385416666666666 0.078125 0.020833333333333332 0.028645833333333332
0 0.66015625 0.08919270833333333 0.020833333333333332 0.024739583333333332
0 0.4036458333333333 0.7662760416666666 0.026041666666666668 0.024739583333333332
0 0.23177083333333334 0.5611979166666666 0.018229166666666668 0.020833333333333332
0 0.5625 0.8196614583333334 0.026041666666666668 0.016927083333333332
0 0.13997395833333334 0.9837239583333334 0.01953125 0.01953125
0 0.72265625 0.9147135416666666 0.052083333333333336 0.061197916666666664
0 0.8365885416666666 0.7037760416666666 0.01953125 0.01953125
0 0.6158854166666666 0.5891927083333334 0.018229166666666668 0.016927083333333332
0 0.5462239583333334 0.6321614583333334 0.01953125 0.01953125
0 0.9212239583333334 0.14908854166666666 0.045572916666666664 0.04296875
0 0.12434895833333333 0.658203125 0.014322916666666666 0.01953125
0 0.24153645833333334 0.3313802083333333 0.08984375 0.08723958333333333
0 0.87890625 0.7578125 0.013020833333333334 0.015625
0 0.6412760416666666 0.8873697916666666 0.014322916666666666 0.01171875
0 0.4147135416666667 0.966796875 0.10807291666666667 0.06640625
0 0.7044270833333334 0.9778645833333334 0.013020833333333334 0.013020833333333334
0 0.9869791666666666 0.6985677083333334 0.013020833333333334 0.016927083333333332
0 0.041666666666666664 0.7063802083333334 0.013020833333333334 0.014322916666666666
0 0.039713541666666664 0.6555989583333334 0.016927083333333332 0.016927083333333332
0 0.12760416666666666 0.826171875 0.013020833333333334 0.014322916666666666
0 0.087890625 0.8489583333333334 0.01171875 0.015625
0 0.020833333333333332 0.15494791666666666 0.020833333333333332 0.015625
0 0.06575520833333333 0.038411458333333336 0.02734375 0.016927083333333332