0 0.08463541666666667 0.7291666666666666 0.010416666666666666 0.018229166666666668
0 0.26171875 0.7486979166666666 0.018229166666666668 0.015625
0 0.3424479166666667 0.8430989583333334 0.028645833333333332 0.029947916666666668
0 0.3828125 0.9192708333333334 0.0234375 0.026041666666666668
0 0.028645833333333332 0.3111979166666667 0.0234375 0.0234375
0 0.056640625 0.3203125 0.022135416666666668 0.0234375
0 0.3111979166666667 0.5345052083333334 0.018229166666666668 0.01953125
0 0.21809895833333334 0.6627604166666666 0.016927083333333332 0.018229166666666668
0 0.15169270833333334 0.12044270833333333 0.029947916666666668 0.024739583333333332
0 0.4147135416666667 0.171875 0.01953125 0.015625
0 0.359375 0.5455729166666666 0.046875 0.0546875
0 0.4850260416666667 0.6829427083333334 0.014322916666666666 0.016927083333333332
0 0.427734375 0.8802083333333334 0.014322916666666666 0.015625
0 0.7890625 0.6966145833333334 0.044270833333333336 0.046875
0 0.8125 0.6126302083333334 0.06510416666666667 0.07161458333333333
0 0.4420572916666667 0.5149739583333334 0.016927083333333332 0.01953125
0 0.4388020833333333 0.3118489583333333 0.10677083333333333 0.12109375
0 0.498046875 0.6243489583333334 0.014322916666666666 0.016927083333333332
0 0.681640625 0.4231770833333333 0.01953125 0.020833333333333332
0 0.62890625 0.4895833333333333 0.052083333333333336 0.057291666666666664
0 0.5690104166666666 0.326171875 0.020833333333333332 0.022135416666666668
0 0.6432291666666666 0.23893229166666666 0.16927083333333334 0.18359375
0 0.8919270833333334 0.4440104166666667 0.018229166666666668 0.020833333333333332
0 0.9811197916666666 0.6002604166666666 0.01953125 0.018229166666666668
0 0.87109375 0.4322916666666667 0.018229166666666668 0.018229166666666668
0 0.916015625 0.2571614583333333 0.022135416666666668 0.024739583333333332
0 0.306640625 0.380859375 0.09765625 0.09244791666666667
0 0.26171875 0.054036458333333336 0.018229166666666668 0.022135416666666668
0 0.9192708333333334 0.5533854166666666 0.015625 0.018229166666666668
0 0.384765625 0.018880208333333332 0.014322916666666666 0.016927083333333332
0 0.4453125 0.4928385416666667 0.018229166666666668 0.01953125
0 0.4309895833333333 0.4973958333333333 0.018229166666666668 0.018229166666666668
0 0.4127604166666667 0.4537760416666667 0.052083333333333336 0.06380208333333333
0 0.6627604166666666 0.48046875 0.044270833333333336 0.0546875
0 0.4641927083333333 0.234375 0.01171875 0.013020833333333334
0 0.5533854166666666 0.12565104166666666 0.013020833333333334 0.014322916666666666
0 0.341796875 0.7486979166666666 0.01171875 0.013020833333333334
0 0.541015625 0.515625 0.01171875 0.010416666666666666
0 0.5638020833333334 0.876953125 0.010416666666666666 0.01171875