0 0.470703125 0.2779947916666667 0.18359375 0.19921875
0 0.501953125 0.400390625 0.029947916666666668 0.01953125
0 0.6028645833333334 0.8756510416666666 0.0546875 0.05859375
0 0.23828125 0.10546875 0.028645833333333332 0.026041666666666668
0 0.19270833333333334 0.14127604166666666 0.09375 0.13411458333333334
0 0.23177083333333334 0.2740885416666667 0.0234375 0.014322916666666666
0 0.13997395833333334 0.5221354166666666 0.029947916666666668 0.028645833333333332
0 0.2532552083333333 0.049479166666666664 0.01953125 0.020833333333333332
0 0.412109375 0.9674479166666666 0.024739583333333332 0.018229166666666668
0 0.6334635416666666 0.984375 0.037760416666666664 0.0234375
0 0.81640625 0.5455729166666666 0.0390625 0.03125
0 0.9563802083333334 0.1640625 0.01953125 0.015625
0 0.19205729166666666 0.94140625 0.022135416666666668 0.018229166666666668
0 0.162109375 0.7265625 0.01953125 0.020833333333333332
0 0.059244791666666664 0.947265625 0.016927083333333332 0.01953125
0 0.2747395833333333 0.251953125 0.018229166666666668 0.016927083333333332
0 0.453125 0.4680989583333333 0.015625 0.01953125
0 0.2936197916666667 0.609375 0.016927083333333332 0.018229166666666668
0 0.3841145833333333 0.7109375 0.015625 0.015625
0 0.3502604166666667 0.4251302083333333 0.013020833333333334 0.014322916666666666
0 0.4036458333333333 0.251953125 0.013020833333333334 0.014322916666666666
0 0.2591145833333333 0.294921875 0.013020833333333334 0.01171875
0 0.095703125 0.8365885416666666 0.01953125 0.016927083333333332
0 0.15885416666666666 0.7916666666666666 0.013020833333333334 0.013020833333333334