0 0.75390625 0.23567708333333334 0.049479166666666664 0.046875
0 0.6276041666666666 0.38671875 0.020833333333333332 0.020833333333333332
0 0.65234375 0.5520833333333334 0.046875 0.041666666666666664
0 0.333984375 0.775390625 0.055989583333333336 0.055989583333333336
0 0.3307291666666667 0.09830729166666667 0.018229166666666668 0.016927083333333332
0 0.18684895833333334 0.4674479166666667 0.01953125 0.020833333333333332
0 0.8359375 0.7421875 0.13802083333333334 0.13541666666666666
0 0.2578125 0.7415364583333334 0.015625 0.016927083333333332
0 0.4127604166666667 0.55078125 0.013020833333333334 0.020833333333333332
0 0.21549479166666666 0.2799479166666667 0.014322916666666666 0.018229166666666668
0 0.29296875 0.7994791666666666 0.010416666666666666 0.010416666666666666
0 0.4049479166666667 0.841796875 0.015625 0.014322916666666666
0 0.3619791666666667 0.49609375 0.0078125 0.010416666666666666
0 0.8841145833333334 0.970703125 0.028645833333333332 0.02734375
0 0.755859375 0.11067708333333333 0.009114583333333334 0.010416666666666666
0 0.059895833333333336 0.8255208333333334 0.013020833333333334 0.015625
0 0.3600260416666667 0.498046875 0.009114583333333334 0.009114583333333334
0 0.7180989583333334 0.35546875 0.01171875 0.01171875
0 0.016276041666666668 0.10286458333333333 0.01171875 0.010416666666666666
0 0.5305989583333334 0.4075520833333333 0.010416666666666666 0.010416666666666666
0 0.3860677083333333 0.8665364583333334 0.009114583333333334 0.010416666666666666
0 0.974609375 0.53515625 0.015625 0.016927083333333332
0 0.951171875 0.271484375 0.015625 0.016927083333333332
0 0.9212239583333334 0.6315104166666666 0.013020833333333334 0.014322916666666666
0 0.7643229166666666 0.4947916666666667 0.010416666666666666 0.010416666666666666
0 0.06966145833333333 0.6510416666666666 0.013020833333333334 0.013020833333333334
0 0.13932291666666666 0.8385416666666666 0.009114583333333334 0.010416666666666666
0 0.05078125 0.06510416666666667 0.022135416666666668 0.0234375
0 0.16471354166666666 0.5462239583333334 0.010416666666666666 0.009114583333333334
0 0.6907552083333334 0.4674479166666667 0.010416666666666666 0.010416666666666666
0 0.15755208333333334 0.236328125 0.013020833333333334 0.014322916666666666
0 0.7467447916666666 0.5130208333333334 0.009114583333333334 0.009114583333333334
0 0.22786458333333334 0.26953125 0.01171875 0.01171875
0 0.5286458333333334 0.3912760416666667 0.009114583333333334 0.009114583333333334
0 0.3489583333333333 0.400390625 0.0078125 0.009114583333333334
0 0.890625 0.5423177083333334 0.009114583333333334 0.009114583333333334
0 0.3561197916666667 0.3841145833333333 0.0078125 0.0078125
0 0.5286458333333334 0.171875 0.010416666666666666 0.009114583333333334
0 0.5 0.88671875 0.0078125 0.0078125
0 0.2884114583333333 0.9205729166666666 0.0078125 0.0078125
0 0.091796875 0.404296875 0.009114583333333334 0.009114583333333334
0 0.8450520833333334 0.052083333333333336 0.0078125 0.0078125
0 0.014322916666666666 0.59375 0.010416666666666666 0.010416666666666666
0 0.5104166666666666 0.4348958333333333 0.0078125 0.0078125
0 0.4973958333333333 0.7200520833333334 0.0078125 0.0078125
0 0.224609375 0.4889322916666667 0.0078125 0.0078125
0 0.9641927083333334 0.17838541666666666 0.009114583333333334 0.009114583333333334