0 0.9153645833333334 0.2708333333333333 0.010416666666666666 0.018229166666666668
0 0.73828125 0.2513020833333333 0.018229166666666668 0.015625
0 0.6575520833333334 0.15690104166666666 0.028645833333333332 0.029947916666666668
0 0.6171875 0.08072916666666667 0.0234375 0.026041666666666668
0 0.9713541666666666 0.6888020833333334 0.0234375 0.0234375
0 0.943359375 0.6796875 0.022135416666666668 0.0234375
0 0.6888020833333334 0.4654947916666667 0.018229166666666668 0.01953125
0 0.7819010416666666 0.3372395833333333 0.016927083333333332 0.018229166666666668
0 0.8483072916666666 0.8795572916666666 0.029947916666666668 0.024739583333333332
0 0.5852864583333334 0.828125 0.01953125 0.015625
0 0.640625 0.4544270833333333 0.046875 0.0546875
0 0.5149739583333334 0.3170572916666667 0.014322916666666666 0.016927083333333332
0 0.572265625 0.11979166666666667 0.014322916666666666 0.015625
0 0.2109375 0.3033854166666667 0.044270833333333336 0.046875
0 0.1875 0.3873697916666667 0.06510416666666667 0.07161458333333333
0 0.5579427083333334 0.4850260416666667 0.016927083333333332 0.01953125
0 0.5611979166666666 0.6881510416666666 0.10677083333333333 0.12109375
0 0.501953125 0.3756510416666667 0.014322916666666666 0.016927083333333332
0 0.318359375 0.5768229166666666 0.01953125 0.020833333333333332
0 0.37109375 0.5104166666666666 0.052083333333333336 0.057291666666666664
0 0.4309895833333333 0.673828125 0.020833333333333332 0.022135416666666668
0 0.3567708333333333 0.7610677083333334 0.16927083333333334 0.18359375
0 0.10807291666666667 0.5559895833333334 0.018229166666666668 0.020833333333333332
0 0.018880208333333332 0.3997395833333333 0.01953125 0.018229166666666668
0 0.12890625 0.5677083333333334 0.018229166666666668 0.018229166666666668
0 0.083984375 0.7428385416666666 0.022135416666666668 0.024739583333333332
0 0.693359375 0.619140625 0.09765625 0.09244791666666667
0 0.73828125 0.9459635416666666 0.018229166666666668 0.022135416666666668
0 0.08072916666666667 0.4466145833333333 0.015625 0.018229166666666668
0 0.615234375 0.9811197916666666 0.014322916666666666 0.016927083333333332
0 0.5546875 0.5071614583333334 0.018229166666666668 0.01953125
0 0.5690104166666666 0.5026041666666666 0.018229166666666668 0.018229166666666668
0 0.5872395833333334 0.5462239583333334 0.052083333333333336 0.06380208333333333
0 0.3372395833333333 0.51953125 0.044270833333333336 0.0546875
0 0.5358072916666666 0.765625 0.01171875 0.013020833333333334
0 0.4466145833333333 0.8743489583333334 0.013020833333333334 0.014322916666666666
0 0.658203125 0.2513020833333333 0.01171875 0.013020833333333334
0 0.458984375 0.484375 0.01171875 0.010416666666666666
0 0.4361979166666667 0.123046875 0.010416666666666666 0.01171875