0 0.8385416666666666 0.09700520833333333 0.020833333333333332 0.022135416666666668
0 0.7298177083333334 0.3639322916666667 0.029947916666666668 0.029947916666666668
0 0.3828125 0.3092447916666667 0.03125 0.03515625
0 0.19010416666666666 0.3229166666666667 0.03125 0.033854166666666664
0 0.140625 0.3385416666666667 0.044270833333333336 0.044270833333333336
0 0.955078125 0.06901041666666667 0.08203125 0.1328125
0 0.958984375 0.2747395833333333 0.07942708333333333 0.11979166666666667
0 0.98046875 0.4967447916666667 0.0234375 0.022135416666666668
0 0.9609375 0.42578125 0.015625 0.015625
0 0.9609375 0.8938802083333334 0.018229166666666668 0.01953125
0 0.8444010416666666 0.73828125 0.12890625 0.125
0 0.431640625 0.6243489583333334 0.01953125 0.01953125
0 0.4947916666666667 0.912109375 0.026041666666666668 0.02734375
0 0.4544270833333333 0.9322916666666666 0.020833333333333332 0.018229166666666668
0 0.4036458333333333 0.978515625 0.0390625 0.03515625
0 0.7975260416666666 0.5716145833333334 0.014322916666666666 0.010416666666666666
0 0.4264322916666667 0.396484375 0.016927083333333332 0.014322916666666666
0 0.08333333333333333 0.13411458333333334 0.015625 0.013020833333333334
0 0.5162760416666666 0.8600260416666666 0.01953125 0.022135416666666668
0 0.2903645833333333 0.9524739583333334 0.0234375 0.022135416666666668
0 0.047526041666666664 0.66015625 0.022135416666666668 0.015625
0 0.205078125 0.953125 0.016927083333333332 0.015625
0 0.021484375 0.791015625 0.014322916666666666 0.014322916666666666
0 0.419921875 0.8704427083333334 0.014322916666666666 0.014322916666666666
0 0.7154947916666666 0.6171875 0.01171875 0.010416666666666666
0 0.283203125 0.578125 0.014322916666666666 0.013020833333333334
0 0.462890625 0.15364583333333334 0.009114583333333334 0.010416666666666666
0 0.4147135416666667 0.005208333333333333 0.013020833333333334 0.010416666666666666
0 0.640625 0.3170572916666667 0.016927083333333332 0.016927083333333332
0 0.4934895833333333 0.17122395833333334 0.01171875 0.01171875
0 0.18098958333333334 0.8177083333333334 0.01171875 0.010416666666666666
0 0.8229166666666666 0.22981770833333334 0.01171875 0.01171875
0 0.3098958333333333 0.7337239583333334 0.01171875 0.010416666666666666
0 0.14713541666666666 0.5403645833333334 0.01171875 0.01171875
0 0.7220052083333334 0.52734375 0.010416666666666666 0.010416666666666666
0 0.8255208333333334 0.5071614583333334 0.01171875 0.01171875
0 0.10807291666666667 0.13346354166666666 0.010416666666666666 0.010416666666666666
0 0.69140625 0.4947916666666667 0.01171875 0.01171875
0 0.44921875 0.8626302083333334 0.013020833333333334 0.01171875
0 0.279296875 0.638671875 0.009114583333333334 0.009114583333333334
0 0.6061197916666666 0.8958333333333334 0.01171875 0.01171875
0 0.23307291666666666 0.15494791666666666 0.010416666666666666 0.010416666666666666
0 0.640625 0.642578125 0.010416666666666666 0.009114583333333334
0 0.3684895833333333 0.6686197916666666 0.009114583333333334 0.0078125
0 0.6223958333333334 0.6223958333333334 0.009114583333333334 0.009114583333333334
0 0.09114583333333333 0.7174479166666666 0.013020833333333334 0.01171875
0 0.2845052083333333 0.3932291666666667 0.009114583333333334 0.009114583333333334
0 0.6315104166666666 0.4811197916666667 0.005208333333333333 0.005208333333333333
0 0.3919270833333333 0.09635416666666667 0.010416666666666666 0.010416666666666666
0 0.06705729166666667 0.5677083333333334 0.005208333333333333 0.005208333333333333
0 0.5944010416666666 0.9244791666666666 0.010416666666666666 0.009114583333333334