0 0.8626302083333334 0.298828125 0.10286458333333333 0.10807291666666667
0 0.6184895833333334 0.9329427083333334 0.020833333333333332 0.022135416666666668
0 0.13997395833333334 0.6295572916666666 0.029947916666666668 0.032552083333333336
0 0.68359375 0.763671875 0.0234375 0.02734375
0 0.37109375 0.07291666666666667 0.03515625 0.0390625
0 0.7272135416666666 0.5794270833333334 0.048177083333333336 0.052083333333333336
0 0.045572916666666664 0.072265625 0.09114583333333333 0.10807291666666667
0 0.484375 0.4361979166666667 0.0390625 0.04296875
0 0.193359375 0.9537760416666666 0.029947916666666668 0.03125
0 0.17057291666666666 0.662109375 0.036458333333333336 0.040364583333333336
0 0.4459635416666667 0.018880208333333332 0.04296875 0.037760416666666664
0 0.9596354166666666 0.9609375 0.022135416666666668 0.022135416666666668
0 0.421875 0.9342447916666666 0.0234375 0.0234375
0 0.03125 0.6328125 0.024739583333333332 0.02734375
0 0.008463541666666666 0.875 0.016927083333333332 0.028645833333333332
0 0.6796875 0.4505208333333333 0.0234375 0.0234375
0 0.7643229166666666 0.865234375 0.02734375 0.026041666666666668
0 0.5221354166666666 0.5885416666666666 0.024739583333333332 0.026041666666666668
0 0.91796875 0.638671875 0.020833333333333332 0.020833333333333332
0 0.392578125 0.5774739583333334 0.022135416666666668 0.0234375
0 0.2864583333333333 0.7962239583333334 0.022135416666666668 0.024739583333333332
0 0.5963541666666666 0.73046875 0.0234375 0.0234375
0 0.11979166666666667 0.9544270833333334 0.0234375 0.024739583333333332
0 0.833984375 0.8899739583333334 0.022135416666666668 0.0234375
0 0.9889322916666666 0.54296875 0.022135416666666668 0.026041666666666668
0 0.8190104166666666 0.970703125 0.020833333333333332 0.0234375
0 0.779296875 0.4290364583333333 0.024739583333333332 0.024739583333333332
0 0.171875 0.13020833333333334 0.026041666666666668 0.02734375
0 0.353515625 0.3079427083333333 0.02734375 0.028645833333333332
0 0.24088541666666666 0.8782552083333334 0.028645833333333332 0.032552083333333336
0 0.3326822916666667 0.3880208333333333 0.02734375 0.028645833333333332
0 0.7265625 0.6796875 0.0234375 0.026041666666666668
0 0.9264322916666666 0.19986979166666666 0.026041666666666668 0.029947916666666668
0 0.6725260416666666 0.5755208333333334 0.028645833333333332 0.032552083333333336
0 0.4817708333333333 0.9694010416666666 0.01953125 0.020833333333333332
0 0.7194010416666666 0.22526041666666666 0.0234375 0.024739583333333332
0 0.78515625 0.16796875 0.0234375 0.024739583333333332
0 0.45703125 0.8938802083333334 0.024739583333333332 0.024739583333333332
0 0.51171875 0.26953125 0.024739583333333332 0.026041666666666668
0 0.154296875 0.361328125 0.029947916666666668 0.033854166666666664
0 0.5625 0.205078125 0.029947916666666668 0.029947916666666668
0 0.97265625 0.2786458333333333 0.026041666666666668 0.026041666666666668
0 0.5533854166666666 0.15885416666666666 0.0625 0.053385416666666664