0 0.5013020833333334 0.6497395833333334 0.052083333333333336 0.0703125
0 0.419921875 0.19270833333333334 0.05078125 0.046875
0 0.2747395833333333 0.166015625 0.14583333333333334 0.13671875
0 0.3014322916666667 0.140625 0.032552083333333336 0.033854166666666664
0 0.2981770833333333 0.400390625 0.020833333333333332 0.01953125
0 0.283203125 0.5286458333333334 0.11067708333333333 0.11458333333333333
0 0.20572916666666666 0.3919270833333333 0.018229166666666668 0.0234375
0 0.419921875 0.8704427083333334 0.05859375 0.07421875
0 0.18880208333333334 0.8359375 0.06510416666666667 0.06510416666666667
0 0.15299479166666666 0.5462239583333334 0.01953125 0.01953125
0 0.458984375 0.693359375 0.01953125 0.01953125