0 0.07486979166666667 0.2942708333333333 0.01953125 0.020833333333333332
0 0.22265625 0.89453125 0.0625 0.0625
0 0.6119791666666666 0.8248697916666666 0.026041666666666668 0.024739583333333332
0 0.650390625 0.8671875 0.01171875 0.013020833333333334
0 0.505859375 0.80517578125 0.01090240478515625 0.011199951171875
0 0.37646484375 0.6552734375 0.0215301513671875 0.0210418701171875
0 0.8017578125 0.724609375 0.0153045654296875 0.01473236083984375
0 0.53076171875 0.93115234375 0.0102081298828125 0.00971221923828125
0 0.350830078125 0.8759765625 0.011871337890625 0.01233673095703125
0 0.2230224609375 0.1605224609375 0.01358795166015625 0.012725830078125
0 0.50537109375 0.8994140625 0.00867462158203125 0.0087432861328125
0 0.82421875 0.421875 0.01238250732421875 0.011871337890625
0 0.384765625 0.2646484375 0.0143890380859375 0.01473236083984375
0 0.26904296875 0.5771484375 0.009521484375 0.00948333740234375