0 0.796875 0.37109375 0.16145833333333334 0.20833333333333334
0 0.5221354166666666 0.19270833333333334 0.0625 0.0703125
0 0.3854166666666667 0.27734375 0.028645833333333332 0.033854166666666664
0 0.5787760416666666 0.026692708333333332 0.01953125 0.024739583333333332
0 0.5221354166666666 0.4772135416666667 0.22395833333333334 0.24869791666666666
0 0.513671875 0.5657552083333334 0.024739583333333332 0.02734375
0 0.4895833333333333 0.6510416666666666 0.028645833333333332 0.0390625
0 0.396484375 0.4889322916666667 0.02734375 0.02734375
0 0.4244791666666667 0.5279947916666666 0.07291666666666667 0.07421875
0 0.943359375 0.040364583333333336 0.09765625 0.078125
0 0.4134114583333333 0.95703125 0.032552083333333336 0.026041666666666668
0 0.3723958333333333 0.01953125 0.020833333333333332 0.020833333333333332
0 0.166015625 0.6783854166666666 0.032552083333333336 0.036458333333333336
0 0.3391927083333333 0.609375 0.01953125 0.018229166666666668
0 0.06510416666666667 0.3404947916666667 0.020833333333333332 0.016927083333333332
0 0.05859375 0.294921875 0.018229166666666668 0.016927083333333332
0 0.15169270833333334 0.5384114583333334 0.016927083333333332 0.016927083333333332
0 0.012369791666666666 0.5442708333333334 0.01953125 0.020833333333333332
0 0.974609375 0.478515625 0.016927083333333332 0.01953125
0 0.380859375 0.75390625 0.08984375 0.0859375
0 0.026692708333333332 0.3567708333333333 0.053385416666666664 0.109375
0 0.46484375 0.650390625 0.020833333333333332 0.024739583333333332
0 0.12369791666666667 0.837890625 0.0234375 0.022135416666666668
0 0.2578125 0.19986979166666666 0.018229166666666668 0.022135416666666668
0 0.51171875 0.8216145833333334 0.020833333333333332 0.015625
0 0.171875 0.513671875 0.015625 0.016927083333333332
0 0.2897135416666667 0.580078125 0.016927083333333332 0.016927083333333332
0 0.3541666666666667 0.59375 0.015625 0.015625
0 0.384765625 0.08723958333333333 0.014322916666666666 0.015625
0 0.4811197916666667 0.3522135416666667 0.014322916666666666 0.014322916666666666
0 0.7838541666666666 0.6901041666666666 0.015625 0.015625
0 0.8059895833333334 0.19921875 0.010416666666666666 0.010416666666666666
0 0.916015625 0.607421875 0.014322916666666666 0.014322916666666666
0 0.109375 0.33984375 0.013020833333333334 0.018229166666666668
0 0.2565104166666667 0.33203125 0.015625 0.013020833333333334
0 0.006510416666666667 0.5065104166666666 0.013020833333333334 0.015625
0 0.662109375 0.8509114583333334 0.014322916666666666 0.01171875
0 0.546875 0.8697916666666666 0.013020833333333334 0.013020833333333334
0 0.455078125 0.7903645833333334 0.01171875 0.013020833333333334