0 0.6940104166666666 0.154296875 0.4973958333333333 0.30859375
0 0.015625 0.030598958333333332 0.03125 0.061197916666666664
0 0.0546875 0.8541666666666666 0.045572916666666664 0.052083333333333336
0 0.5768229166666666 0.6809895833333334 0.0390625 0.046875
0 0.6276041666666666 0.4889322916666667 0.040364583333333336 0.045572916666666664
0 0.708984375 0.9303385416666666 0.033854166666666664 0.026041666666666668
0 0.6223958333333334 0.7076822916666666 0.0390625 0.032552083333333336
0 0.7395833333333334 0.6946614583333334 0.033854166666666664 0.032552083333333336
0 0.251953125 0.5703125 0.036458333333333336 0.04296875
0 0.2838541666666667 0.552734375 0.0390625 0.029947916666666668
0 0.040364583333333336 0.4661458333333333 0.0390625 0.04296875
0 0.09830729166666667 0.4049479166666667 0.045572916666666664 0.0390625
0 0.10546875 0.3040364583333333 0.048177083333333336 0.049479166666666664
0 0.24674479166666666 0.3411458333333333 0.029947916666666668 0.036458333333333336
0 0.13736979166666666 0.357421875 0.041666666666666664 0.033854166666666664
0 0.37890625 0.49609375 0.04296875 0.06510416666666667
0 0.21940104166666666 0.11848958333333333 0.032552083333333336 0.0390625
0 0.22200520833333334 0.046875 0.032552083333333336 0.0390625
0 0.2421875 0.014322916666666666 0.03515625 0.026041666666666668
0 0.15104166666666666 0.16080729166666666 0.029947916666666668 0.032552083333333336