0 0.388671875 0.5859375 0.029947916666666668 0.026041666666666668
0 0.044270833333333336 0.51953125 0.020833333333333332 0.0234375
0 0.022786458333333332 0.423828125 0.045572916666666664 0.045572916666666664
0 0.078125 0.3053385416666667 0.013020833333333334 0.016927083333333332
0 0.19010416666666666 0.431640625 0.0234375 0.029947916666666668
0 0.478515625 0.4563802083333333 0.01953125 0.01953125
0 0.5638020833333334 0.7428385416666666 0.020833333333333332 0.01953125
0 0.6653645833333334 0.8125 0.0234375 0.015625
0 0.6751302083333334 0.4010416666666667 0.032552083333333336 0.026041666666666668
0 0.6979166666666666 0.5247395833333334 0.049479166666666664 0.0390625
0 0.4928385416666667 0.4029947916666667 0.016927083333333332 0.016927083333333332
0 0.5026041666666666 0.3684895833333333 0.015625 0.013020833333333334
0 0.18880208333333334 0.228515625 0.013020833333333334 0.01953125
0 0.22526041666666666 0.5065104166666666 0.020833333333333332 0.0234375
0 0.234375 0.5377604166666666 0.013020833333333334 0.013020833333333334
0 0.78125 0.28515625 0.013020833333333334 0.015625
0 0.9602864583333334 0.736328125 0.032552083333333336 0.032552083333333336
0 0.8704427083333334 0.5006510416666666 0.06901041666666667 0.07421875
0 0.7265625 0.07682291666666667 0.033854166666666664 0.028645833333333332
0 0.3072916666666667 0.17317708333333334 0.0234375 0.013020833333333334
0 0.29296875 0.08463541666666667 0.013020833333333334 0.013020833333333334
0 0.52734375 0.51171875 0.013020833333333334 0.013020833333333334
0 0.65625 0.4759114583333333 0.018229166666666668 0.01953125
0 0.7063802083333334 0.4609375 0.01953125 0.015625
0 0.9537760416666666 0.6764322916666666 0.01953125 0.016927083333333332
0 0.9654947916666666 0.4674479166666667 0.02734375 0.0234375
0 0.833984375 0.2545572916666667 0.014322916666666666 0.014322916666666666
0 0.8040364583333334 0.11588541666666667 0.07161458333333333 0.0625
0 0.22786458333333334 0.054036458333333336 0.1953125 0.09505208333333333
0 0.521484375 0.11393229166666667 0.02734375 0.01953125
0 0.4466145833333333 0.4889322916666667 0.018229166666666668 0.01953125