0 0.66015625 0.404296875 0.03125 0.032552083333333336
0 0.6575520833333334 0.22981770833333334 0.0234375 0.022135416666666668
0 0.7486979166666666 0.16080729166666666 0.0234375 0.014322916666666666
0 0.681640625 0.3619791666666667 0.01171875 0.013020833333333334
0 0.5520833333333334 0.20247395833333334 0.033854166666666664 0.032552083333333336
0 0.494140625 0.5091145833333334 0.01953125 0.020833333333333332
0 0.4986979166666667 0.7037760416666666 0.0234375 0.024739583333333332
0 0.22786458333333334 0.119140625 0.026041666666666668 0.024739583333333332
0 0.9798177083333334 0.08203125 0.014322916666666666 0.015625
0 0.5 0.220703125 0.015625 0.016927083333333332
0 0.9147135416666666 0.9114583333333334 0.02734375 0.03125
0 0.244140625 0.3372395833333333 0.01953125 0.0234375
0 0.6588541666666666 0.9680989583333334 0.03125 0.032552083333333336
0 0.94140625 0.9583333333333334 0.018229166666666668 0.026041666666666668
0 0.8470052083333334 0.96875 0.01171875 0.013020833333333334
0 0.9348958333333334 0.07486979166666667 0.010416666666666666 0.009114583333333334
0 0.6360677083333334 0.11783854166666667 0.014322916666666666 0.01171875
0 0.16536458333333334 0.580078125 0.015625 0.016927083333333332
0 0.150390625 0.814453125 0.014322916666666666 0.016927083333333332
0 0.064453125 0.1171875 0.016927083333333332 0.013020833333333334
0 0.3561197916666667 0.23111979166666666 0.01171875 0.01171875
0 0.279296875 0.06575520833333333 0.01171875 0.009114583333333334
0 0.5859375 0.08919270833333333 0.010416666666666666 0.009114583333333334
0 0.6588541666666666 0.09244791666666667 0.010416666666666666 0.0078125
0 0.21419270833333334 0.4720052083333333 0.016927083333333332 0.014322916666666666
0 0.3697916666666667 0.4192708333333333 0.015625 0.013020833333333334
0 0.3821614583333333 0.49609375 0.01171875 0.015625
0 0.052083333333333336 0.251953125 0.010416666666666666 0.014322916666666666
0 0.02734375 0.15625 0.015625 0.015625
0 0.6380208333333334 0.3411458333333333 0.013020833333333334 0.013020833333333334
0 0.18619791666666666 0.7669270833333334 0.013020833333333334 0.013020833333333334
0 0.19986979166666666 0.8463541666666666 0.014322916666666666 0.013020833333333334
0 0.23763020833333334 0.7669270833333334 0.01171875 0.013020833333333334
0 0.2545572916666667 0.9134114583333334 0.01171875 0.01171875
0 0.17578125 0.2981770833333333 0.013020833333333334 0.010416666666666666
0 0.5338541666666666 0.7701822916666666 0.010416666666666666 0.01171875
0 0.4661458333333333 0.8619791666666666 0.010416666666666666 0.0078125
0 0.9290364583333334 0.833984375 0.009114583333333334 0.01171875
0 0.087890625 0.59375 0.014322916666666666 0.013020833333333334
0 0.8971354166666666 0.8046875 0.010416666666666666 0.013020833333333334
0 0.7057291666666666 0.9420572916666666 0.010416666666666666 0.01171875
0 0.16080729166666666 0.67578125 0.009114583333333334 0.010416666666666666
0 0.057942708333333336 0.8984375 0.009114583333333334 0.010416666666666666
0 0.630859375 0.6848958333333334 0.01171875 0.010416666666666666
0 0.5709635416666666 0.3704427083333333 0.01171875 0.01171875
0 0.6725260416666666 0.8033854166666666 0.009114583333333334 0.015625
0 0.4596354166666667 0.4095052083333333 0.010416666666666666 0.01171875
0 0.634765625 0.05859375 0.01171875 0.013020833333333334
0 0.4401041666666667 0.3001302083333333 0.010416666666666666 0.009114583333333334
0 0.11263020833333333 0.024088541666666668 0.01171875 0.01171875
0 0.2923177083333333 0.17643229166666666 0.009114583333333334 0.009114583333333334