0 0.4401041666666667 0.4993489583333333 0.020833333333333332 0.022135416666666668
0 0.4798177083333333 0.9264322916666666 0.06901041666666667 0.07942708333333333
0 0.018880208333333332 0.9635416666666666 0.03515625 0.0390625
0 0.7213541666666666 0.4166666666666667 0.0234375 0.020833333333333332
0 0.8333333333333334 0.111328125 0.033854166666666664 0.032552083333333336
0 0.8515625 0.4498697916666667 0.015625 0.01953125
0 0.6295572916666666 0.8385416666666666 0.016927083333333332 0.015625
0 0.625 0.9720052083333334 0.013020833333333334 0.014322916666666666
0 0.5416666666666666 0.6393229166666666 0.0546875 0.0625
0 0.4915364583333333 0.6829427083333334 0.2669270833333333 0.2747395833333333
0 0.9453125 0.384765625 0.041666666666666664 0.045572916666666664
0 0.01171875 0.7428385416666666 0.020833333333333332 0.048177083333333336
0 0.06510416666666667 0.7102864583333334 0.015625 0.016927083333333332
0 0.06510416666666667 0.9576822916666666 0.015625 0.016927083333333332
0 0.33984375 0.6803385416666666 0.6770833333333334 0.63671875
0 0.6692708333333334 0.240234375 0.3619791666666667 0.37890625
0 0.9283854166666666 0.4856770833333333 0.013020833333333334 0.013020833333333334
0 0.953125 0.49609375 0.09375 0.11979166666666667
0 0.33203125 0.3951822916666667 0.013020833333333334 0.009114583333333334
0 0.3333333333333333 0.048177083333333336 0.015625 0.018229166666666668
0 0.2916666666666667 0.016927083333333332 0.046875 0.033854166666666664
0 0.08984375 0.3333333333333333 0.0546875 0.06510416666666667
0 0.2740885416666667 0.6770833333333334 0.014322916666666666 0.013020833333333334
0 0.048177083333333336 0.07161458333333333 0.013020833333333334 0.015625
0 0.66015625 0.18489583333333334 0.015625 0.018229166666666668
0 0.6634114583333334 0.24869791666666666 0.016927083333333332 0.013020833333333334
0 0.13216145833333334 0.3932291666666667 0.009114583333333334 0.010416666666666666
0 0.01953125 0.5143229166666666 0.013020833333333334 0.013020833333333334
0 0.388671875 0.006510416666666667 0.01953125 0.013020833333333334
0 0.4322916666666667 0.9264322916666666 0.013020833333333334 0.01171875
0 0.9934895833333334 0.154296875 0.013020833333333334 0.022135416666666668
0 0.07291666666666667 0.5234375 0.0703125 0.0703125
0 0.16341145833333334 0.701171875 0.009114583333333334 0.009114583333333334
0 0.783203125 0.822265625 0.009114583333333334 0.009114583333333334
0 0.96875 0.791015625 0.0625 0.21744791666666666
0 0.5384114583333334 0.2649739583333333 0.01171875 0.01171875
0 0.3235677083333333 0.3248697916666667 0.014322916666666666 0.01171875
0 0.23502604166666666 0.708984375 0.009114583333333334 0.009114583333333334
0 0.2890625 0.16861979166666666 0.010416666666666666 0.009114583333333334
0 0.15104166666666666 0.061197916666666664 0.010416666666666666 0.010416666666666666