0 0.830078125 0.6142578125 0.00945281982421875 0.00905609130859375
0 0.34521484375 0.470947265625 0.01094818115234375 0.010009765625
0 0.126708984375 0.6318359375 0.01111602783203125 0.0103302001953125
0 0.2305908203125 0.71240234375 0.01177978515625 0.01073455810546875
0 0.269775390625 0.6376953125 0.01107025146484375 0.01056671142578125
0 0.87451171875 0.65185546875 0.0120086669921875 0.010528564453125
0 0.75341796875 0.144775390625 0.0121917724609375 0.01078033447265625
0 0.1087646484375 0.80224609375 0.01287078857421875 0.0115966796875
0 0.216064453125 0.736328125 0.0115509033203125 0.0106964111328125
0 0.34765625 0.80859375 0.011962890625 0.010406494140625
0 0.80810546875 0.55419921875 0.01238250732421875 0.01137542724609375
0 0.88623046875 0.81591796875 0.014556884765625 0.01287078857421875
0 0.035003662109375 0.8037109375 0.01267242431640625 0.0116424560546875
0 0.2410888671875 0.8505859375 0.0100555419921875 0.0097808837890625
0 0.226806640625 0.352294921875 0.0100555419921875 0.0094146728515625
0 0.67822265625 0.6044921875 0.01229095458984375 0.0115509033203125
0 0.025909423828125 0.74951171875 0.01049041748046875 0.00981903076171875
0 0.413330078125 0.172119140625 0.00919342041015625 0.0087432861328125
0 0.1639404296875 0.83203125 0.00948333740234375 0.00905609130859375
0 0.1795654296875 0.814453125 0.01061248779296875 0.010009765625
0 0.50830078125 0.4765625 0.0095977783203125 0.008880615234375
0 0.437255859375 0.2578125 0.01332855224609375 0.01214599609375
0 0.1954345703125 0.47998046875 0.0101318359375 0.009124755859375
0 0.4677734375 0.5009765625 0.00981903076171875 0.00930023193359375
0 0.08587646484375 0.5380859375 0.01267242431640625 0.0118255615234375
0 0.1260986328125 0.92919921875 0.0110321044921875 0.010650634765625
0 0.669921875 0.1943359375 0.01312255859375 0.0120086669921875
0 0.172119140625 0.455322265625 0.00955963134765625 0.00891876220703125
0 0.369873046875 0.67578125 0.01107025146484375 0.010650634765625
0 0.763671875 0.54150390625 0.00989532470703125 0.00861358642578125
0 0.32080078125 0.81396484375 0.00919342041015625 0.00878143310546875
0 0.81982421875 0.7265625 0.0211639404296875 0.0209197998046875
0 0.1678466796875 0.2978515625 0.00930023193359375 0.008575439453125
0 0.1497802734375 0.72705078125 0.01242828369140625 0.01146697998046875
0 0.1693115234375 0.720703125 0.0108184814453125 0.0102081298828125
0 0.390625 0.177978515625 0.0108184814453125 0.0102081298828125
0 0.70947265625 0.1639404296875 0.01332855224609375 0.0120086669921875
0 0.30419921875 0.52490234375 0.0100555419921875 0.00916290283203125
0 0.92626953125 0.916015625 0.01146697998046875 0.010406494140625
0 0.70751953125 0.564453125 0.01090240478515625 0.0101318359375
0 0.013275146484375 0.7275390625 0.009124755859375 0.00867462158203125
0 0.5810546875 0.432861328125 0.0213623046875 0.0182342529296875
0 0.2880859375 0.36083984375 0.005681920934606473 0.0053614863642940476
0 0.4970703125 0.360107421875 0.0167236328125 0.0156707763671875
0 0.284912109375 0.09722900390625 0.01009368896484375 0.00930023193359375
0 0.237060546875 0.83544921875 0.011871337890625 0.010986328125
0 0.2225341796875 0.8603515625 0.00926971435546875 0.0087127685546875
0 0.36279296875 0.3701171875 0.022369384765625 0.021484375
0 0.12445068359375 0.9599609375 0.0161590576171875 0.01554107666015625
0 0.55419921875 0.82568359375 0.0139007568359375 0.01384735107421875
0 0.09722900390625 0.34228515625 0.00894927978515625 0.009674072265625
0 0.1776123046875 0.5625 0.009124755859375 0.0087432861328125
0 0.44677734375 0.8828125 0.0197601318359375 0.017913818359375
0 0.8896484375 0.05108642578125 0.01233673095703125 0.01078033447265625
0 0.379638671875 0.2900390625 0.0057505854853877976 0.005392003942418973
0 0.306640625 0.26025390625 0.00891876220703125 0.008514404296875
0 0.379150390625 0.1663818359375 0.010986328125 0.01049041748046875
0 0.44677734375 0.058990478515625 0.013427734375 0.01267242431640625
0 0.45263671875 0.436279296875 0.03289794921875 0.0309600830078125
0 0.271484375 0.7509765625 0.01238250732421875 0.01073455810546875
0 0.337646484375 0.7822265625 0.00878143310546875 0.00878143310546875
0 0.45458984375 0.24169921875 0.00885009765625 0.0087127685546875
0 0.5458984375 0.9873046875 0.0054835566767940476 0.0057505854853877976
0 0.290771484375 0.142578125 0.0283355712890625 0.0254669189453125
0 0.88427734375 0.40673828125 0.0184326171875 0.01666259765625
0 0.95703125 0.1724853515625 0.0106964111328125 0.0094146728515625
0 0.6806640625 0.7646484375 0.01009368896484375 0.009857177734375
0 0.2252197265625 0.1512451171875 0.0108184814453125 0.01061248779296875
0 0.78076171875 0.8857421875 0.0194549560546875 0.0177764892578125
0 0.888671875 0.094482421875 0.0202484130859375 0.017913818359375
0 0.9580841064453125 0.331298828125 0.083831787109375 0.093017578125
0 0.96240234375 0.6630859375 0.010406494140625 0.00945281982421875
0 0.1953125 0.6962890625 0.0095977783203125 0.00916290283203125
0 0.90673828125 0.73681640625 0.0054225215205440476 0.0054225215205440476
0 0.5732421875 0.98486328125 0.0052317866572627976 0.0054530390986690476
0 0.79296875 0.416015625 0.024566650390625 0.0225372314453125
0 0.8515625 0.86572265625 0.047698974609375 0.042877197265625
0 0.43310546875 0.049591064453125 0.014617919921875 0.01358795166015625
0 0.072265625 0.955078125 0.01024627685546875 0.0094146728515625
0 0.44091796875 0.374267578125 0.0055522212275752976 0.0052623042353877976
0 0.138427734375 0.18896484375 0.01384735107421875 0.01262664794921875
0 0.9296875 0.759765625 0.0087127685546875 0.0087127685546875
0 0.60205078125 0.94189453125 0.040252685546875 0.038238525390625
0 0.82666015625 0.97216796875 0.04876708984375 0.047088623046875
0 0.10211181640625 0.03155517578125 0.01560211181640625 0.0173797607421875
0 0.60205078125 0.80859375 0.01009368896484375 0.01009368896484375
0 0.427978515625 0.10540771484375 0.04400634765625 0.04010009765625
0 0.59033203125 0.78515625 0.05194091796875 0.048492431640625
0 0.0190887451171875 0.21044921875 0.008880615234375 0.008514404296875
0 0.26904296875 0.26513671875 0.004980016637731473 0.005041051793981473
0 0.280029296875 0.88525390625 0.004594732213903348 0.0053233393916377976
0 0.70849609375 0.2158203125 0.00919342041015625 0.00948333740234375
0 0.314697265625 0.26953125 0.11029052734375 0.10302734375
0 0.53369140625 0.330322265625 0.032470703125 0.0303802490234375
0 0.70361328125 0.403076171875 0.0723876953125 0.06475830078125
0 0.685546875 0.09503173828125 0.09722900390625 0.081787109375
0 0.26513671875 0.92041015625 0.030731201171875 0.029205322265625
0 0.39794921875 0.951171875 0.0046557673701534226 0.0053614863642940476
0 0.9963722229003906 0.806640625 0.00725555419921875 0.0115509033203125
0 0.415771484375 0.72998046875 0.01137542724609375 0.0106964111328125
0 0.63671875 0.97412109375 0.007965087890625 0.00885009765625
0 0.673828125 0.83447265625 0.015899658203125 0.015960693359375
0 0.86181640625 0.2939453125 0.0574951171875 0.04803466796875
0 0.64111328125 0.61767578125 0.00891876220703125 0.00919342041015625
0 0.60498046875 0.26904296875 0.012725830078125 0.0117340087890625
0 0.0310211181640625 0.432861328125 0.056640625 0.07330322265625
0 0.701171875 0.576171875 0.059326171875 0.070556640625
0 0.277099609375 0.96923828125 0.01450347900390625 0.013275146484375
0 0.96923828125 0.912109375 0.0051402339228877976 0.0052317866572627976
0 0.05511474609375 0.9521484375 0.1033935546875 0.09039306640625
0 0.1904296875 0.736328125 0.09930419921875 0.06622314453125
0 0.474853515625 0.65478515625 0.1300048828125 0.10723876953125
0 0.29638671875 0.599609375 0.0352783203125 0.0345458984375
0 0.9835968017578125 0.5068359375 0.032806396484375 0.0384521484375
0 0.392822265625 0.17724609375 0.04876708984375 0.037200927734375
0 0.64013671875 0.324951171875 0.15283203125 0.137939453125
0 0.90771484375 0.3515625 0.03948974609375 0.04046630859375
0 0.80859375 0.10894775390625 0.0203704833984375 0.018646240234375
0 0.279541015625 0.98291015625 0.0188751220703125 0.0193023681640625
0 0.2108154296875 0.0343017578125 0.094482421875 0.06500244140625
0 0.0240020751953125 0.290771484375 0.042022705078125 0.05242919921875
0 0.47509765625 0.65380859375 0.01406097412109375 0.0121917724609375