0 0.8072916666666666 0.8522135416666666 0.046875 0.053385416666666664
0 0.94140625 0.22591145833333334 0.06770833333333333 0.06640625
0 0.9720052083333334 0.16015625 0.022135416666666668 0.0234375
0 0.8404947916666666 0.11979166666666667 0.01953125 0.020833333333333332
0 0.8177083333333334 0.2721354166666667 0.015625 0.013020833333333334
0 0.810546875 0.3059895833333333 0.029947916666666668 0.018229166666666668
0 0.75 0.2923177083333333 0.015625 0.016927083333333332
0 0.6471354166666666 0.2981770833333333 0.010416666666666666 0.010416666666666666
0 0.5481770833333334 0.357421875 0.010416666666666666 0.01171875
0 0.494140625 0.2942708333333333 0.032552083333333336 0.0390625
0 0.4114583333333333 0.36328125 0.0390625 0.0390625
0 0.3971354166666667 0.46484375 0.041666666666666664 0.041666666666666664
0 0.44140625 0.6354166666666666 0.052083333333333336 0.0546875
0 0.23372395833333334 0.3131510416666667 0.024739583333333332 0.024739583333333332
0 0.2513020833333333 0.087890625 0.020833333333333332 0.01953125
0 0.4140625 0.2662760416666667 0.036458333333333336 0.032552083333333336
0 0.6048177083333334 0.4694010416666667 0.061197916666666664 0.06380208333333333
0 0.728515625 0.7923177083333334 0.01953125 0.022135416666666668
0 0.478515625 0.8828125 0.06901041666666667 0.078125
0 0.5201822916666666 0.951171875 0.016927083333333332 0.01953125
0 0.3450520833333333 0.853515625 0.09114583333333333 0.09765625
0 0.16341145833333334 0.6653645833333334 0.01953125 0.020833333333333332
0 0.07161458333333333 0.72265625 0.1328125 0.125
0 0.031901041666666664 0.580078125 0.016927083333333332 0.01953125
0 0.8743489583333334 0.6145833333333334 0.01171875 0.015625
0 0.48828125 0.017578125 0.015625 0.016927083333333332
0 0.8450520833333334 0.9889322916666666 0.013020833333333334 0.016927083333333332
0 0.955078125 0.9029947916666666 0.037760416666666664 0.037760416666666664
0 0.02734375 0.5553385416666666 0.013020833333333334 0.016927083333333332
0 0.9322916666666666 0.12890625 0.0078125 0.010416666666666666
0 0.19791666666666666 0.5162760416666666 0.010416666666666666 0.01171875
0 0.036458333333333336 0.17838541666666666 0.013020833333333334 0.015625
0 0.080078125 0.5026041666666666 0.01171875 0.013020833333333334
0 0.6015625 0.6295572916666666 0.010416666666666666 0.014322916666666666
0 0.4108072916666667 0.5299479166666666 0.01171875 0.013020833333333334
0 0.96484375 0.7513020833333334 0.06770833333333333 0.21614583333333334
0 0.013671875 0.880859375 0.02734375 0.055989583333333336
0 0.23372395833333334 0.4563802083333333 0.009114583333333334 0.009114583333333334
0 0.8567708333333334 0.69140625 0.010416666666666666 0.010416666666666666
0 0.8997395833333334 0.7109375 0.010416666666666666 0.010416666666666666
0 0.7513020833333334 0.681640625 0.010416666666666666 0.01171875
0 0.75 0.7180989583333334 0.0078125 0.009114583333333334
0 0.6790364583333334 0.6256510416666666 0.009114583333333334 0.01171875