0 0.6653645833333334 0.08854166666666667 0.11458333333333333 0.10416666666666667
0 0.3040364583333333 0.2513020833333333 0.15234375 0.13020833333333334
0 0.7923177083333334 0.2740885416666667 0.05859375 0.05859375
0 0.4661458333333333 0.15755208333333334 0.046875 0.033854166666666664
0 0.2649739583333333 0.080078125 0.048177083333333336 0.040364583333333336
0 0.18359375 0.7994791666666666 0.057291666666666664 0.0546875
0 0.35546875 0.7220052083333334 0.020833333333333332 0.022135416666666668
0 0.40625 0.302734375 0.018229166666666668 0.016927083333333332
0 0.76171875 0.8802083333333334 0.13020833333333334 0.13802083333333334
0 0.3138020833333333 0.927734375 0.028645833333333332 0.02734375
0 0.453125 0.857421875 0.028645833333333332 0.02734375
0 0.24609375 0.697265625 0.020833333333333332 0.01953125
0 0.5279947916666666 0.9069010416666666 0.024739583333333332 0.022135416666666668
0 0.5052083333333334 0.984375 0.028645833333333332 0.020833333333333332
0 0.8671875 0.943359375 0.0234375 0.022135416666666668
0 0.9212239583333334 0.3971354166666667 0.029947916666666668 0.026041666666666668
0 0.4986979166666667 0.24544270833333334 0.020833333333333332 0.024739583333333332
0 0.154296875 0.19921875 0.01953125 0.018229166666666668
0 0.453125 0.3326822916666667 0.018229166666666668 0.024739583333333332
0 0.6686197916666666 0.4459635416666667 0.022135416666666668 0.01953125
0 0.4615885416666667 0.6015625 0.01953125 0.020833333333333332
0 0.6236979166666666 0.755859375 0.059895833333333336 0.05859375
0 0.8958333333333334 0.17903645833333334 0.0234375 0.022135416666666668
0 0.345703125 0.039713541666666664 0.016927083333333332 0.016927083333333332
0 0.2669270833333333 0.046875 0.033854166666666664 0.026041666666666668
0 0.7180989583333334 0.150390625 0.01171875 0.01171875
0 0.09440104166666667 0.4635416666666667 0.01171875 0.010416666666666666
0 0.09830729166666667 0.474609375 0.01171875 0.009114583333333334
0 0.4641927083333333 0.49609375 0.016927083333333332 0.015625
0 0.521484375 0.4016927083333333 0.016927083333333332 0.01953125
0 0.58203125 0.349609375 0.013020833333333334 0.014322916666666666
0 0.3483072916666667 0.8111979166666666 0.014322916666666666 0.015625
0 0.927734375 0.8489583333333334 0.016927083333333332 0.018229166666666668
0 0.24283854166666666 0.021484375 0.016927083333333332 0.014322916666666666
0 0.23567708333333334 0.21158854166666666 0.015625 0.01171875