0 0.224609375 0.12890625 0.12369791666666667 0.11197916666666667
0 0.17578125 0.15299479166666666 0.0234375 0.01953125
0 0.595703125 0.059895833333333336 0.03515625 0.03125
0 0.7220052083333334 0.10091145833333333 0.016927083333333332 0.016927083333333332
0 0.6484375 0.08723958333333333 0.018229166666666668 0.018229166666666668
0 0.658203125 0.10416666666666667 0.016927083333333332 0.015625
0 0.14388020833333334 0.4694010416666667 0.022135416666666668 0.024739583333333332
0 0.357421875 0.2962239583333333 0.01953125 0.01953125
0 0.341796875 0.708984375 0.10807291666666667 0.10286458333333333
0 0.5084635416666666 0.8430989583333334 0.037760416666666664 0.03515625
0 0.046223958333333336 0.908203125 0.032552083333333336 0.032552083333333336
0 0.13346354166666666 0.2727864583333333 0.014322916666666666 0.014322916666666666
0 0.724609375 0.6569010416666666 0.02734375 0.022135416666666668
0 0.7428385416666666 0.6282552083333334 0.01953125 0.01953125
0 0.8815104166666666 0.296875 0.018229166666666668 0.018229166666666668
0 0.8580729166666666 0.181640625 0.015625 0.014322916666666666
0 0.9739583333333334 0.09830729166666667 0.018229166666666668 0.014322916666666666
0 0.5540364583333334 0.111328125 0.014322916666666666 0.014322916666666666
0 0.7688802083333334 0.9817708333333334 0.03515625 0.033854166666666664
0 0.884765625 0.9700520833333334 0.06380208333333333 0.059895833333333336
0 0.19075520833333334 0.986328125 0.01953125 0.016927083333333332
0 0.12044270833333333 0.5813802083333334 0.01171875 0.014322916666666666
0 0.6295572916666666 0.5983072916666666 0.014322916666666666 0.014322916666666666
0 0.9212239583333334 0.5709635416666666 0.014322916666666666 0.014322916666666666
0 0.4720052083333333 0.9837239583333334 0.037760416666666664 0.032552083333333336
0 0.3287760416666667 0.3404947916666667 0.014322916666666666 0.014322916666666666
0 0.27734375 0.53125 0.020833333333333332 0.020833333333333332
0 0.3040364583333333 0.412109375 0.33984375 0.28515625
0 0.6184895833333334 0.3515625 0.21354166666666666 0.2760416666666667
0 0.3138020833333333 0.8860677083333334 0.015625 0.014322916666666666
0 0.6666666666666666 0.5618489583333334 0.013020833333333334 0.01171875
0 0.9811197916666666 0.67578125 0.014322916666666666 0.015625
0 0.9837239583333334 0.65625 0.01171875 0.010416666666666666
0 0.9733072916666666 0.16666666666666666 0.04296875 0.0390625
0 0.3619791666666667 0.3138020833333333 0.010416666666666666 0.010416666666666666
0 0.2903645833333333 0.3899739583333333 0.0078125 0.009114583333333334
0 0.2903645833333333 0.458984375 0.010416666666666666 0.009114583333333334
0 0.439453125 0.134765625 0.01171875 0.01171875
0 0.5377604166666666 0.14583333333333334 0.010416666666666666 0.013020833333333334
0 0.6145833333333334 0.095703125 0.013020833333333334 0.014322916666666666
0 0.3854166666666667 0.022135416666666668 0.010416666666666666 0.013020833333333334
0 0.2565104166666667 0.259765625 0.013020833333333334 0.014322916666666666
0 0.3450520833333333 0.20442708333333334 0.010416666666666666 0.010416666666666666