0 0.10091145833333333 0.8274739583333334 0.01953125 0.01953125
0 0.2962239583333333 0.8984375 0.01953125 0.0234375
0 0.755859375 0.15494791666666666 0.08203125 0.08072916666666667
0 0.7688802083333334 0.2109375 0.024739583333333332 0.0234375
0 0.5345052083333334 0.9095052083333334 0.02734375 0.024739583333333332
0 0.5670572916666666 0.9772135416666666 0.05078125 0.032552083333333336
0 0.216796875 0.23177083333333334 0.01171875 0.018229166666666668
0 0.5716145833333334 0.11067708333333333 0.013020833333333334 0.015625
0 0.6041666666666666 0.6106770833333334 0.015625 0.013020833333333334
0 0.9908854166666666 0.98046875 0.018229166666666668 0.026041666666666668
0 0.6744791666666666 0.6809895833333334 0.018229166666666668 0.01953125
0 0.255859375 0.48046875 0.018229166666666668 0.018229166666666668
0 0.7018229166666666 0.4420572916666667 0.018229166666666668 0.01953125
0 0.828125 0.595703125 0.01171875 0.01171875
0 0.640625 0.3046875 0.013020833333333334 0.01171875
0 0.271484375 0.15690104166666666 0.01171875 0.01171875
0 0.1328125 0.6888020833333334 0.009114583333333334 0.009114583333333334
0 0.904296875 0.3138020833333333 0.010416666666666666 0.010416666666666666
0 0.33984375 0.5084635416666666 0.0078125 0.009114583333333334
0 0.482421875 0.4427083333333333 0.009114583333333334 0.009114583333333334
0 0.23177083333333334 0.3932291666666667 0.010416666666666666 0.010416666666666666
0 0.12369791666666667 0.4921875 0.009114583333333334 0.009114583333333334
0 0.22721354166666666 0.2734375 0.010416666666666666 0.010416666666666666
0 0.057942708333333336 0.4446614583333333 0.009114583333333334 0.009114583333333334
0 0.5885416666666666 0.7740885416666666 0.009114583333333334 0.010416666666666666