0 0.9641927083333334 0.12174479166666667 0.03515625 0.03515625
0 0.9049479166666666 0.150390625 0.018229166666666668 0.016927083333333332
0 0.8782552083333334 0.21744791666666666 0.22526041666666666 0.2552083333333333
0 0.771484375 0.016276041666666668 0.01953125 0.01953125
0 0.6282552083333334 0.14127604166666666 0.032552083333333336 0.029947916666666668
0 0.814453125 0.2766927083333333 0.014322916666666666 0.01953125
0 0.8997395833333334 0.6399739583333334 0.028645833333333332 0.02734375
0 0.9739583333333334 0.486328125 0.018229166666666668 0.01953125
0 0.4427083333333333 0.375 0.026041666666666668 0.0234375
0 0.4296875 0.3990885416666667 0.0234375 0.022135416666666668
0 0.4680989583333333 0.078125 0.09765625 0.10416666666666667
0 0.41015625 0.291015625 0.052083333333333336 0.04296875
0 0.3430989583333333 0.1484375 0.10026041666666667 0.09895833333333333
0 0.24088541666666666 0.08333333333333333 0.044270833333333336 0.036458333333333336
0 0.3639322916666667 0.039713541666666664 0.09244791666666667 0.07682291666666667
0 0.6341145833333334 0.6881510416666666 0.059895833333333336 0.055989583333333336
0 0.744140625 0.7825520833333334 0.10546875 0.11458333333333333
0 0.5305989583333334 0.7526041666666666 0.2799479166666667 0.3203125
0 0.255859375 0.380859375 0.024739583333333332 0.024739583333333332
0 0.2623697916666667 0.5358072916666666 0.022135416666666668 0.022135416666666668
0 0.240234375 0.51953125 0.014322916666666666 0.015625
0 0.8684895833333334 0.984375 0.020833333333333332 0.0234375
0 0.962890625 0.943359375 0.06640625 0.07161458333333333
0 0.06315104166666667 0.6061197916666666 0.022135416666666668 0.024739583333333332
0 0.8990885416666666 0.5234375 0.016927083333333332 0.020833333333333332
0 0.09700520833333333 0.9075520833333334 0.016927083333333332 0.018229166666666668
0 0.9440104166666666 0.7096354166666666 0.013020833333333334 0.013020833333333334
0 0.9088541666666666 0.83984375 0.013020833333333334 0.013020833333333334
0 0.20442708333333334 0.8235677083333334 0.057291666666666664 0.05859375
0 0.20768229166666666 0.13541666666666666 0.014322916666666666 0.015625
0 0.7942708333333334 0.22265625 0.015625 0.018229166666666668
0 0.970703125 0.7154947916666666 0.01171875 0.016927083333333332
0 0.9251302083333334 0.84375 0.01171875 0.015625
0 0.943359375 0.9498697916666666 0.01171875 0.01171875
0 0.77734375 0.3997395833333333 0.013020833333333334 0.013020833333333334
0 0.6321614583333334 0.4153645833333333 0.014322916666666666 0.013020833333333334
0 0.421875 0.3684895833333333 0.015625 0.020833333333333332
0 0.4296875 0.8131510416666666 0.015625 0.014322916666666666
0 0.484375 0.9557291666666666 0.013020833333333334 0.013020833333333334
0 0.3209635416666667 0.16276041666666666 0.01171875 0.013020833333333334
0 0.23177083333333334 0.033854166666666664 0.015625 0.018229166666666668
0 0.014322916666666666 0.994140625 0.018229166666666668 0.01171875
0 0.287109375 0.9934895833333334 0.014322916666666666 0.013020833333333334
0 0.4296875 0.978515625 0.013020833333333334 0.01171875
0 0.62109375 0.9609375 0.013020833333333334 0.013020833333333334
0 0.8391927083333334 0.18229166666666666 0.01171875 0.013020833333333334