0 0.14388020833333334 0.1875 0.045572916666666664 0.046875
0 0.14127604166666666 0.13020833333333334 0.024739583333333332 0.026041666666666668
0 0.6217447916666666 0.046223958333333336 0.016927083333333332 0.014322916666666666
0 0.5182291666666666 0.111328125 0.026041666666666668 0.02734375
0 0.18815104166666666 0.2903645833333333 0.009114583333333334 0.018229166666666668
0 0.005859375 0.3463541666666667 0.01171875 0.036458333333333336
0 0.4680989583333333 0.4837239583333333 0.022135416666666668 0.02734375
0 0.609375 0.4303385416666667 0.026041666666666668 0.024739583333333332
0 0.5768229166666666 0.375 0.06510416666666667 0.046875
0 0.8619791666666666 0.22135416666666666 0.08072916666666667 0.078125
0 0.8951822916666666 0.06966145833333333 0.10807291666666667 0.08723958333333333
0 0.8567708333333334 0.045572916666666664 0.013020833333333334 0.013020833333333334
0 0.3704427083333333 0.4986979166666667 0.10026041666666667 0.09895833333333333
0 0.4635416666666667 0.556640625 0.078125 0.08463541666666667
0 0.4563802083333333 0.5768229166666666 0.032552083333333336 0.03125
0 0.515625 0.6204427083333334 0.020833333333333332 0.02734375
0 0.5963541666666666 0.7194010416666666 0.10416666666666667 0.11067708333333333
0 0.830078125 0.62890625 0.30859375 0.3567708333333333
0 0.9772135416666666 0.9420572916666666 0.01953125 0.016927083333333332
0 0.43359375 0.8268229166666666 0.026041666666666668 0.026041666666666668
0 0.3723958333333333 0.8365885416666666 0.059895833333333336 0.05859375
0 0.22916666666666666 0.6145833333333334 0.03125 0.0390625
0 0.34765625 0.654296875 0.015625 0.01953125
0 0.35546875 0.7174479166666666 0.013020833333333334 0.015625
0 0.10546875 0.7298177083333334 0.033854166666666664 0.02734375
0 0.07291666666666667 0.7109375 0.020833333333333332 0.015625
0 0.010416666666666666 0.75 0.013020833333333334 0.015625
0 0.0625 0.6328125 0.1171875 0.140625
0 0.2532552083333333 0.5182291666666666 0.016927083333333332 0.0078125
0 0.2682291666666667 0.4375 0.013020833333333334 0.015625
0 0.043619791666666664 0.4928385416666667 0.014322916666666666 0.016927083333333332
0 0.6360677083333334 0.2545572916666667 0.014322916666666666 0.014322916666666666
0 0.712890625 0.291015625 0.016927083333333332 0.016927083333333332
0 0.8111979166666666 0.3216145833333333 0.026041666666666668 0.026041666666666668
0 0.9342447916666666 0.3717447916666667 0.029947916666666668 0.02734375
0 0.9381510416666666 0.505859375 0.01953125 0.022135416666666668
0 0.8671875 0.5384114583333334 0.018229166666666668 0.016927083333333332
0 0.7513020833333334 0.6510416666666666 0.0234375 0.026041666666666668
0 0.3522135416666667 0.9811197916666666 0.01953125 0.022135416666666668
0 0.275390625 0.951171875 0.01953125 0.014322916666666666
0 0.3854166666666667 0.9505208333333334 0.018229166666666668 0.013020833333333334
0 0.2649739583333333 0.13671875 0.014322916666666666 0.013020833333333334
0 0.013020833333333334 0.036458333333333336 0.015625 0.018229166666666668
0 0.20247395833333334 0.06510416666666667 0.21484375 0.13020833333333334
0 0.9322916666666666 0.17057291666666666 0.0078125 0.015625