0 0.845703125 0.6940104166666666 0.30859375 0.4973958333333333
0 0.9694010416666666 0.015625 0.061197916666666664 0.03125
0 0.1456119791666667 0.05471354166666668 0.05186197916666665 0.04541666666666666
0 0.31921874999999994 0.5765625 0.04750000000000002 0.03876302083333331
0 0.5112500000000001 0.6275520833333333 0.04529947916666662 0.040924479166666604
0 0.06966145833333333 0.7089322916666667 0.025833333333333337 0.03438802083333344
0 0.2920833333333334 0.6221354166666666 0.032304687500000005 0.038749999999999986
0 0.30510416666666673 0.7393098958333333 0.032304687500000005 0.03438802083333344
0 0.4298828125 0.2521744791666667 0.043138020833333325 0.03667968750000002
0 0.44723958333333336 0.2836328125 0.030117187499999993 0.03884114583333331
0 0.5340364583333335 0.040611979166666666 0.043125000000000004 0.038906249999999996
0 0.5948046874999999 0.0981119791666667 0.03877604166666663 0.04540364583333334
0 0.695703125 0.10570312500000001 0.04960937499999988 0.04757812499999999
0 0.6588151041666667 0.24674479166666666 0.03658854166666662 0.030169270833333355
0 0.6425390625 0.1371744791666667 0.03442708333333341 0.0410546875
0 0.5036588541666666 0.37911458333333337 0.06483072916666661 0.04316406249999997
0 0.8812369791666667 0.21962239583333334 0.03872395833333334 0.03235677083333336
0 0.9528385416666666 0.22179687499999998 0.03871093750000002 0.03235677083333336
0 0.985390625 0.2424088541666667 0.02569010416666669 0.03451822916666666
0 0.8389192708333333 0.15127604166666667 0.0322265625 0.030195312499999998