0 0.4921875 0.416015625 0.0390625 0.04296875
0 0.806640625 0.84375 0.029947916666666668 0.026041666666666668
0 0.3411458333333333 0.80078125 0.028645833333333332 0.03125
0 0.287109375 0.8684895833333334 0.01953125 0.015625
0 0.3802083333333333 0.9446614583333334 0.0234375 0.01953125
0 0.3561197916666667 0.5852864583333334 0.037760416666666664 0.032552083333333336
0 0.640625 0.6875 0.028645833333333332 0.026041666666666668
0 0.5169270833333334 0.3287760416666667 0.07552083333333333 0.053385416666666664
0 0.73046875 0.71875 0.018229166666666668 0.015625
0 0.8736979166666666 0.7122395833333334 0.06510416666666667 0.052083333333333336
0 0.8736979166666666 0.3899739583333333 0.16145833333333334 0.16015625
0 0.7825520833333334 0.9537760416666666 0.07291666666666667 0.06640625
0 0.18294270833333334 0.6901041666666666 0.11067708333333333 0.09895833333333333
0 0.046223958333333336 0.6341145833333334 0.08463541666666667 0.09114583333333333
0 0.2825520833333333 0.16276041666666666 0.0625 0.057291666666666664
0 0.055989583333333336 0.19791666666666666 0.026041666666666668 0.028645833333333332
0 0.146484375 0.3912760416666667 0.21223958333333334 0.20182291666666666
0 0.3424479166666667 0.2604166666666667 0.026041666666666668 0.020833333333333332
0 0.2760416666666667 0.5201822916666666 0.015625 0.009114583333333334
0 0.3131510416666667 0.3157552083333333 0.01953125 0.014322916666666666
0 0.5494791666666666 0.234375 0.0546875 0.046875
0 0.8216145833333334 0.787109375 0.013020833333333334 0.016927083333333332
0 0.5201822916666666 0.6145833333333334 0.016927083333333332 0.015625
0 0.6061197916666666 0.3717447916666667 0.01953125 0.01953125
0 0.6458333333333334 0.2265625 0.026041666666666668 0.018229166666666668
0 0.568359375 0.150390625 0.01953125 0.01953125
0 0.2552083333333333 0.022135416666666668 0.020833333333333332 0.0234375
0 0.853515625 0.10091145833333333 0.032552083333333336 0.02734375
0 0.6881510416666666 0.9368489583333334 0.024739583333333332 0.022135416666666668
0 0.7760416666666666 0.13997395833333334 0.020833333333333332 0.024739583333333332
0 0.921875 0.9498697916666666 0.013020833333333334 0.016927083333333332
0 0.9602864583333334 0.966796875 0.022135416666666668 0.014322916666666666
0 0.828125 0.4889322916666667 0.020833333333333332 0.01953125
0 0.055338541666666664 0.7578125 0.016927083333333332 0.015625
0 0.020182291666666668 0.8723958333333334 0.01953125 0.018229166666666668
0 0.00390625 0.296875 0.0078125 0.026041666666666668
0 0.34765625 0.73828125 0.010416666666666666 0.015625