0 0.5026041666666666 0.15885416666666666 0.0546875 0.0546875
0 0.4934895833333333 0.3997395833333333 0.033854166666666664 0.041666666666666664
0 0.3984375 0.6848958333333334 0.078125 0.07291666666666667
0 0.5345052083333334 0.7415364583333334 0.053385416666666664 0.055989583333333336
0 0.4733072916666667 0.7766927083333334 0.022135416666666668 0.032552083333333336
0 0.7734375 0.697265625 0.125 0.12369791666666667
0 0.357421875 0.9733072916666666 0.03515625 0.029947916666666668
0 0.2565104166666667 0.990234375 0.03125 0.01953125
0 0.8333333333333334 0.8977864583333334 0.13020833333333334 0.10807291666666667
0 0.9244791666666666 0.796875 0.13020833333333334 0.12760416666666666
0 0.12044270833333333 0.9759114583333334 0.01953125 0.022135416666666668
0 0.64453125 0.986328125 0.03125 0.02734375