0 0.865234375 0.4192708333333333 0.024739583333333332 0.028645833333333332
0 0.875 0.291015625 0.0703125 0.07161458333333333
0 0.5546875 0.14388020833333334 0.026041666666666668 0.02734375
0 0.5084635416666666 0.5123697916666666 0.12109375 0.13411458333333334
0 0.5026041666666666 0.5787760416666666 0.020833333333333332 0.022135416666666668
0 0.2936197916666667 0.431640625 0.032552083333333336 0.03515625
0 0.3717447916666667 0.580078125 0.029947916666666668 0.03515625
0 0.2838541666666667 0.705078125 0.020833333333333332 0.02734375
0 0.19270833333333334 0.7994791666666666 0.059895833333333336 0.0625
0 0.15950520833333334 0.5696614583333334 0.01953125 0.01953125
0 0.040364583333333336 0.7845052083333334 0.041666666666666664 0.05859375
0 0.115234375 0.2591145833333333 0.029947916666666668 0.03125
0 0.14908854166666666 0.18815104166666666 0.01953125 0.016927083333333332
0 0.6764322916666666 0.2584635416666667 0.016927083333333332 0.01953125
0 0.40234375 0.8111979166666666 0.015625 0.018229166666666668
0 0.41796875 0.662109375 0.015625 0.016927083333333332
0 0.4212239583333333 0.7272135416666666 0.014322916666666666 0.014322916666666666
0 0.37109375 0.681640625 0.013020833333333334 0.016927083333333332
0 0.0234375 0.8274739583333334 0.015625 0.01953125
0 0.97265625 0.1875 0.015625 0.018229166666666668
0 0.21744791666666666 0.9296875 0.015625 0.015625
0 0.19791666666666666 0.9733072916666666 0.018229166666666668 0.016927083333333332
0 0.6783854166666666 0.763671875 0.015625 0.014322916666666666
0 0.6712239583333334 0.837890625 0.01171875 0.014322916666666666
0 0.9453125 0.9544270833333334 0.026041666666666668 0.0234375
0 0.6783854166666666 0.18489583333333334 0.013020833333333334 0.013020833333333334
0 0.5091145833333334 0.07552083333333333 0.013020833333333334 0.015625
0 0.18880208333333334 0.4361979166666667 0.015625 0.015625
0 0.2786458333333333 0.6595052083333334 0.015625 0.014322916666666666