0 0.4361979166666667 0.85546875 0.026041666666666668 0.0390625
0 0.2877604166666667 0.1015625 0.041666666666666664 0.046875
0 0.15885416666666666 0.3072916666666667 0.044270833333333336 0.0390625
0 0.08138020833333333 0.2721354166666667 0.045572916666666664 0.03125
0 0.462890625 0.7233072916666666 0.029947916666666668 0.037760416666666664
0 0.6783854166666666 0.13020833333333334 0.036458333333333336 0.0390625
0 0.775390625 0.138671875 0.048177083333333336 0.05078125
0 0.9049479166666666 0.0390625 0.026041666666666668 0.026041666666666668
0 0.9635416666666666 0.06901041666666667 0.013020833333333334 0.018229166666666668
0 0.240234375 0.37890625 0.024739583333333332 0.028645833333333332
0 0.4446614583333333 0.8053385416666666 0.01953125 0.016927083333333332
0 0.7486979166666666 0.4752604166666667 0.026041666666666668 0.026041666666666668
0 0.19466145833333334 0.3776041666666667 0.024739583333333332 0.026041666666666668
0 0.6393229166666666 0.330078125 0.015625 0.016927083333333332
0 0.654296875 0.703125 0.13671875 0.14322916666666666
0 0.646484375 0.78125 0.032552083333333336 0.0390625
0 0.91796875 0.6783854166666666 0.026041666666666668 0.0234375
0 0.927734375 0.9381510416666666 0.09765625 0.09244791666666667
0 0.7643229166666666 0.3645833333333333 0.018229166666666668 0.013020833333333334
0 0.359375 0.6100260416666666 0.0234375 0.022135416666666668
0 0.302734375 0.2610677083333333 0.01953125 0.014322916666666666
0 0.5286458333333334 0.712890625 0.015625 0.01953125
0 0.031901041666666664 0.3873697916666667 0.014322916666666666 0.01953125
0 0.2845052083333333 0.8235677083333334 0.06901041666666667 0.07161458333333333
0 0.3053385416666667 0.7063802083333334 0.01953125 0.01953125
0 0.234375 0.06315104166666667 0.013020833333333334 0.009114583333333334
0 0.06575520833333333 0.853515625 0.022135416666666668 0.024739583333333332
0 0.4505208333333333 0.7454427083333334 0.015625 0.01953125
0 0.4244791666666667 0.7565104166666666 0.015625 0.015625
0 0.4973958333333333 0.9036458333333334 0.018229166666666668 0.018229166666666668
0 0.4654947916666667 0.869140625 0.01953125 0.01953125
0 0.3639322916666667 0.4440104166666667 0.30078125 0.3541666666666667
0 0.8587239583333334 0.3619791666666667 0.24088541666666666 0.3697916666666667
0 0.603515625 0.23372395833333334 0.048177083333333336 0.045572916666666664
0 0.12044270833333333 0.09440104166666667 0.01953125 0.01953125
0 0.10872395833333333 0.62890625 0.016927083333333332 0.018229166666666668
0 0.5501302083333334 0.052734375 0.01953125 0.014322916666666666
0 0.10546875 0.9837239583333334 0.036458333333333336 0.024739583333333332
0 0.7233072916666666 0.5013020833333334 0.02734375 0.028645833333333332
0 0.484375 0.08528645833333333 0.013020833333333334 0.016927083333333332
0 0.6263020833333334 0.5670572916666666 0.013020833333333334 0.01171875
0 0.6295572916666666 0.4479166666666667 0.01171875 0.013020833333333334
0 0.4088541666666667 0.47265625 0.013020833333333334 0.013020833333333334
0 0.4375 0.4817708333333333 0.013020833333333334 0.013020833333333334
0 0.15494791666666666 0.9329427083333334 0.015625 0.01171875
0 0.16536458333333334 0.5078125 0.010416666666666666 0.013020833333333334
0 0.17643229166666666 0.6276041666666666 0.01171875 0.010416666666666666
0 0.15885416666666666 0.5950520833333334 0.010416666666666666 0.013020833333333334
0 0.18294270833333334 0.48046875 0.01171875 0.010416666666666666
0 0.2734375 0.9479166666666666 0.018229166666666668 0.015625
0 0.34765625 0.9759114583333334 0.013020833333333334 0.01171875
0 0.40234375 0.8177083333333334 0.010416666666666666 0.013020833333333334
0 0.21940104166666666 0.032552083333333336 0.01171875 0.015625
0 0.27734375 0.061848958333333336 0.010416666666666666 0.014322916666666666
0 0.748046875 0.7669270833333334 0.01171875 0.013020833333333334
0 0.5338541666666666 0.8326822916666666 0.010416666666666666 0.01171875