0 0.17122395833333334 0.462890625 0.01953125 0.01953125
0 0.517578125 0.4557291666666667 0.02734375 0.028645833333333332
0 0.5514322916666666 0.322265625 0.016927083333333332 0.01953125
0 0.79296875 0.09830729166666667 0.041666666666666664 0.040364583333333336
0 0.7278645833333334 0.58984375 0.015625 0.015625
0 0.9440104166666666 0.8092447916666666 0.036458333333333336 0.037760416666666664
0 0.89453125 0.8997395833333334 0.11458333333333333 0.12239583333333333
0 0.14388020833333334 0.5735677083333334 0.016927083333333332 0.016927083333333332
0 0.3515625 0.08333333333333333 0.013020833333333334 0.015625
0 0.24348958333333334 0.24934895833333334 0.015625 0.014322916666666666
0 0.5260416666666666 0.7923177083333334 0.013020833333333334 0.014322916666666666
0 0.3483072916666667 0.9680989583333334 0.016927083333333332 0.01953125
0 0.18489583333333334 0.8951822916666666 0.015625 0.014322916666666666
0 0.203125 0.9368489583333334 0.013020833333333334 0.014322916666666666
0 0.4075520833333333 0.935546875 0.010416666666666666 0.01171875
0 0.4459635416666667 0.9368489583333334 0.009114583333333334 0.01171875
0 0.9850260416666666 0.5852864583333334 0.014322916666666666 0.016927083333333332
0 0.6145833333333334 0.802734375 0.010416666666666666 0.01171875
0 0.6647135416666666 0.7740885416666666 0.009114583333333334 0.014322916666666666
0 0.310546875 0.4134114583333333 0.01171875 0.009114583333333334
0 0.11067708333333333 0.14322916666666666 0.0078125 0.010416666666666666
0 0.2740885416666667 0.595703125 0.01171875 0.01171875
0 0.904296875 0.310546875 0.009114583333333334 0.009114583333333334
0 0.9674479166666666 0.3795572916666667 0.010416666666666666 0.014322916666666666
0 0.8658854166666666 0.55078125 0.010416666666666666 0.013020833333333334
0 0.4147135416666667 0.76953125 0.01171875 0.010416666666666666
0 0.8958333333333334 0.4427083333333333 0.0078125 0.013020833333333334
0 0.6295572916666666 0.568359375 0.009114583333333334 0.01171875
0 0.48828125 0.5338541666666666 0.010416666666666666 0.010416666666666666
0 0.026041666666666668 0.7220052083333334 0.0078125 0.009114583333333334
0 0.7434895833333334 0.2643229166666667 0.11979166666666667 0.11458333333333333
0 0.76171875 0.20963541666666666 0.013020833333333334 0.013020833333333334
0 0.9817708333333334 0.8782552083333334 0.010416666666666666 0.009114583333333334
0 0.7415364583333334 0.9055989583333334 0.01171875 0.009114583333333334
0 0.9733072916666666 0.6321614583333334 0.01171875 0.014322916666666666
0 0.578125 0.3893229166666667 0.013020833333333334 0.010416666666666666