0 0.23958333333333334 0.6966145833333334 0.4791666666666667 0.6067708333333334
0 0.5095442708333332 0.5015234375 0.1345442708333334 0.13238281249999995
0 0.3098958333333333 0.06315104166666667 0.06076822916666665 0.045572916666666664
0 0.8719661458333334 0.1564713541666667 0.04774739583333343 0.04990885416666665
0 0.6342838541666668 0.43269531249999993 0.05481770833333336 0.046471354166666735
0 0.5079817708333335 0.10143229166666663 0.05005208333333341 0.044088541666666675
0 0.7182942708333334 0.016236979166666665 0.02979166666666681 0.026210937499999993
0 0.7975390625 0.04661458333333335 0.03574218750000006 0.03932291666666667
0 0.8648567708333333 0.02516927083333335 0.027408854166666607 0.02979166666666666
0 0.6593098958333332 0.2706380208333334 0.033359374999999934 0.036940104166666675
0 0.9709114583333335 0.2062890625 0.03932291666666673 0.03455729166666669
0 0.03374999999999995 0.015234374999999986 0.017994791666666662 0.017994791666666666
0 0.04592447916666664 0.034557291666666656 0.021171875000000007 0.021692708333333328
0 0.21660156250000004 0.018684895833333326 0.01640625000000003 0.015351562499999999
0 0.16182291666666662 0.18936197916666667 0.02117187499999999 0.02117187499999999
0 0.17664062499999997 0.19226562500000002 0.016940104166666654 0.012174479166666696
0 0.09169270833333328 0.1681901041666667 0.025937500000000013 0.020117187499999984
0 0.06576822916666665 0.19438802083333337 0.024869791666666658 0.01958333333333336
0 0.83046875 0.7812239583333334 0.027617187500000046 0.029231770833333393
0 0.7862109374999999 0.77796875 0.023554687499999893 0.029231770833333393
0 0.97421875 0.5091536458333333 0.027617187500000046 0.024361979166666714