0 0.9869791666666666 0.5091145833333334 0.026041666666666668 0.028645833333333332
0 0.6432291666666666 0.58203125 0.036458333333333336 0.03515625
0 0.8736979166666666 0.09309895833333333 0.033854166666666664 0.029947916666666668
0 0.7962239583333334 0.8203125 0.036458333333333336 0.037760416666666664
0 0.8053385416666666 0.4205729166666667 0.033854166666666664 0.032552083333333336
0 0.130859375 0.3619791666666667 0.032552083333333336 0.03125
0 0.833984375 0.21419270833333334 0.037760416666666664 0.037760416666666664
0 0.271484375 0.10611979166666667 0.03125 0.032552083333333336
0 0.9342447916666666 0.9192708333333334 0.03125 0.03125
0 0.7122395833333334 0.216796875 0.046875 0.044270833333333336
0 0.8033854166666666 0.25390625 0.052083333333333336 0.049479166666666664
0 0.2708333333333333 0.6048177083333334 0.041666666666666664 0.0390625
0 0.9524739583333334 0.359375 0.036458333333333336 0.037760416666666664
0 0.693359375 0.65234375 0.041666666666666664 0.033854166666666664
0 0.5618489583333334 0.8958333333333334 0.048177083333333336 0.049479166666666664
0 0.9915364583333334 0.1484375 0.016927083333333332 0.036458333333333336
0 0.7200520833333334 0.7194010416666666 0.0390625 0.0390625
0 0.07486979166666667 0.80859375 0.049479166666666664 0.05078125
0 0.390625 0.026041666666666668 0.06770833333333333 0.052083333333333336
0 0.4244791666666667 0.861328125 0.0625 0.057291666666666664
0 0.3326822916666667 0.7063802083333334 0.053385416666666664 0.046875
0 0.9830729166666666 0.2884114583333333 0.033854166666666664 0.05078125
0 0.7649739583333334 0.9830729166666666 0.040364583333333336 0.033854166666666664
0 0.7194010416666666 0.9915364583333334 0.045572916666666664 0.016927083333333332
0 0.525390625 0.7356770833333334 0.044270833333333336 0.044270833333333336
0 0.040364583333333336 0.9446614583333334 0.046875 0.045572916666666664
0 0.439453125 0.8046875 0.049479166666666664 0.046875
0 0.07161458333333333 0.035807291666666664 0.11979166666666667 0.07161458333333333
0 0.2994791666666667 0.8274739583333334 0.06640625 0.06510416666666667
0 0.5963541666666666 0.3893229166666667 0.07421875 0.07682291666666667
0 0.4225260416666667 0.15625 0.09635416666666667 0.08854166666666667
0 0.88671875 0.9108072916666666 0.07421875 0.06770833333333333