0 0.5455729166666666 0.12825520833333334 0.018229166666666668 0.01953125
0 0.12239583333333333 0.13932291666666666 0.07291666666666667 0.06770833333333333
0 0.013671875 0.2506510416666667 0.024739583333333332 0.037760416666666664
0 0.10221354166666667 0.022135416666666668 0.022135416666666668 0.0234375
0 0.07877604166666667 0.039713541666666664 0.014322916666666666 0.01953125
0 0.20963541666666666 0.07096354166666667 0.15885416666666666 0.12630208333333334
0 0.25 0.177734375 0.033854166666666664 0.029947916666666668
0 0.109375 0.220703125 0.015625 0.016927083333333332
0 0.15169270833333334 0.3313802083333333 0.024739583333333332 0.024739583333333332
0 0.06315104166666667 0.3736979166666667 0.016927083333333332 0.018229166666666668
0 0.3678385416666667 0.054036458333333336 0.01953125 0.016927083333333332
0 0.5592447916666666 0.22526041666666666 0.08203125 0.078125
0 0.3873697916666667 0.4407552083333333 0.01953125 0.01953125
0 0.6588541666666666 0.3229166666666667 0.08072916666666667 0.09114583333333333
0 0.7532552083333334 0.404296875 0.048177083333333336 0.045572916666666664
0 0.18880208333333334 0.5657552083333334 0.026041666666666668 0.03515625
0 0.41015625 0.6067708333333334 0.020833333333333332 0.018229166666666668
0 0.5442708333333334 0.517578125 0.033854166666666664 0.02734375
0 0.3430989583333333 0.5065104166666666 0.01953125 0.020833333333333332
0 0.07942708333333333 0.8606770833333334 0.0546875 0.057291666666666664
0 0.322265625 0.78515625 0.045572916666666664 0.0390625
0 0.3912760416666667 0.7174479166666666 0.15755208333333334 0.17447916666666666
0 0.8209635416666666 0.53125 0.02734375 0.026041666666666668
0 0.017578125 0.8671875 0.032552083333333336 0.046875
0 0.23763020833333334 0.9251302083333334 0.032552083333333336 0.032552083333333336
0 0.076171875 0.9680989583333334 0.048177083333333336 0.05078125
0 0.9798177083333334 0.10481770833333333 0.01953125 0.01953125
0 0.10416666666666667 0.4739583333333333 0.013020833333333334 0.013020833333333334
0 0.19270833333333334 0.6920572916666666 0.013020833333333334 0.014322916666666666
0 0.16796875 0.62109375 0.013020833333333334 0.013020833333333334
0 0.2923177083333333 0.8580729166666666 0.014322916666666666 0.013020833333333334
0 0.22005208333333334 0.8411458333333334 0.013020833333333334 0.013020833333333334
0 0.8776041666666666 0.6497395833333334 0.015625 0.015625
0 0.935546875 0.494140625 0.014322916666666666 0.014322916666666666
0 0.7063802083333334 0.474609375 0.014322916666666666 0.014322916666666666
0 0.80859375 0.4303385416666667 0.013020833333333334 0.01171875