0 0.1015625 0.7063802083333334 0.018229166666666668 0.024739583333333332
0 0.4713541666666667 0.9296875 0.0234375 0.0234375
0 0.46484375 0.6165364583333334 0.052083333333333336 0.061197916666666664
0 0.4850260416666667 0.80859375 0.024739583333333332 0.028645833333333332
0 0.18684895833333334 0.904296875 0.02734375 0.029947916666666668
0 0.22005208333333334 0.9641927083333334 0.020833333333333332 0.022135416666666668
0 0.337890625 0.5078125 0.029947916666666668 0.033854166666666664
0 0.49609375 0.41796875 0.0234375 0.0234375
0 0.427734375 0.5696614583333334 0.024739583333333332 0.024739583333333332
0 0.7311197916666666 0.9446614583333334 0.029947916666666668 0.032552083333333336
0 0.76171875 0.9212239583333334 0.018229166666666668 0.022135416666666668
0 0.5865885416666666 0.80078125 0.02734375 0.028645833333333332
0 0.072265625 0.62890625 0.01953125 0.018229166666666668
0 0.025390625 0.3287760416666667 0.032552083333333336 0.029947916666666668
0 0.10026041666666667 0.20768229166666666 0.06770833333333333 0.08203125
0 0.44921875 0.15755208333333334 0.03125 0.03125
0 0.4459635416666667 0.06966145833333333 0.03515625 0.037760416666666664
0 0.62890625 0.23372395833333334 0.020833333333333332 0.01953125
0 0.7272135416666666 0.16015625 0.024739583333333332 0.026041666666666668
0 0.6145833333333334 0.9251302083333334 0.140625 0.12369791666666667
0 0.7916666666666666 0.6516927083333334 0.3385416666666667 0.3450520833333333
0 0.79296875 0.19466145833333334 0.020833333333333332 0.01953125
0 0.7610677083333334 0.271484375 0.01953125 0.016927083333333332
0 0.162109375 0.5221354166666666 0.016927083333333332 0.018229166666666668
0 0.17317708333333334 0.7532552083333334 0.018229166666666668 0.01953125
0 0.018880208333333332 0.7552083333333334 0.016927083333333332 0.018229166666666668
0 0.10416666666666667 0.8151041666666666 0.020833333333333332 0.020833333333333332
0 0.8489583333333334 0.8893229166666666 0.028645833333333332 0.03125
0 0.490234375 0.4596354166666667 0.016927083333333332 0.018229166666666668
0 0.23567708333333334 0.3072916666666667 0.109375 0.13020833333333334
0 0.8756510416666666 0.21028645833333334 0.016927083333333332 0.016927083333333332
0 0.853515625 0.06770833333333333 0.24088541666666666 0.12760416666666666
0 0.012369791666666666 0.7330729166666666 0.016927083333333332 0.015625
0 0.12630208333333334 0.6744791666666666 0.06770833333333333 0.078125
0 0.19921875 0.6321614583333334 0.06510416666666667 0.07161458333333333
0 0.330078125 0.3776041666666667 0.07682291666666667 0.0703125
0 0.038411458333333336 0.90625 0.07421875 0.08072916666666667
0 0.027994791666666668 0.69140625 0.014322916666666666 0.018229166666666668
0 0.4153645833333333 0.5143229166666666 0.013020833333333334 0.015625
0 0.8873697916666666 0.7545572916666666 0.037760416666666664 0.045572916666666664
0 0.6373697916666666 0.7330729166666666 0.014322916666666666 0.018229166666666668
0 0.6022135416666666 0.009114583333333334 0.02734375 0.018229166666666668
0 0.5104166666666666 0.047526041666666664 0.1171875 0.09505208333333333
0 0.19921875 0.012369791666666666 0.03125 0.024739583333333332
0 0.18229166666666666 0.051432291666666664 0.052083333333333336 0.04296875
0 0.3248697916666667 0.09505208333333333 0.01953125 0.018229166666666668