0 0.2506510416666667 0.6705729166666666 0.02734375 0.033854166666666664
0 0.4811197916666667 0.9361979166666666 0.10026041666666667 0.07552083333333333
0 0.2506510416666667 0.9270833333333334 0.016927083333333332 0.015625
0 0.271484375 0.95703125 0.01953125 0.020833333333333332
0 0.059895833333333336 0.042317708333333336 0.013020833333333334 0.014322916666666666
0 0.294921875 0.27734375 0.014322916666666666 0.013020833333333334
0 0.10546875 0.4140625 0.06510416666666667 0.078125
0 0.5442708333333334 0.11783854166666667 0.0546875 0.045572916666666664
0 0.5716145833333334 0.4342447916666667 0.020833333333333332 0.01953125
0 0.5579427083333334 0.4205729166666667 0.17578125 0.22135416666666666
0 0.5384114583333334 0.4850260416666667 0.032552083333333336 0.037760416666666664
0 0.9075520833333334 0.5579427083333334 0.020833333333333332 0.01953125
0 0.927734375 0.796875 0.016927083333333332 0.015625
0 0.599609375 0.8092447916666666 0.022135416666666668 0.016927083333333332
0 0.66796875 0.8671875 0.018229166666666668 0.018229166666666668
0 0.15104166666666666 0.9088541666666666 0.013020833333333334 0.013020833333333334
0 0.042317708333333336 0.2513020833333333 0.016927083333333332 0.013020833333333334
0 0.09505208333333333 0.5501302083333334 0.013020833333333334 0.01171875
0 0.11067708333333333 0.7395833333333334 0.010416666666666666 0.013020833333333334
0 0.6490885416666666 0.2545572916666667 0.022135416666666668 0.024739583333333332
0 0.9765625 0.939453125 0.015625 0.01171875
0 0.9772135416666666 0.9283854166666666 0.016927083333333332 0.018229166666666668
0 0.86328125 0.7578125 0.013020833333333334 0.013020833333333334
0 0.8815104166666666 0.279296875 0.015625 0.016927083333333332
0 0.611328125 0.21549479166666666 0.014322916666666666 0.016927083333333332
0 0.6412760416666666 0.18880208333333334 0.016927083333333332 0.018229166666666668
0 0.3860677083333333 0.7317708333333334 0.016927083333333332 0.015625
0 0.4049479166666667 0.7486979166666666 0.013020833333333334 0.013020833333333334
0 0.119140625 0.8131510416666666 0.014322916666666666 0.014322916666666666