0 0.3515625 0.3072916666666667 0.026041666666666668 0.03125
0 0.39453125 0.2890625 0.17708333333333334 0.15364583333333334
0 0.16666666666666666 0.08203125 0.059895833333333336 0.06510416666666667
0 0.12760416666666666 0.16015625 0.07291666666666667 0.078125
0 0.21484375 0.189453125 0.026041666666666668 0.01953125
0 0.040364583333333336 0.16341145833333334 0.015625 0.01953125
0 0.3450520833333333 0.09700520833333333 0.026041666666666668 0.022135416666666668
0 0.19856770833333334 0.2584635416666667 0.01953125 0.024739583333333332
0 0.19986979166666666 0.3333333333333333 0.01953125 0.020833333333333332
0 0.4576822916666667 0.142578125 0.024739583333333332 0.016927083333333332
0 0.45703125 0.099609375 0.0234375 0.01953125
0 0.3743489583333333 0.3723958333333333 0.01953125 0.018229166666666668
0 0.3033854166666667 0.3587239583333333 0.059895833333333336 0.07161458333333333
0 0.17708333333333334 0.5279947916666666 0.10677083333333333 0.11067708333333333
0 0.359375 0.5540364583333334 0.06770833333333333 0.07161458333333333
0 0.5247395833333334 0.5188802083333334 0.033854166666666664 0.02734375
0 0.560546875 0.716796875 0.014322916666666666 0.01953125
0 0.4850260416666667 0.8255208333333334 0.01953125 0.026041666666666668
0 0.1953125 0.7578125 0.026041666666666668 0.0234375
0 0.12239583333333333 0.822265625 0.08333333333333333 0.08463541666666667
0 0.4049479166666667 0.794921875 0.015625 0.01953125
0 0.4661458333333333 0.7662760416666666 0.059895833333333336 0.05859375
0 0.4264322916666667 0.8619791666666666 0.08463541666666667 0.09375
0 0.775390625 0.4518229166666667 0.02734375 0.028645833333333332
0 0.853515625 0.6048177083333334 0.02734375 0.022135416666666668
0 0.5625 0.7584635416666666 0.0390625 0.03515625
0 0.8216145833333334 0.8567708333333334 0.028645833333333332 0.0390625
0 0.7044270833333334 0.8997395833333334 0.11979166666666667 0.13802083333333334
0 0.701171875 0.11979166666666667 0.08463541666666667 0.08854166666666667
0 0.501953125 0.024088541666666668 0.040364583333333336 0.040364583333333336
0 0.029296875 0.04296875 0.05859375 0.06510416666666667
0 0.5794270833333334 0.021484375 0.052083333333333336 0.04296875
0 0.9524739583333334 0.28125 0.053385416666666664 0.046875
0 0.9420572916666666 0.123046875 0.022135416666666668 0.016927083333333332
0 0.673828125 0.3203125 0.01953125 0.020833333333333332
0 0.7649739583333334 0.326171875 0.12369791666666667 0.09765625
0 0.626953125 0.5904947916666666 0.024739583333333332 0.02734375
0 0.7473958333333334 0.623046875 0.018229166666666668 0.024739583333333332
0 0.5319010416666666 0.3736979166666667 0.04296875 0.036458333333333336
0 0.974609375 0.912109375 0.016927083333333332 0.01953125