0 0.2962239583333333 0.3033854166666667 0.032552083333333336 0.026041666666666668
0 0.050130208333333336 0.486328125 0.08723958333333333 0.11588541666666667
0 0.22200520833333334 0.11458333333333333 0.14453125 0.14322916666666666
0 0.12434895833333333 0.06640625 0.037760416666666664 0.044270833333333336
0 0.10546875 0.6966145833333334 0.07552083333333333 0.08072916666666667
0 0.026692708333333332 0.8079427083333334 0.014322916666666666 0.01953125
0 0.16015625 0.8763020833333334 0.044270833333333336 0.046875
0 0.294921875 0.5970052083333334 0.024739583333333332 0.024739583333333332
0 0.3873697916666667 0.517578125 0.12369791666666667 0.13932291666666666
0 0.3873697916666667 0.3704427083333333 0.08463541666666667 0.08723958333333333
0 0.5696614583333334 0.5266927083333334 0.05859375 0.06901041666666667
0 0.623046875 0.599609375 0.10026041666666667 0.11067708333333333
0 0.193359375 0.052083333333333336 0.016927083333333332 0.010416666666666666
0 0.19205729166666666 0.7630208333333334 0.01953125 0.020833333333333332
0 0.14778645833333334 0.953125 0.14973958333333334 0.09375
0 0.5846354166666666 0.8365885416666666 0.028645833333333332 0.02734375
0 0.7434895833333334 0.7434895833333334 0.07552083333333333 0.07291666666666667
0 0.5904947916666666 0.7330729166666666 0.022135416666666668 0.026041666666666668
0 0.8541666666666666 0.853515625 0.0390625 0.045572916666666664
0 0.736328125 0.20052083333333334 0.06380208333333333 0.06510416666666667
0 0.857421875 0.6341145833333334 0.022135416666666668 0.0234375
0 0.841796875 0.6067708333333334 0.014322916666666666 0.018229166666666668
0 0.6321614583333334 0.4798177083333333 0.024739583333333332 0.02734375
0 0.6484375 0.8600260416666666 0.020833333333333332 0.01953125
0 0.6119791666666666 0.8665364583333334 0.020833333333333332 0.01953125
0 0.6666666666666666 0.96484375 0.0390625 0.044270833333333336
0 0.6282552083333334 0.9791666666666666 0.01953125 0.0234375
0 0.90625 0.6946614583333334 0.015625 0.01953125
0 0.8125 0.6686197916666666 0.046875 0.053385416666666664
0 0.7356770833333334 0.4270833333333333 0.013020833333333334 0.013020833333333334
0 0.8430989583333334 0.3170572916666667 0.21484375 0.23307291666666666
0 0.9505208333333334 0.054036458333333336 0.09895833333333333 0.10546875
0 0.681640625 0.14322916666666666 0.016927083333333332 0.015625
0 0.23893229166666666 0.4420572916666667 0.048177083333333336 0.048177083333333336
0 0.6751302083333334 0.7447916666666666 0.016927083333333332 0.015625
0 0.19661458333333334 0.7220052083333334 0.015625 0.022135416666666668
0 0.22916666666666666 0.7239583333333334 0.015625 0.018229166666666668
0 0.3483072916666667 0.431640625 0.014322916666666666 0.014322916666666666
0 0.658203125 0.5325520833333334 0.016927083333333332 0.018229166666666668
0 0.697265625 0.59375 0.01171875 0.018229166666666668
0 0.6334635416666666 0.16796875 0.014322916666666666 0.018229166666666668
0 0.9915364583333334 0.462890625 0.016927083333333332 0.016927083333333332