0 0.9016927083333334 0.6334635416666666 0.045572916666666664 0.055989583333333336
0 0.626953125 0.09114583333333333 0.045572916666666664 0.044270833333333336
0 0.587890625 0.19661458333333334 0.02734375 0.028645833333333332
0 0.8001302083333334 0.4837239583333333 0.053385416666666664 0.055989583333333336
0 0.7923177083333334 0.5768229166666666 0.029947916666666668 0.033854166666666664
0 0.3606770833333333 0.162109375 0.020833333333333332 0.024739583333333332
0 0.3893229166666667 0.031901041666666664 0.026041666666666668 0.022135416666666668
0 0.6184895833333334 0.3600260416666667 0.020833333333333332 0.022135416666666668
0 0.544921875 0.5208333333333334 0.016927083333333332 0.0234375
0 0.4563802083333333 0.4322916666666667 0.01953125 0.018229166666666668
0 0.5475260416666666 0.7708333333333334 0.03515625 0.033854166666666664
0 0.62890625 0.7369791666666666 0.018229166666666668 0.015625
0 0.7493489583333334 0.6223958333333334 0.037760416666666664 0.033854166666666664
0 0.806640625 0.8639322916666666 0.040364583333333336 0.04296875
0 0.91015625 0.7552083333333334 0.09375 0.10677083333333333
0 0.2578125 0.11848958333333333 0.046875 0.0546875
0 0.19010416666666666 0.0390625 0.015625 0.013020833333333334
0 0.14127604166666666 0.23828125 0.08203125 0.07291666666666667
0 0.16666666666666666 0.3072916666666667 0.049479166666666664 0.0546875
0 0.24674479166666666 0.5826822916666666 0.024739583333333332 0.01953125
0 0.21484375 0.55078125 0.026041666666666668 0.020833333333333332
0 0.177734375 0.5299479166666666 0.014322916666666666 0.015625
0 0.328125 0.7955729166666666 0.033854166666666664 0.036458333333333336
0 0.20963541666666666 0.74609375 0.0234375 0.020833333333333332
0 0.18098958333333334 0.8268229166666666 0.028645833333333332 0.03125
0 0.984375 0.18294270833333334 0.020833333333333332 0.01953125
0 0.9296875 0.06315104166666667 0.020833333333333332 0.01953125
0 0.751953125 0.7649739583333334 0.01953125 0.01953125
0 0.6516927083333334 0.98828125 0.024739583333333332 0.0234375
0 0.5240885416666666 0.10807291666666667 0.01953125 0.018229166666666668
0 0.4427083333333333 0.6419270833333334 0.018229166666666668 0.018229166666666668
0 0.017578125 0.11328125 0.016927083333333332 0.018229166666666668
0 0.3528645833333333 0.3391927083333333 0.015625 0.014322916666666666
0 0.7779947916666666 0.3033854166666667 0.2669270833333333 0.28125
0 0.2975260416666667 0.9440104166666666 0.016927083333333332 0.013020833333333334
0 0.21940104166666666 0.984375 0.016927083333333332 0.018229166666666668
0 0.6315104166666666 0.3444010416666667 0.015625 0.016927083333333332
0 0.62109375 0.16796875 0.015625 0.015625
0 0.2838541666666667 0.11653645833333333 0.015625 0.016927083333333332
0 0.189453125 0.11588541666666667 0.014322916666666666 0.015625
0 0.15885416666666666 0.734375 0.015625 0.015625
0 0.4446614583333333 0.4212239583333333 0.016927083333333332 0.014322916666666666
0 0.4147135416666667 0.509765625 0.01171875 0.014322916666666666
0 0.794921875 0.5364583333333334 0.016927083333333332 0.015625
0 0.9765625 0.7428385416666666 0.018229166666666668 0.014322916666666666