0 0.5768229166666666 0.4290364583333333 0.041666666666666664 0.04296875
0 0.6263020833333334 0.7708333333333334 0.06770833333333333 0.0546875
0 0.7584635416666666 0.5234375 0.08463541666666667 0.08072916666666667
0 0.8079427083333334 0.5787760416666666 0.014322916666666666 0.016927083333333332
0 0.014973958333333334 0.5390625 0.016927083333333332 0.020833333333333332
0 0.7272135416666666 0.80078125 0.022135416666666668 0.020833333333333332
0 0.7604166666666666 0.853515625 0.044270833333333336 0.045572916666666664
0 0.5143229166666666 0.9661458333333334 0.026041666666666668 0.0234375
0 0.8209635416666666 0.21549479166666666 0.07682291666666667 0.07161458333333333
0 0.9166666666666666 0.4069010416666667 0.07291666666666667 0.06901041666666667
0 0.8802083333333334 0.5221354166666666 0.015625 0.020833333333333332
0 0.40234375 0.6966145833333334 0.0234375 0.0234375
0 0.6901041666666666 0.20377604166666666 0.020833333333333332 0.01953125
0 0.7864583333333334 0.043619791666666664 0.03125 0.02734375
0 0.4303385416666667 0.287109375 0.23567708333333334 0.23307291666666666
0 0.4036458333333333 0.9596354166666666 0.013020833333333334 0.015625
0 0.3522135416666667 0.9368489583333334 0.014322916666666666 0.016927083333333332
0 0.373046875 0.5970052083333334 0.024739583333333332 0.024739583333333332
0 0.7975260416666666 0.3359375 0.022135416666666668 0.018229166666666668
0 0.298828125 0.4036458333333333 0.032552083333333336 0.03125
0 0.15299479166666666 0.009114583333333334 0.01953125 0.015625
0 0.06315104166666667 0.19205729166666666 0.016927083333333332 0.016927083333333332
0 0.646484375 0.283203125 0.016927083333333332 0.01953125
0 0.7526041666666666 0.552734375 0.018229166666666668 0.016927083333333332
0 0.7942708333333334 0.57421875 0.013020833333333334 0.018229166666666668
0 0.5533854166666666 0.6927083333333334 0.013020833333333334 0.015625
0 0.12565104166666666 0.030598958333333332 0.014322916666666666 0.01171875
0 0.21028645833333334 0.007161458333333333 0.01171875 0.01171875
0 0.18880208333333334 0.7701822916666666 0.028645833333333332 0.032552083333333336
0 0.15299479166666666 0.5045572916666666 0.3033854166666667 0.4283854166666667
0 0.5364583333333334 0.16796875 0.015625 0.015625
0 0.9739583333333334 0.12760416666666666 0.046875 0.06510416666666667
0 0.6953125 0.375 0.078125 0.07291666666666667
0 0.103515625 0.54296875 0.014322916666666666 0.010416666666666666
0 0.12955729166666666 0.494140625 0.01171875 0.016927083333333332
0 0.947265625 0.9694010416666666 0.016927083333333332 0.01953125
0 0.9459635416666666 0.8834635416666666 0.014322916666666666 0.016927083333333332