0 0.2962239583333333 0.056640625 0.07161458333333333 0.06640625
0 0.13346354166666666 0.26171875 0.045572916666666664 0.046875
0 0.22330729166666666 0.2955729166666667 0.01953125 0.020833333333333332
0 0.228515625 0.14713541666666666 0.10546875 0.1171875
0 0.16731770833333334 0.677734375 0.3190104166666667 0.3841145833333333
0 0.042317708333333336 0.75 0.045572916666666664 0.059895833333333336
0 0.18294270833333334 0.5266927083333334 0.016927083333333332 0.014322916666666666
0 0.2858072916666667 0.4830729166666667 0.02734375 0.020833333333333332
0 0.5696614583333334 0.19791666666666666 0.045572916666666664 0.0546875
0 0.7447916666666666 0.189453125 0.026041666666666668 0.01953125
0 0.65234375 0.7044270833333334 0.028645833333333332 0.033854166666666664
0 0.4212239583333333 0.54296875 0.03515625 0.036458333333333336
0 0.4049479166666667 0.77734375 0.06770833333333333 0.0546875
0 0.3157552083333333 0.943359375 0.05859375 0.055989583333333336
0 0.22395833333333334 0.88671875 0.052083333333333336 0.059895833333333336
0 0.1953125 0.9049479166666666 0.018229166666666668 0.015625
0 0.027994791666666668 0.9401041666666666 0.029947916666666668 0.028645833333333332
0 0.876953125 0.798828125 0.061197916666666664 0.06380208333333333
0 0.7369791666666666 0.376953125 0.1796875 0.15234375
0 0.9635416666666666 0.22721354166666666 0.0390625 0.04296875
0 0.88671875 0.09895833333333333 0.171875 0.1640625
0 0.7259114583333334 0.619140625 0.045572916666666664 0.045572916666666664
0 0.30859375 0.451171875 0.015625 0.016927083333333332
0 0.3522135416666667 0.6848958333333334 0.014322916666666666 0.015625
0 0.4459635416666667 0.16145833333333334 0.014322916666666666 0.013020833333333334
0 0.40234375 0.15885416666666666 0.010416666666666666 0.010416666666666666
0 0.5227864583333334 0.3125 0.01171875 0.010416666666666666
0 0.6139322916666666 0.3951822916666667 0.009114583333333334 0.01171875
0 0.740234375 0.20572916666666666 0.016927083333333332 0.018229166666666668
0 0.6458333333333334 0.039713541666666664 0.015625 0.014322916666666666
0 0.6731770833333334 0.016927083333333332 0.015625 0.015625
0 0.044921875 0.896484375 0.009114583333333334 0.009114583333333334
0 0.345703125 0.8046875 0.01171875 0.013020833333333334
0 0.421875 0.7356770833333334 0.013020833333333334 0.013020833333333334
0 0.322265625 0.8268229166666666 0.01171875 0.010416666666666666
0 0.3802083333333333 0.8190104166666666 0.010416666666666666 0.010416666666666666
0 0.5143229166666666 0.7005208333333334 0.013020833333333334 0.013020833333333334
0 0.5260416666666666 0.7102864583333334 0.013020833333333334 0.01171875
0 0.4446614583333333 0.63671875 0.009114583333333334 0.010416666666666666
0 0.708984375 0.7578125 0.009114583333333334 0.010416666666666666
0 0.755859375 0.8743489583333334 0.01171875 0.01171875
0 0.7864583333333334 0.7200520833333334 0.013020833333333334 0.013020833333333334
0 0.7799479166666666 0.6458333333333334 0.015625 0.015625
0 0.8548177083333334 0.6608072916666666 0.01171875 0.01171875
0 0.833984375 0.8157552083333334 0.02734375 0.02734375
0 0.9264322916666666 0.900390625 0.01171875 0.01171875
0 0.8444010416666666 0.4837239583333333 0.014322916666666666 0.014322916666666666
0 0.958984375 0.3736979166666667 0.022135416666666668 0.026041666666666668
0 0.9524739583333334 0.3990885416666667 0.09244791666666667 0.09244791666666667
0 0.08658854166666667 0.3098958333333333 0.014322916666666666 0.010416666666666666
0 0.083984375 0.22591145833333334 0.014322916666666666 0.01171875
0 0.14322916666666666 0.6803385416666666 0.015625 0.01171875