0 0.4440104166666667 0.111328125 0.041666666666666664 0.02734375
0 0.3776041666666667 0.15755208333333334 0.0390625 0.041666666666666664
0 0.4680989583333333 0.15755208333333334 0.01953125 0.015625
0 0.46484375 0.15755208333333334 0.06510416666666667 0.052083333333333336
0 0.19986979166666666 0.4205729166666667 0.022135416666666668 0.020833333333333332
0 0.291015625 0.443359375 0.016927083333333332 0.024739583333333332
0 0.2623697916666667 0.3352864583333333 0.016927083333333332 0.01953125
0 0.08463541666666667 0.12369791666666667 0.018229166666666668 0.013020833333333334
0 0.390625 0.4850260416666667 0.09114583333333333 0.09765625
0 0.2688802083333333 0.5611979166666666 0.09505208333333333 0.08072916666666667
0 0.3723958333333333 0.6321614583333334 0.0234375 0.02734375
0 0.13997395833333334 0.564453125 0.01953125 0.01953125
0 0.14192708333333334 0.5338541666666666 0.015625 0.013020833333333334
0 0.5709635416666666 0.53125 0.022135416666666668 0.020833333333333332
0 0.7180989583333334 0.2701822916666667 0.061197916666666664 0.07161458333333333
0 0.5859375 0.061848958333333336 0.020833333333333332 0.01953125
0 0.5826822916666666 0.150390625 0.01953125 0.024739583333333332
0 0.78125 0.043619791666666664 0.018229166666666668 0.009114583333333334
0 0.059895833333333336 0.06510416666666667 0.015625 0.013020833333333334
0 0.07161458333333333 0.138671875 0.013020833333333334 0.01171875
0 0.3990885416666667 0.3626302083333333 0.016927083333333332 0.009114583333333334
0 0.6608072916666666 0.580078125 0.01953125 0.024739583333333332
0 0.673828125 0.615234375 0.01953125 0.01953125
0 0.6002604166666666 0.7298177083333334 0.036458333333333336 0.040364583333333336
0 0.4244791666666667 0.8118489583333334 0.036458333333333336 0.03515625
0 0.3125 0.8053385416666666 0.026041666666666668 0.032552083333333336
0 0.349609375 0.8138020833333334 0.016927083333333332 0.013020833333333334
0 0.18684895833333334 0.779296875 0.016927083333333332 0.009114583333333334
0 0.2981770833333333 0.759765625 0.015625 0.009114583333333334
0 0.3515625 0.59375 0.013020833333333334 0.015625
0 0.8092447916666666 0.583984375 0.029947916666666668 0.029947916666666668
0 0.90234375 0.16080729166666666 0.052083333333333336 0.048177083333333336
0 0.9114583333333334 0.83984375 0.026041666666666668 0.026041666666666668
0 0.8984375 0.888671875 0.0390625 0.032552083333333336
0 0.9615885416666666 0.9401041666666666 0.06901041666666667 0.09114583333333333
0 0.4641927083333333 0.2701822916666667 0.061197916666666664 0.045572916666666664
0 0.09114583333333333 0.76171875 0.013020833333333334 0.013020833333333334
0 0.3046875 0.8990885416666666 0.015625 0.014322916666666666
0 0.32421875 0.9153645833333334 0.015625 0.018229166666666668
0 0.2649739583333333 0.990234375 0.022135416666666668 0.014322916666666666
0 0.045572916666666664 0.8151041666666666 0.013020833333333334 0.015625
0 0.8528645833333334 0.3170572916666667 0.013020833333333334 0.016927083333333332
0 0.8528645833333334 0.3626302083333333 0.026041666666666668 0.022135416666666668
0 0.4934895833333333 0.9388020833333334 0.015625 0.010416666666666666
0 0.5891927083333334 0.9244791666666666 0.01953125 0.013020833333333334