0 0.396484375 0.09375 0.022135416666666668 0.0234375
0 0.4518229166666667 0.049479166666666664 0.015625 0.018229166666666668
0 0.7161458333333334 0.048828125 0.06510416666666667 0.055989583333333336
0 0.123046875 0.22591145833333334 0.016927083333333332 0.01953125
0 0.115234375 0.3203125 0.12890625 0.13020833333333334
0 0.5279947916666666 0.3190104166666667 0.09505208333333333 0.08072916666666667
0 0.8736979166666666 0.4420572916666667 0.2109375 0.19401041666666666
0 0.66015625 0.8235677083333334 0.12760416666666666 0.13411458333333334
0 0.478515625 0.5638020833333334 0.022135416666666668 0.0234375
0 0.017578125 0.6412760416666666 0.022135416666666668 0.024739583333333332
0 0.22591145833333334 0.7109375 0.024739583333333332 0.015625
0 0.2662760416666667 0.8489583333333334 0.040364583333333336 0.041666666666666664
0 0.4348958333333333 0.8971354166666666 0.018229166666666668 0.015625
0 0.14388020833333334 0.87109375 0.016927083333333332 0.018229166666666668
0 0.7727864583333334 0.9440104166666666 0.01953125 0.018229166666666668
0 0.031901041666666664 0.20703125 0.016927083333333332 0.015625
0 0.11328125 0.6145833333333334 0.22135416666666666 0.21614583333333334
0 0.169921875 0.4817708333333333 0.01171875 0.010416666666666666
0 0.2526041666666667 0.6341145833333334 0.013020833333333334 0.013020833333333334
0 0.3528645833333333 0.59765625 0.010416666666666666 0.013020833333333334
0 0.166015625 0.83203125 0.01171875 0.013020833333333334
0 0.3463541666666667 0.9166666666666666 0.013020833333333334 0.013020833333333334
0 0.018880208333333332 0.8326822916666666 0.03515625 0.09765625
0 0.5475260416666666 0.8984375 0.01171875 0.010416666666666666
0 0.6744791666666666 0.7376302083333334 0.013020833333333334 0.01171875
0 0.6959635416666666 0.7975260416666666 0.009114583333333334 0.009114583333333334
0 0.7604166666666666 0.6126302083333334 0.013020833333333334 0.01171875
0 0.888671875 0.818359375 0.11328125 0.11067708333333333
0 0.818359375 0.5768229166666666 0.040364583333333336 0.041666666666666664
0 0.390625 0.6048177083333334 0.010416666666666666 0.009114583333333334
0 0.5143229166666666 0.5455729166666666 0.010416666666666666 0.010416666666666666
0 0.5338541666666666 0.4485677083333333 0.010416666666666666 0.009114583333333334
0 0.45703125 0.775390625 0.015625 0.016927083333333332
0 0.5104166666666666 0.7213541666666666 0.013020833333333334 0.013020833333333334