0 0.23567708333333334 0.24609375 0.046875 0.049479166666666664
0 0.38671875 0.3723958333333333 0.020833333333333332 0.020833333333333332
0 0.5520833333333334 0.34765625 0.041666666666666664 0.046875
0 0.775390625 0.666015625 0.055989583333333336 0.055989583333333336
0 0.09830729166666667 0.6692708333333334 0.016927083333333332 0.018229166666666668
0 0.4674479166666667 0.8131510416666666 0.020833333333333332 0.01953125
0 0.7421875 0.1640625 0.13541666666666666 0.13802083333333334
0 0.7415364583333334 0.7421875 0.016927083333333332 0.015625
0 0.55078125 0.5872395833333334 0.020833333333333332 0.013020833333333334
0 0.2799479166666667 0.7845052083333334 0.018229166666666668 0.014322916666666666
0 0.7994791666666666 0.70703125 0.010416666666666666 0.010416666666666666
0 0.841796875 0.5950520833333334 0.014322916666666666 0.015625
0 0.49609375 0.6380208333333334 0.010416666666666666 0.0078125
0 0.970703125 0.11588541666666667 0.02734375 0.028645833333333332
0 0.11067708333333333 0.244140625 0.010416666666666666 0.009114583333333334
0 0.8256901041666667 0.9404296875 0.01524739583333338 0.013632812500000036
0 0.49779947916666667 0.6401432291666667 0.009453124999999988 0.008945312500000005
0 0.35522135416666667 0.28197916666666667 0.012291666666666737 0.011249999999999982
0 0.10303385416666666 0.9838932291666667 0.010572916666666673 0.011380208333333345
0 0.4072265625 0.46947916666666667 0.010533854166666709 0.01024739583333334
0 0.8667057291666667 0.6137760416666667 0.009934895833333476 0.00947916666666663
0 0.53515625 0.0252734375 0.017513020833333393 0.015299479166666666
0 0.271484375 0.048945312500000004 0.01666666666666668 0.015677083333333328
0 0.6318359375 0.07880208333333333 0.014114583333333375 0.013424479166666661
0 0.49463541666666666 0.23596354166666667 0.010820312499999929 0.01045572916666663
0 0.6513671875 0.9301822916666667 0.013164062500000018 0.012864583333333476
0 0.8383854166666667 0.8608463541666667 0.010494791666666595 0.009414062500000023
0 0.06513020833333334 0.94921875 0.022838541666666674 0.022317708333333464
0 0.5463932291666667 0.8354557291666667 0.009518229166666595 0.009778645833333321
0 0.4677734375 0.30908854166666666 0.010286458333333304 0.01005208333333337
0 0.2362109375 0.8427734375 0.013906250000000009 0.013216145833333451
0 0.5126953125 0.25342447916666666 0.00916666666666662 0.008919270833333362
0 0.26977864583333333 0.7724609375 0.011640624999999996 0.011783854166666607
0 0.39111979166666666 0.4716796875 0.009192708333333263 0.008776041666666679
0 0.40014322916666667 0.6513671875 0.009023437499999934 0.008450520833333345
0 0.5424869791666667 0.1094921875 0.009518229166666595 0.008984375000000008
0 0.38403645833333333 0.6440494791666667 0.008125000000000012 0.007929687500000041
0 0.17162760416666667 0.47143229166666667 0.009062499999999973 0.009856770833333398
0 0.88671875 0.49975260416666667 0.008450520833333345 0.008033854166666613
0 0.9204166666666667 0.7114322916666667 0.008255208333333227 0.008125000000000012
0 0.404296875 0.908203125 0.008736979166666714 0.00916666666666662
0 0.052122395833333335 0.15515625 0.00805989583333333 0.0078125
0 0.59375 0.9858463541666667 0.009934895833333327 0.010494791666666595
0 0.43481770833333333 0.48950520833333333 0.007877604166666607 0.00841145833333338
0 0.7202213541666667 0.5024479166666667 0.0078125 0.007604166666666708
0 0.48877604166666666 0.775390625 0.007552083333333274 0.00790364583333325
0 0.17846354166666667 0.03567708333333333 0.009296874999999982 0.008645833333333333