0 0.78515625 0.43359375 0.033854166666666664 0.036458333333333336
0 0.6861979166666666 0.015625 0.03125 0.026041666666666668
0 0.8626302083333334 0.046875 0.032552083333333336 0.015625
0 0.9791666666666666 0.13151041666666666 0.018229166666666668 0.015625
0 0.6875 0.11393229166666667 0.015625 0.014322916666666666
0 0.6022135416666666 0.06315104166666667 0.01953125 0.016927083333333332
0 0.6243489583333334 0.030598958333333332 0.014322916666666666 0.01953125
0 0.6634114583333334 0.2721354166666667 0.016927083333333332 0.018229166666666668
0 0.6803385416666666 0.390625 0.01953125 0.018229166666666668
0 0.4361979166666667 0.007161458333333333 0.026041666666666668 0.01171875
0 0.228515625 0.4088541666666667 0.029947916666666668 0.03125
0 0.17057291666666666 0.07552083333333333 0.015625 0.018229166666666668
0 0.134765625 0.10221354166666667 0.032552083333333336 0.032552083333333336
0 0.10416666666666667 0.1953125 0.018229166666666668 0.020833333333333332
0 0.16666666666666666 0.2571614583333333 0.044270833333333336 0.048177083333333336
0 0.3157552083333333 0.6595052083333334 0.045572916666666664 0.053385416666666664
0 0.583984375 0.4772135416666667 0.022135416666666668 0.022135416666666668
0 0.9720052083333334 0.6217447916666666 0.016927083333333332 0.01953125
0 0.9609375 0.392578125 0.018229166666666668 0.01953125
0 0.84375 0.3704427083333333 0.013020833333333334 0.014322916666666666
0 0.7877604166666666 0.4635416666666667 0.0234375 0.0234375
0 0.8059895833333334 0.798828125 0.015625 0.014322916666666666
0 0.162109375 0.7317708333333334 0.02734375 0.026041666666666668
0 0.8717447916666666 0.9329427083333334 0.014322916666666666 0.014322916666666666
0 0.8697916666666666 0.9016927083333334 0.015625 0.01171875
0 0.8255208333333334 0.990234375 0.013020833333333334 0.014322916666666666
0 0.56640625 0.8606770833333334 0.013020833333333334 0.0234375
0 0.84765625 0.12630208333333334 0.013020833333333334 0.013020833333333334
0 0.5247395833333334 0.4075520833333333 0.018229166666666668 0.018229166666666668
0 0.9264322916666666 0.59765625 0.014322916666666666 0.015625
0 0.6243489583333334 0.4212239583333333 0.014322916666666666 0.01171875
0 0.759765625 0.7154947916666666 0.014322916666666666 0.01171875
0 0.8430989583333334 0.5807291666666666 0.01171875 0.013020833333333334
0 0.802734375 0.027994791666666668 0.01171875 0.01171875