0 0.18684895833333334 0.9290364583333334 0.09244791666666667 0.08984375
0 0.21028645833333334 0.8268229166666666 0.08463541666666667 0.0859375
0 0.48828125 0.8483072916666666 0.036458333333333336 0.04296875
0 0.5989583333333334 0.9069010416666666 0.028645833333333332 0.037760416666666664
0 0.6041666666666666 0.8326822916666666 0.015625 0.016927083333333332
0 0.625 0.7447916666666666 0.0234375 0.0234375
0 0.6712239583333334 0.7447916666666666 0.01953125 0.015625
0 0.73046875 0.7447916666666666 0.018229166666666668 0.015625
0 0.7408854166666666 0.5891927083333334 0.026041666666666668 0.02734375
0 0.7591145833333334 0.6399739583333334 0.020833333333333332 0.022135416666666668
0 0.7864583333333334 0.6328125 0.015625 0.018229166666666668
0 0.8958333333333334 0.6731770833333334 0.09114583333333333 0.08854166666666667
0 0.8951822916666666 0.78515625 0.03515625 0.033854166666666664
0 0.8723958333333334 0.5709635416666666 0.020833333333333332 0.024739583333333332
0 0.45703125 0.580078125 0.09895833333333333 0.09765625
0 0.529296875 0.384765625 0.2799479166666667 0.29296875
0 0.4309895833333333 0.3190104166666667 0.052083333333333336 0.059895833333333336
0 0.7890625 0.2513020833333333 0.015625 0.018229166666666668
0 0.9283854166666666 0.18489583333333334 0.14322916666666666 0.20572916666666666
0 0.9140625 0.17838541666666666 0.041666666666666664 0.041666666666666664
0 0.8125 0.044921875 0.020833333333333332 0.01953125
0 0.693359375 0.169921875 0.016927083333333332 0.01953125
0 0.20442708333333334 0.0390625 0.049479166666666664 0.046875
0 0.24739583333333334 0.06315104166666667 0.03125 0.029947916666666668
0 0.125 0.3645833333333333 0.026041666666666668 0.03125
0 0.09700520833333333 0.5455729166666666 0.014322916666666666 0.015625
0 0.3580729166666667 0.822265625 0.015625 0.014322916666666666
0 0.09830729166666667 0.2565104166666667 0.045572916666666664 0.0390625
0 0.20768229166666666 0.2916666666666667 0.07421875 0.0703125
0 0.11328125 0.22265625 0.08072916666666667 0.06510416666666667
0 0.361328125 0.3912760416666667 0.01953125 0.01953125
0 0.98828125 0.6263020833333334 0.018229166666666668 0.018229166666666668
0 0.8287760416666666 0.4388020833333333 0.016927083333333332 0.015625
0 0.162109375 0.5143229166666666 0.016927083333333332 0.015625
0 0.3463541666666667 0.7734375 0.013020833333333334 0.015625
0 0.3391927083333333 0.5514322916666666 0.014322916666666666 0.014322916666666666
0 0.21223958333333334 0.7643229166666666 0.028645833333333332 0.028645833333333332
0 0.5065104166666666 0.5364583333333334 0.026041666666666668 0.028645833333333332
0 0.8014322916666666 0.022786458333333332 0.016927083333333332 0.01953125
0 0.7109375 0.3059895833333333 0.013020833333333334 0.015625
0 0.5266927083333334 0.051432291666666664 0.04296875 0.045572916666666664
0 0.10286458333333333 0.302734375 0.015625 0.014322916666666666
0 0.009114583333333334 0.5475260416666666 0.010416666666666666 0.014322916666666666
0 0.2845052083333333 0.020833333333333332 0.016927083333333332 0.015625
0 0.3131510416666667 0.10481770833333333 0.022135416666666668 0.02734375