0 0.20833333333333334 0.318359375 0.044270833333333336 0.048177083333333336
0 0.5208333333333334 0.5234375 0.0625 0.057291666666666664
0 0.20377604166666666 0.640625 0.022135416666666668 0.0234375
0 0.5130208333333334 0.8723958333333334 0.07552083333333333 0.06770833333333333
0 0.7571614583333334 0.849609375 0.048177083333333336 0.048177083333333336
0 0.083984375 0.3815104166666667 0.01171875 0.013020833333333334
0 0.20833333333333334 0.5143229166666666 0.013020833333333334 0.015625
0 0.3665364583333333 0.5657552083333334 0.014322916666666666 0.014322916666666666
0 0.3092447916666667 0.5807291666666666 0.01171875 0.013020833333333334
0 0.2708333333333333 0.7434895833333334 0.015625 0.018229166666666668
0 0.138671875 0.7369791666666666 0.016927083333333332 0.015625
0 0.3216145833333333 0.9388020833333334 0.020833333333333332 0.020833333333333332
0 0.822265625 0.3177083333333333 0.01953125 0.020833333333333332
0 0.8118489583333334 0.9368489583333334 0.016927083333333332 0.016927083333333332
0 0.4791666666666667 0.6764322916666666 0.018229166666666668 0.016927083333333332
0 0.5579427083333334 0.6920572916666666 0.01953125 0.01953125
0 0.8958333333333334 0.4544270833333333 0.018229166666666668 0.015625
0 0.255859375 0.4830729166666667 0.01171875 0.013020833333333334
0 0.3177083333333333 0.3984375 0.013020833333333334 0.013020833333333334
0 0.4973958333333333 0.734375 0.018229166666666668 0.020833333333333332
0 0.91015625 0.9192708333333334 0.015625 0.015625
0 0.4453125 0.7447916666666666 0.015625 0.013020833333333334
0 0.4348958333333333 0.8515625 0.013020833333333334 0.013020833333333334
0 0.8802083333333334 0.3287760416666667 0.013020833333333334 0.014322916666666666
0 0.54296875 0.7858072916666666 0.013020833333333334 0.01171875
0 0.9055989583333334 0.8567708333333334 0.01171875 0.015625
0 0.09700520833333333 0.3756510416666667 0.01171875 0.014322916666666666
0 0.4244791666666667 0.9954427083333334 0.018229166666666668 0.009114583333333334
0 0.9856770833333334 0.6087239583333334 0.028645833333333332 0.06901041666666667
0 0.2884114583333333 0.8170572916666666 0.01171875 0.01171875
0 0.8190104166666666 0.4674479166666667 0.010416666666666666 0.010416666666666666