0 0.6334635416666666 0.09830729166666667 0.055989583333333336 0.045572916666666664
0 0.09114583333333333 0.373046875 0.044270833333333336 0.045572916666666664
0 0.19661458333333334 0.412109375 0.028645833333333332 0.02734375
0 0.4837239583333333 0.19986979166666666 0.055989583333333336 0.053385416666666664
0 0.5768229166666666 0.20768229166666666 0.033854166666666664 0.029947916666666668
0 0.162109375 0.6393229166666666 0.024739583333333332 0.020833333333333332
0 0.031901041666666664 0.6106770833333334 0.022135416666666668 0.026041666666666668
0 0.3600260416666667 0.3815104166666667 0.022135416666666668 0.020833333333333332
0 0.5208333333333334 0.455078125 0.0234375 0.016927083333333332
0 0.4322916666666667 0.5436197916666666 0.018229166666666668 0.01953125
0 0.7708333333333334 0.4524739583333333 0.033854166666666664 0.03515625
0 0.7369791666666666 0.37109375 0.015625 0.018229166666666668
0 0.6223958333333334 0.2506510416666667 0.033854166666666664 0.037760416666666664
0 0.8639322916666666 0.193359375 0.04296875 0.040364583333333336
0 0.7552083333333334 0.08984375 0.10677083333333333 0.09375
0 0.11848958333333333 0.7421875 0.0546875 0.046875
0 0.0390625 0.8098958333333334 0.013020833333333334 0.015625
0 0.23828125 0.8587239583333334 0.07291666666666667 0.08203125
0 0.3072916666666667 0.8333333333333334 0.0546875 0.049479166666666664
0 0.5826822916666666 0.7532552083333334 0.01953125 0.024739583333333332
0 0.55078125 0.78515625 0.020833333333333332 0.026041666666666668
0 0.5299479166666666 0.822265625 0.015625 0.014322916666666666
0 0.7955729166666666 0.671875 0.036458333333333336 0.033854166666666664
0 0.74609375 0.7903645833333334 0.020833333333333332 0.0234375
0 0.8268229166666666 0.8190104166666666 0.03125 0.028645833333333332
0 0.18294270833333334 0.015625 0.01953125 0.020833333333333332
0 0.06315104166666667 0.0703125 0.01953125 0.020833333333333332
0 0.7649739583333334 0.248046875 0.01953125 0.01953125
0 0.98828125 0.3483072916666667 0.0234375 0.024739583333333332
0 0.10807291666666667 0.4759114583333333 0.018229166666666668 0.01953125
0 0.6419270833333334 0.5572916666666666 0.018229166666666668 0.018229166666666668
0 0.11328125 0.982421875 0.018229166666666668 0.016927083333333332
0 0.3391927083333333 0.6471354166666666 0.014322916666666666 0.015625
0 0.3033854166666667 0.22200520833333334 0.28125 0.2669270833333333
0 0.9440104166666666 0.7024739583333334 0.013020833333333334 0.016927083333333332
0 0.984375 0.7805989583333334 0.018229166666666668 0.016927083333333332
0 0.3444010416666667 0.3684895833333333 0.016927083333333332 0.015625
0 0.16796875 0.37890625 0.015625 0.015625
0 0.11653645833333333 0.7161458333333334 0.016927083333333332 0.015625
0 0.11588541666666667 0.810546875 0.015625 0.014322916666666666
0 0.734375 0.8411458333333334 0.015625 0.015625
0 0.4212239583333333 0.5553385416666666 0.014322916666666666 0.016927083333333332
0 0.509765625 0.5852864583333334 0.014322916666666666 0.01171875
0 0.5364583333333334 0.205078125 0.015625 0.016927083333333332
0 0.7428385416666666 0.0234375 0.014322916666666666 0.018229166666666668