0 0.11067708333333333 0.14583333333333334 0.026041666666666668 0.0234375
0 0.6627604166666666 0.10481770833333333 0.018229166666666668 0.01953125
0 0.10807291666666667 0.912109375 0.033854166666666664 0.032552083333333336
0 0.166015625 0.923828125 0.045572916666666664 0.03515625
0 0.3782552083333333 0.931640625 0.037760416666666664 0.032552083333333336
0 0.6295572916666666 0.62890625 0.03515625 0.0390625
0 0.8352864583333334 0.2858072916666667 0.014322916666666666 0.016927083333333332
0 0.5078125 0.51953125 0.013020833333333334 0.013020833333333334
0 0.7233072916666666 0.23177083333333334 0.014322916666666666 0.013020833333333334
0 0.96875 0.029296875 0.044270833333333336 0.055989583333333336
0 0.9765625 0.7330729166666666 0.0390625 0.052083333333333336
0 0.28125 0.91015625 0.010416666666666666 0.010416666666666666
0 0.39111979166666666 0.6860416666666667 0.012864583333333327 0.012578125000000107
0 0.140625 0.9653385416666667 0.009479166666666669 0.00947916666666663
0 0.26294270833333333 0.9086979166666667 0.0092317708333333 0.008945312499999858
0 0.318359375 0.970703125 0.009739583333333357 0.00947916666666663
0 0.5083072916666667 0.5239322916666667 0.013164062500000018 0.012187500000000018
0 0.724609375 0.235234375 0.013593750000000071 0.013372395833333309
0 0.8515625 0.5610416666666667 0.012630208333333393 0.012382812499999988
0 0.7788151041666667 0.06052083333333333 0.013372395833333309 0.012773437500000004
0 0.24670572916666667 0.962890625 0.005169270833333369 0.0053906250000001306
0 0.6298828125 0.38819010416666666 0.014010416666666655 0.013632812500000036
0 0.6518619791666667 0.5122135416666667 0.011692708333333357 0.01209635416666662
0 0.29614583333333333 0.59375 0.005781249999999997 0.005585937499999953