0 0.2890625 0.4166666666666667 0.015625 0.015625
0 0.078125 0.4173177083333333 0.0390625 0.032552083333333336
0 0.080078125 0.047526041666666664 0.022135416666666668 0.01953125
0 0.173828125 0.2421875 0.23828125 0.22916666666666666
0 0.2584635416666667 0.6783854166666666 0.022135416666666668 0.0234375
0 0.4798177083333333 0.6438802083333334 0.029947916666666668 0.022135416666666668
0 0.16276041666666666 0.7786458333333334 0.018229166666666668 0.015625
0 0.6354166666666666 0.7141927083333334 0.059895833333333336 0.053385416666666664
0 0.7161458333333334 0.4368489583333333 0.0390625 0.032552083333333336
0 0.7747395833333334 0.701171875 0.052083333333333336 0.040364583333333336
0 0.556640625 0.6100260416666666 0.01953125 0.014322916666666666
0 0.8645833333333334 0.036458333333333336 0.044270833333333336 0.0390625
0 0.5813802083333334 0.4544270833333333 0.022135416666666668 0.018229166666666668
0 0.986328125 0.5279947916666666 0.01953125 0.032552083333333336
0 0.7350260416666666 0.8391927083333334 0.022135416666666668 0.024739583333333332
0 0.8763020833333334 0.9485677083333334 0.049479166666666664 0.045572916666666664
0 0.3138020833333333 0.022135416666666668 0.015625 0.0234375
0 0.2890625 0.011067708333333334 0.044270833333333336 0.01953125
0 0.107421875 0.53125 0.01171875 0.013020833333333334
0 0.5091145833333334 0.3776041666666667 0.013020833333333334 0.015625
0 0.857421875 0.794921875 0.014322916666666666 0.01171875
0 0.91015625 0.9563802083333334 0.015625 0.016927083333333332
0 0.9342447916666666 0.039713541666666664 0.01171875 0.01171875
0 0.705078125 0.5748697916666666 0.01171875 0.01171875
0 0.431640625 0.5377604166666666 0.01171875 0.010416666666666666
0 0.5494791666666666 0.3470052083333333 0.013020833333333334 0.014322916666666666