0 0.9375 0.5501302083333334 0.078125 0.09765625
0 0.7434895833333334 0.33203125 0.0546875 0.06510416666666667
0 0.6803385416666666 0.5013020833333334 0.07161458333333333 0.078125
0 0.61328125 0.5859375 0.0234375 0.026041666666666668
0 0.9029947916666666 0.7942708333333334 0.029947916666666668 0.026041666666666668
0 0.2766927083333333 0.4733072916666667 0.032552083333333336 0.029947916666666668
0 0.13932291666666666 0.18684895833333334 0.03125 0.029947916666666668
0 0.8196614583333334 0.9375 0.07682291666666667 0.078125
0 0.623046875 0.9049479166666666 0.06901041666666667 0.078125
0 0.46875 0.9485677083333334 0.078125 0.08723958333333333
0 0.09375 0.6126302083333334 0.03125 0.02734375
0 0.90234375 0.345703125 0.015625 0.016927083333333332
0 0.466796875 0.7330729166666666 0.024739583333333332 0.026041666666666668
0 0.8782552083333334 0.17513020833333334 0.015625 0.016927083333333332
0 0.076171875 0.9192708333333334 0.016927083333333332 0.015625
0 0.705078125 0.6334635416666666 0.010416666666666666 0.010416666666666666
0 0.8743489583333334 0.9759114583333334 0.018229166666666668 0.020833333333333332
0 0.6875 0.2591145833333333 0.01171875 0.013020833333333334
0 0.3177083333333333 0.4856770833333333 0.041666666666666664 0.044270833333333336
0 0.9524739583333334 0.6705729166666666 0.014322916666666666 0.014322916666666666
0 0.7252604166666666 0.2526041666666667 0.010416666666666666 0.010416666666666666
0 0.5247395833333334 0.7024739583333334 0.010416666666666666 0.010416666666666666
0 0.7903645833333334 0.7493489583333334 0.010416666666666666 0.010416666666666666
0 0.5338541666666666 0.6627604166666666 0.009114583333333334 0.009114583333333334
0 0.482421875 0.3313802083333333 0.009114583333333334 0.009114583333333334
0 0.9466145833333334 0.6328125 0.013020833333333334 0.013020833333333334
0 0.6712239583333334 0.8717447916666666 0.01171875 0.01171875
0 0.2604166666666667 0.045572916666666664 0.009114583333333334 0.009114583333333334
0 0.5546875 0.21940104166666666 0.009114583333333334 0.009114583333333334