0 0.7337239583333334 0.7486979166666666 0.022135416666666668 0.026041666666666668
0 0.78125 0.19205729166666666 0.026041666666666668 0.032552083333333336
0 0.712890625 0.055989583333333336 0.032552083333333336 0.03125
0 0.6087239583333334 0.25390625 0.032552083333333336 0.0390625
0 0.5826822916666666 0.296875 0.01953125 0.018229166666666668
0 0.7545572916666666 0.4986979166666667 0.01953125 0.03125
0 0.7447916666666666 0.4303385416666667 0.2552083333333333 0.3111979166666667
0 0.6484375 0.4759114583333333 0.036458333333333336 0.037760416666666664
0 0.6002604166666666 0.48828125 0.07552083333333333 0.078125
0 0.48828125 0.3170572916666667 0.0390625 0.03515625
0 0.3854166666666667 0.224609375 0.0234375 0.01953125
0 0.318359375 0.22135416666666666 0.032552083333333336 0.052083333333333336
0 0.2649739583333333 0.13346354166666666 0.03515625 0.032552083333333336
0 0.251953125 0.042317708333333336 0.03515625 0.032552083333333336
0 0.15950520833333334 0.10481770833333333 0.032552083333333336 0.037760416666666664
0 0.126953125 0.15755208333333334 0.032552083333333336 0.028645833333333332
0 0.4147135416666667 0.06575520833333333 0.016927083333333332 0.024739583333333332
0 0.478515625 0.4720052083333333 0.045572916666666664 0.045572916666666664
0 0.6282552083333334 0.09440104166666667 0.01953125 0.01953125
0 0.466796875 0.6197916666666666 0.029947916666666668 0.0234375
0 0.4049479166666667 0.5833333333333334 0.015625 0.018229166666666668
0 0.2701822916666667 0.6217447916666666 0.01953125 0.01953125
0 0.23567708333333334 0.7200520833333334 0.028645833333333332 0.020833333333333332
0 0.12044270833333333 0.693359375 0.08463541666666667 0.09765625
0 0.962890625 0.4563802083333333 0.07161458333333333 0.07682291666666667
0 0.9921875 0.1640625 0.013020833333333334 0.028645833333333332
0 0.9296875 0.7936197916666666 0.020833333333333332 0.01953125
0 0.18489583333333334 0.9407552083333334 0.020833333333333332 0.01953125
0 0.134765625 0.859375 0.022135416666666668 0.026041666666666668
0 0.23697916666666666 0.45703125 0.0703125 0.08854166666666667
0 0.2864583333333333 0.501953125 0.06510416666666667 0.09244791666666667
0 0.4720052083333333 0.830078125 0.01953125 0.01953125
0 0.7649739583333334 0.061848958333333336 0.045572916666666664 0.045572916666666664
0 0.93359375 0.5384114583333334 0.059895833333333336 0.07421875
0 0.4973958333333333 0.13151041666666666 0.013020833333333334 0.015625
0 0.8313802083333334 0.18359375 0.032552083333333336 0.046875
0 0.8287760416666666 0.037760416666666664 0.01171875 0.013020833333333334
0 0.11588541666666667 0.279296875 0.015625 0.01953125
0 0.19010416666666666 0.4173177083333333 0.020833333333333332 0.022135416666666668
0 0.11783854166666667 0.4303385416666667 0.016927083333333332 0.016927083333333332
0 0.09505208333333333 0.3170572916666667 0.0078125 0.014322916666666666
0 0.030598958333333332 0.115234375 0.01171875 0.01171875
0 0.028645833333333332 0.13671875 0.010416666666666666 0.013020833333333334
0 0.341796875 0.51953125 0.01171875 0.013020833333333334
0 0.2903645833333333 0.7213541666666666 0.013020833333333334 0.0234375
0 0.3235677083333333 0.93359375 0.01953125 0.020833333333333332
0 0.4049479166666667 0.8248697916666666 0.015625 0.01953125
0 0.470703125 0.8717447916666666 0.01953125 0.01953125
0 0.443359375 0.6321614583333334 0.016927083333333332 0.016927083333333332
0 0.65234375 0.68359375 0.020833333333333332 0.020833333333333332
0 0.4576822916666667 0.056640625 0.01171875 0.016927083333333332
0 0.9485677083333334 0.2591145833333333 0.014322916666666666 0.013020833333333334
0 0.046875 0.6048177083333334 0.09375 0.15494791666666666
0 0.19010416666666666 0.958984375 0.265625 0.08203125