0 0.5045572916666666 0.07747395833333333 0.01953125 0.016927083333333332
0 0.359375 0.15950520833333334 0.078125 0.08203125
0 0.236328125 0.23111979166666666 0.037760416666666664 0.03515625
0 0.11848958333333333 0.20768229166666666 0.020833333333333332 0.022135416666666668
0 0.103515625 0.3600260416666667 0.024739583333333332 0.02734375
0 0.3404947916666667 0.71875 0.18359375 0.16666666666666666
0 0.2708333333333333 0.375 0.03125 0.026041666666666668
0 0.703125 0.3444010416666667 0.15625 0.16536458333333334
0 0.849609375 0.2740885416666667 0.032552083333333336 0.032552083333333336
0 0.8600260416666666 0.6256510416666666 0.24609375 0.24088541666666666
0 0.927734375 0.7513020833333334 0.05859375 0.0546875
0 0.111328125 0.7493489583333334 0.014322916666666666 0.01953125
0 0.134765625 0.7623697916666666 0.03515625 0.032552083333333336
0 0.12630208333333334 0.4029947916666667 0.018229166666666668 0.016927083333333332
0 0.23177083333333334 0.4889322916666667 0.018229166666666668 0.01953125
0 0.26953125 0.6725260416666666 0.018229166666666668 0.016927083333333332
0 0.6315104166666666 0.8665364583333334 0.0390625 0.032552083333333336
0 0.2513020833333333 0.9173177083333334 0.03125 0.029947916666666668
0 0.29296875 0.953125 0.026041666666666668 0.0234375
0 0.3333333333333333 0.9622395833333334 0.028645833333333332 0.0234375
0 0.4622395833333333 0.9420572916666666 0.13020833333333334 0.09765625
0 0.8203125 0.92578125 0.026041666666666668 0.020833333333333332
0 0.890625 0.810546875 0.013020833333333334 0.014322916666666666
0 0.4401041666666667 0.3717447916666667 0.018229166666666668 0.01953125
0 0.91796875 0.8346354166666666 0.015625 0.015625
0 0.9544270833333334 0.8190104166666666 0.018229166666666668 0.015625
0 0.615234375 0.6380208333333334 0.01953125 0.018229166666666668
0 0.068359375 0.23697916666666666 0.01953125 0.0234375
0 0.662109375 0.7506510416666666 0.01953125 0.016927083333333332
0 0.1484375 0.70703125 0.020833333333333332 0.018229166666666668
0 0.11458333333333333 0.892578125 0.018229166666666668 0.01953125
0 0.3385416666666667 0.9869791666666666 0.0390625 0.026041666666666668
0 0.4954427083333333 0.919921875 0.01171875 0.016927083333333332
0 0.7877604166666666 0.07552083333333333 0.20833333333333334 0.13020833333333334
0 0.2786458333333333 0.22395833333333334 0.013020833333333334 0.015625
0 0.498046875 0.17513020833333334 0.014322916666666666 0.014322916666666666
0 0.55078125 0.171875 0.013020833333333334 0.010416666666666666
0 0.7083333333333334 0.1328125 0.015625 0.018229166666666668
0 0.4524739583333333 0.33984375 0.016927083333333332 0.015625
0 0.275390625 0.4772135416666667 0.016927083333333332 0.016927083333333332
0 0.3352864583333333 0.4889322916666667 0.014322916666666666 0.016927083333333332
0 0.4446614583333333 0.4876302083333333 0.01171875 0.01171875
0 0.21940104166666666 0.251953125 0.01953125 0.016927083333333332
0 0.006510416666666667 0.537109375 0.010416666666666666 0.022135416666666668
0 0.3059895833333333 0.9251302083333334 0.015625 0.01171875
0 0.5970052083333334 0.9479166666666666 0.014322916666666666 0.010416666666666666
0 0.037760416666666664 0.19921875 0.013020833333333334 0.015625
0 0.014322916666666666 0.24609375 0.026041666666666668 0.09635416666666667
0 0.8860677083333334 0.513671875 0.029947916666666668 0.022135416666666668
0 0.9720052083333334 0.07486979166666667 0.01953125 0.022135416666666668
0 0.7526041666666666 0.8619791666666666 0.013020833333333334 0.013020833333333334
0 0.8463541666666666 0.6087239583333334 0.015625 0.014322916666666666
0 0.57421875 0.5240885416666666 0.013020833333333334 0.014322916666666666
0 0.4225260416666667 0.6907552083333334 0.014322916666666666 0.01171875
0 0.4296875 0.716796875 0.013020833333333334 0.01171875
0 0.21158854166666666 0.6256510416666666 0.014322916666666666 0.01171875