0 0.2760416666666667 0.4283854166666667 0.020833333333333332 0.020833333333333332
0 0.15950520833333334 0.53125 0.03515625 0.033854166666666664
0 0.3684895833333333 0.708984375 0.13020833333333334 0.13932291666666666
0 0.3854166666666667 0.8033854166666666 0.020833333333333332 0.020833333333333332
0 0.39037760416666667 0.8776041666666666 0.01513020833333334 0.016158854166666774
0 0.025390625 0.9895833333333334 0.01171875 0.013020833333333334
0 0.673828125 0.5944010416666666 0.07942708333333333 0.08723958333333333
0 0.6354166666666666 0.6529947916666666 0.015625 0.016927083333333332
0 0.50734375 0.7413932291666666 0.014700520833333286 0.014023437499999977
0 0.8502604166666666 0.7024739583333334 0.0234375 0.029947916666666668
0 0.7682291666666666 0.8216145833333334 0.015625 0.018229166666666668
0 0.98828125 0.5579427083333334 0.015625 0.029947916666666668
0 0.08600260416666666 0.5188411458333334 0.020963541666666658 0.01945312500000007
0 0.7252604166666666 0.8216145833333334 0.010416666666666666 0.013020833333333334
0 0.8359375 0.039713541666666664 0.010416666666666666 0.01171875
0 0.470703125 0.3463541666666667 0.009114583333333334 0.010416666666666666
0 0.6451822916666666 0.034505208333333336 0.045572916666666664 0.04296875
0 0.5188802083333334 0.6490885416666666 0.01171875 0.014322916666666666
0 0.021328125 0.9868229166666667 0.021419270833333327 0.02199218750000013
0 0.9900260416666667 0.55859375 0.01993489583333326 0.024179687500000064
0 0.47265625 0.34717447916666666 0.009817708333333286 0.010130208333333298
0 0.43604166666666666 0.6420963541666667 0.012369791666666666 0.012109374999999941
0 0.7841796875 0.33764322916666667 0.006757812500000071 0.006562499999999953
0 0.6401432291666667 0.890625 0.010026041666666726 0.010130208333333298
0 0.42578125 0.4453125 0.012630208333333393 0.012109374999999941
0 0.6083984375 0.86328125 0.005781250000000071 0.0063932291666667735
0 0.07385416666666667 0.5341796875 0.01049479166666667 0.01093749999999997
0 0.30920572916666667 0.4148046875 0.03393229166666667 0.03374999999999995