0 0.8383445739746094 0.0756978988647461 0.03108888864517212 0.0294572114944458
0 0.4986076354980469 0.9393119812011719 0.027890801429748535 0.026737749576568604
0 0.41576194763183594 0.35138607025146484 0.03933429718017578 0.04042208194732666
0 0.9260635375976562 0.022439956665039062 0.035178959369659424 0.03145873546600342
0 0.1881103515625 0.3785371780395508 0.029674768447875977 0.028543472290039062
0 0.3816490173339844 0.45128822326660156 0.028434693813323975 0.02684652805328369
0 0.8299903869628906 0.34964561462402344 0.03424346446990967 0.032307207584381104
0 0.8411293029785156 0.3043937683105469 0.028325915336608887 0.026433169841766357
0 0.29949951171875 0.9393119812011719 0.04768848419189453 0.04499077796936035
0 0.7805989583333334 0.984375 0.10286458333333333 0.03125
0 0.9921875 0.1640625 0.015625 0.03125
0 0.888671875 0.7018229166666666 0.22265625 0.2708333333333333
0 0.46727943420410156 0.26366710662841797 0.026433169841766357 0.024562180042266846
0 0.05513954162597656 0.012693405151367188 0.02343088388442993 0.024366378784179688
0 0.6475906372070312 0.4930591583251953 0.02704232931137085 0.02632439136505127
0 0.3649406433105469 0.5578041076660156 0.026433169841766357 0.02621561288833618
0 0.02381134033203125 0.9170341491699219 0.024453401565551758 0.02408355474472046
0 0.28905677795410156 0.43840885162353516 0.026019811630249023 0.024845004081726074
0 0.9636573791503906 0.42901039123535156 0.03206789493560791 0.030610263347625732
0 0.5974655151367188 0.5668544769287109 0.025040805339813232 0.02299576997756958
0 0.22988128662109375 0.23825645446777344 0.02253890037536621 0.02236485481262207
0 0.4178504943847656 0.7012176513671875 0.024279356002807617 0.02417057752609253
0 0.4742412567138672 0.08440017700195312 0.02810835838317871 0.027368664741516113
0 0.6350593566894531 0.9128570556640625 0.027999579906463623 0.02810835838317871
0 0.6963233947753906 0.5522346496582031 0.03182858228683472 0.03182858228683472
0 0.4644947052001953 0.23268699645996094 0.02704232931137085 0.024562180042266846
0 0.7283477783203125 0.9511470794677734 0.02532362937927246 0.02532362937927246
0 0.5139236450195312 0.8975410461425781 0.03169804811477661 0.03132820129394531
0 0.42133140563964844 0.5278682708740234 0.025715231895446777 0.025040805339813232
0 0.009114583333333334 0.6158854166666666 0.018229166666666668 0.0234375
0 0.8063201904296875 0.6218528747558594 0.02532362937927246 0.02408355474472046
0 0.9385948181152344 0.9866523742675781 0.021777451038360596 0.02220168709754944
0 0.3795604705810547 0.7896327972412109 0.026520192623138428 0.024279356002807617
0 0.22570419311523438 0.9344387054443359 0.028543472290039062 0.02621561288833618