0 0.7721354166666666 0.244140625 0.026041666666666668 0.02734375
0 0.7662760416666666 0.30078125 0.01953125 0.020833333333333332
0 0.900390625 0.06770833333333333 0.01953125 0.018229166666666668
0 0.98046875 0.548828125 0.0234375 0.024739583333333332
0 0.8561197916666666 0.8802083333333334 0.029947916666666668 0.028645833333333332
0 0.8333333333333334 0.6940104166666666 0.015625 0.015625
0 0.6100260416666666 0.43359375 0.022135416666666668 0.020833333333333332
0 0.7037760416666666 0.5768229166666666 0.029947916666666668 0.028645833333333332
0 0.28515625 0.23567708333333334 0.028645833333333332 0.026041666666666668
0 0.5481770833333334 0.7610677083333334 0.0390625 0.03515625
0 0.6770833333333334 0.9095052083333334 0.036458333333333336 0.037760416666666664
0 0.6061197916666666 0.8802083333333334 0.014322916666666666 0.015625
0 0.4029947916666667 0.7473958333333334 0.01953125 0.015625
0 0.19791666666666666 0.4108072916666667 0.0625 0.053385416666666664
0 0.2643229166666667 0.630859375 0.020833333333333332 0.016927083333333332
0 0.232421875 0.7291666666666666 0.024739583333333332 0.020833333333333332
0 0.3216145833333333 0.8619791666666666 0.026041666666666668 0.018229166666666668
0 0.3671875 0.943359375 0.018229166666666668 0.016927083333333332
0 0.15234375 0.5 0.020833333333333332 0.018229166666666668
0 0.3509114583333333 0.41015625 0.014322916666666666 0.015625
0 0.205078125 0.8098958333333334 0.016927083333333332 0.013020833333333334
0 0.9485677083333334 0.7578125 0.01171875 0.013020833333333334
0 0.0625 0.7532552083333334 0.03125 0.032552083333333336
0 0.13606770833333334 0.8756510416666666 0.014322916666666666 0.01171875
0 0.8880208333333334 0.544921875 0.013020833333333334 0.014322916666666666
0 0.337890625 0.677734375 0.01171875 0.009114583333333334
0 0.4889322916666667 0.7265625 0.014322916666666666 0.013020833333333334
0 0.13216145833333334 0.62109375 0.014322916666666666 0.013020833333333334
0 0.2877604166666667 0.578125 0.013020833333333334 0.013020833333333334
0 0.994140625 0.8704427083333334 0.009114583333333334 0.01953125
0 0.21028645833333334 0.7643229166666666 0.014322916666666666 0.013020833333333334
0 0.5872395833333334 0.8463541666666666 0.013020833333333334 0.010416666666666666
0 0.3795572916666667 0.7591145833333334 0.01171875 0.010416666666666666
0 0.7220052083333334 0.4622395833333333 0.016927083333333332 0.018229166666666668
0 0.064453125 0.66015625 0.014322916666666666 0.010416666666666666
0 0.310546875 0.19075520833333334 0.014322916666666666 0.016927083333333332
0 0.3196614583333333 0.8359375 0.01171875 0.013020833333333334
0 0.421875 0.501953125 0.010416666666666666 0.01171875
0 0.3235677083333333 0.75390625 0.009114583333333334 0.010416666666666666
0 0.181640625 0.18489583333333334 0.009114583333333334 0.010416666666666666
0 0.900390625 0.7161458333333334 0.01171875 0.013020833333333334
0 0.322265625 0.14453125 0.009114583333333334 0.010416666666666666
0 0.045572916666666664 0.79296875 0.010416666666666666 0.010416666666666666
0 0.6516927083333334 0.8216145833333334 0.009114583333333334 0.010416666666666666
0 0.703125 0.9674479166666666 0.010416666666666666 0.0078125
0 0.3424479166666667 0.6861979166666666 0.01171875 0.009114583333333334
0 0.045572916666666664 0.7916666666666666 0.009114583333333334 0.009114583333333334
0 0.16276041666666666 0.939453125 0.014322916666666666 0.013020833333333334
0 0.06380208333333333 0.337890625 0.01171875 0.01171875
0 0.7591145833333334 0.7747395833333334 0.013020833333333334 0.013020833333333334
0 0.4876302083333333 0.7272135416666666 0.010416666666666666 0.010416666666666666
0 0.9479166666666666 0.5455729166666666 0.01171875 0.01171875
0 0.4231770833333333 0.501953125 0.009114583333333334 0.009114583333333334
0 0.3483072916666667 0.412109375 0.01171875 0.01171875
0 0.9016927083333334 0.716796875 0.009114583333333334 0.009114583333333334
0 0.169921875 0.19986979166666666 0.0078125 0.0078125
0 0.15559895833333334 0.12825520833333334 0.009114583333333334 0.0078125
0 0.15494791666666666 0.24153645833333334 0.010416666666666666 0.009114583333333334
0 0.396484375 0.6510416666666666 0.009114583333333334 0.009114583333333334
0 0.10416666666666667 0.3216145833333333 0.009114583333333334 0.0078125
0 0.4518229166666667 0.609375 0.010416666666666666 0.010416666666666666
0 0.3138020833333333 0.9264322916666666 0.009114583333333334 0.009114583333333334
0 0.4928385416666667 0.6497395833333334 0.009114583333333334 0.009114583333333334
0 0.2858072916666667 0.5475260416666666 0.009114583333333334 0.0078125
0 0.9798177083333334 0.3763020833333333 0.010416666666666666 0.010416666666666666
0 0.20442708333333334 0.24869791666666666 0.009114583333333334 0.0078125
0 0.4192708333333333 0.9407552083333334 0.010416666666666666 0.010416666666666666
0 0.11458333333333333 0.3828125 0.010416666666666666 0.0078125
0 0.8977864583333334 0.537109375 0.009114583333333334 0.009114583333333334
0 0.080078125 0.16536458333333334 0.01171875 0.009114583333333334
0 0.46484375 0.8092447916666666 0.009114583333333334 0.009114583333333334
0 0.046223958333333336 0.7161458333333334 0.009114583333333334 0.0078125
0 0.9427083333333334 0.13411458333333334 0.010416666666666666 0.010416666666666666
0 0.5826822916666666 0.92578125 0.0078125 0.0078125
0 0.5755208333333334 0.9674479166666666 0.009114583333333334 0.009114583333333334
0 0.3216145833333333 0.9153645833333334 0.0078125 0.0078125
0 0.9055989583333334 0.3899739583333333 0.009114583333333334 0.0078125
0 0.08854166666666667 0.794921875 0.0078125 0.0078125
0 0.4153645833333333 0.9518229166666666 0.0078125 0.0078125
0 0.06380208333333333 0.927734375 0.009114583333333334 0.009114583333333334
0 0.4283854166666667 0.9798177083333334 0.009114583333333334 0.009114583333333334
0 0.12109375 0.798828125 0.0078125 0.0078125
0 0.302734375 0.88671875 0.0078125 0.0078125
0 0.951171875 0.2526041666666667 0.009114583333333334 0.010416666666666666
0 0.19466145833333334 0.027994791666666668 0.009114583333333334 0.0078125
0 0.30078125 0.3059895833333333 0.009114583333333334 0.0078125
0 0.30078125 0.9973958333333334 0.009114583333333334 0.005208333333333333
0 0.8834635416666666 0.09049479166666667 0.014322916666666666 0.013020833333333334