0 0.794921875 0.306640625 0.053385416666666664 0.045572916666666664
0 0.01953125 0.14713541666666666 0.026041666666666668 0.026041666666666668
0 0.357421875 0.18294270833333334 0.029947916666666668 0.024739583333333332
0 0.2630208333333333 0.228515625 0.0234375 0.022135416666666668
0 0.263671875 0.16080729166666666 0.01953125 0.014322916666666666
0 0.3229166666666667 0.384765625 0.03125 0.01953125
0 0.4973958333333333 0.2962239583333333 0.026041666666666668 0.022135416666666668
0 0.5696614583333334 0.23567708333333334 0.01953125 0.020833333333333332
0 0.6516927083333334 0.19986979166666666 0.024739583333333332 0.024739583333333332
0 0.28125 0.2747395833333333 0.028645833333333332 0.026041666666666668
0 0.24283854166666666 0.7669270833333334 0.07682291666666667 0.06770833333333333
0 0.3229166666666667 0.80859375 0.08333333333333333 0.08333333333333333
0 0.4049479166666667 0.7233072916666666 0.015625 0.016927083333333332
0 0.4088541666666667 0.9368489583333334 0.049479166666666664 0.04296875
0 0.083984375 0.548828125 0.024739583333333332 0.022135416666666668
0 0.8313802083333334 0.6712239583333334 0.022135416666666668 0.022135416666666668
0 0.8463541666666666 0.4010416666666667 0.026041666666666668 0.026041666666666668
0 0.958984375 0.6875 0.022135416666666668 0.026041666666666668
0 0.7975260416666666 0.8470052083333334 0.01953125 0.01953125
0 0.4772135416666667 0.421875 0.024739583333333332 0.028645833333333332
0 0.287109375 0.5006510416666666 0.014322916666666666 0.016927083333333332
0 0.3854166666666667 0.11458333333333333 0.015625 0.013020833333333334
0 0.5598958333333334 0.024088541666666668 0.09114583333333333 0.040364583333333336
0 0.059895833333333336 0.09505208333333333 0.015625 0.013020833333333334
0 0.978515625 0.11653645833333333 0.01171875 0.022135416666666668
0 0.9108072916666666 0.6490885416666666 0.01953125 0.014322916666666666
0 0.70703125 0.22526041666666666 0.020833333333333332 0.026041666666666668
0 0.9759114583333334 0.359375 0.048177083333333336 0.057291666666666664
0 0.6705729166666666 0.5006510416666666 0.015625 0.014322916666666666
0 0.6373697916666666 0.306640625 0.014322916666666666 0.014322916666666666
0 0.89453125 0.9498697916666666 0.013020833333333334 0.014322916666666666
0 0.5592447916666666 0.8880208333333334 0.01171875 0.010416666666666666
0 0.4973958333333333 0.9401041666666666 0.013020833333333334 0.010416666666666666
0 0.3580729166666667 0.8274739583333334 0.013020833333333334 0.014322916666666666
0 0.3294270833333333 0.8483072916666666 0.015625 0.01171875