0 0.20768229166666666 0.126953125 0.055989583333333336 0.05859375
0 0.08658854166666667 0.0234375 0.040364583333333336 0.033854166666666664
0 0.5891927083333334 0.513671875 0.040364583333333336 0.040364583333333336
0 0.8020833333333334 0.3645833333333333 0.033854166666666664 0.033854166666666664
0 0.57421875 0.21875 0.018229166666666668 0.018229166666666668
0 0.7102864583333334 0.09635416666666667 0.12890625 0.1171875
0 0.669921875 0.130859375 0.022135416666666668 0.022135416666666668
0 0.177734375 0.20572916666666666 0.014322916666666666 0.015625
0 0.10286458333333333 0.054036458333333336 0.010416666666666666 0.009114583333333334
0 0.2819010416666667 0.4772135416666667 0.014322916666666666 0.014322916666666666
0 0.2838541666666667 0.5631510416666666 0.052083333333333336 0.045572916666666664
0 0.6373697916666666 0.279296875 0.12109375 0.10286458333333333
0 0.7721354166666666 0.29296875 0.0390625 0.0390625
0 0.7649739583333334 0.34375 0.01953125 0.020833333333333332
0 0.6419270833333334 0.58203125 0.018229166666666668 0.018229166666666668
0 0.7356770833333334 0.5872395833333334 0.015625 0.015625
0 0.9186197916666666 0.50390625 0.016927083333333332 0.015625
0 0.88671875 0.10872395833333333 0.018229166666666668 0.016927083333333332
0 0.341796875 0.6686197916666666 0.022135416666666668 0.01953125
0 0.9205729166666666 0.6334635416666666 0.10677083333333333 0.10807291666666667
0 0.6380208333333334 0.6256510416666666 0.015625 0.016927083333333332
0 0.8873697916666666 0.7389322916666666 0.01953125 0.01953125
0 0.8014322916666666 0.7610677083333334 0.08203125 0.07421875
0 0.8470052083333334 0.8255208333333334 0.014322916666666666 0.015625
0 0.9407552083333334 0.8131510416666666 0.11848958333333333 0.14713541666666666
0 0.8802083333333334 0.400390625 0.046875 0.045572916666666664
0 0.9635416666666666 0.48828125 0.0546875 0.052083333333333336
0 0.4140625 0.8294270833333334 0.018229166666666668 0.020833333333333332
0 0.3020833333333333 0.21614583333333334 0.13802083333333334 0.1328125
0 0.251953125 0.08333333333333333 0.009114583333333334 0.010416666666666666
0 0.2864583333333333 0.14908854166666666 0.015625 0.014322916666666666
0 0.24609375 0.724609375 0.0390625 0.04296875
0 0.4908854166666667 0.5904947916666666 0.015625 0.014322916666666666
0 0.5579427083333334 0.65625 0.07682291666666667 0.07291666666666667
0 0.072265625 0.5045572916666666 0.014322916666666666 0.014322916666666666
0 0.08138020833333333 0.5904947916666666 0.05078125 0.048177083333333336
0 0.0390625 0.7141927083333334 0.049479166666666664 0.048177083333333336
0 0.3626302083333333 0.837890625 0.01953125 0.01953125
0 0.6393229166666666 0.9420572916666666 0.0859375 0.061197916666666664
0 0.4915364583333333 0.19010416666666666 0.040364583333333336 0.044270833333333336
0 0.537109375 0.3274739583333333 0.016927083333333332 0.014322916666666666
0 0.5729166666666666 0.4114583333333333 0.013020833333333334 0.013020833333333334
0 0.5755208333333334 0.458984375 0.013020833333333334 0.014322916666666666
0 0.6822916666666666 0.4231770833333333 0.17447916666666666 0.15885416666666666
0 0.8203125 0.9479166666666666 0.013020833333333334 0.013020833333333334
0 0.9114583333333334 0.8958333333333334 0.013020833333333334 0.010416666666666666
0 0.171875 0.7786458333333334 0.20052083333333334 0.18489583333333334
0 0.4498697916666667 0.5260416666666666 0.014322916666666666 0.013020833333333334
0 0.8196614583333334 0.23958333333333334 0.016927083333333332 0.013020833333333334
0 0.07161458333333333 0.189453125 0.015625 0.014322916666666666
0 0.3216145833333333 0.759765625 0.010416666666666666 0.01171875
0 0.3307291666666667 0.97265625 0.013020833333333334 0.013020833333333334
0 0.11783854166666667 0.4231770833333333 0.08463541666666667 0.078125
0 0.146484375 0.546875 0.10546875 0.08854166666666667
0 0.8645833333333334 0.5423177083333334 0.015625 0.01171875
0 0.759765625 0.8502604166666666 0.014322916666666666 0.013020833333333334
0 0.1953125 0.020182291666666668 0.06770833333333333 0.037760416666666664
0 0.18684895833333334 0.06380208333333333 0.01171875 0.013020833333333334
0 0.2845052083333333 0.029296875 0.01171875 0.009114583333333334
0 0.020182291666666668 0.5384114583333334 0.037760416666666664 0.04296875
0 0.087890625 0.8600260416666666 0.17317708333333334 0.18098958333333334
0 0.14192708333333334 0.880859375 0.020833333333333332 0.016927083333333332
0 0.423828125 0.822265625 0.014322916666666666 0.016927083333333332
0 0.3307291666666667 0.921875 0.010416666666666666 0.010416666666666666
0 0.4440104166666667 0.9303385416666666 0.010416666666666666 0.009114583333333334
0 0.908203125 0.9934895833333334 0.014322916666666666 0.013020833333333334
0 0.607421875 0.7721354166666666 0.01171875 0.010416666666666666
0 0.630859375 0.8001302083333334 0.01171875 0.01171875
0 0.8483072916666666 0.8717447916666666 0.01171875 0.01171875
0 0.8294270833333334 0.3268229166666667 0.010416666666666666 0.010416666666666666
0 0.8717447916666666 0.11328125 0.01171875 0.013020833333333334
0 0.728515625 0.18619791666666666 0.009114583333333334 0.010416666666666666
0 0.9368489583333334 0.19856770833333334 0.009114583333333334 0.01171875
0 0.212890625 0.41796875 0.01171875 0.010416666666666666
0 0.039713541666666664 0.22395833333333334 0.01171875 0.0078125
0 0.026692708333333332 0.275390625 0.009114583333333334 0.009114583333333334
0 0.5494791666666666 0.470703125 0.010416666666666666 0.009114583333333334
0 0.3528645833333333 0.6920572916666666 0.010416666666666666 0.01171875
0 0.4140625 0.7109375 0.0078125 0.0078125
0 0.5436197916666666 0.728515625 0.009114583333333334 0.009114583333333334
0 0.3372395833333333 0.5540364583333334 0.010416666666666666 0.009114583333333334
0 0.287109375 0.869140625 0.009114583333333334 0.009114583333333334
0 0.576171875 0.78125 0.009114583333333334 0.0078125