0 0.564453125 0.21549479166666666 0.029947916666666668 0.032552083333333336
0 0.66796875 0.6302083333333334 0.036458333333333336 0.036458333333333336
0 0.5436197916666666 0.4889322916666667 0.09765625 0.09765625
0 0.828125 0.7317708333333334 0.036458333333333336 0.036458333333333336
0 0.814453125 0.6809895833333334 0.01953125 0.018229166666666668
0 0.3307291666666667 0.5670572916666666 0.015625 0.014322916666666666
0 0.4407552083333333 0.5690104166666666 0.016927083333333332 0.015625
0 0.4524739583333333 0.75 0.12369791666666667 0.09895833333333333
0 0.53515625 0.7063802083333334 0.0234375 0.022135416666666668
0 0.4212239583333333 0.13151041666666666 0.022135416666666668 0.020833333333333332
0 0.2610677083333333 0.22981770833333334 0.016927083333333332 0.01953125
0 0.21940104166666666 0.45703125 0.016927083333333332 0.020833333333333332
0 0.12174479166666667 0.9427083333333334 0.01953125 0.020833333333333332
0 0.16080729166666666 0.9772135416666666 0.01953125 0.01953125
0 0.873046875 0.9231770833333334 0.024739583333333332 0.018229166666666668
0 0.9856770833333334 0.9876302083333334 0.026041666666666668 0.022135416666666668
0 0.55078125 0.006510416666666667 0.03125 0.010416666666666666
0 0.7389322916666666 0.220703125 0.01953125 0.022135416666666668
0 0.8860677083333334 0.251953125 0.22005208333333334 0.3138020833333333
0 0.1796875 0.396484375 0.018229166666666668 0.016927083333333332
0 0.2747395833333333 0.11848958333333333 0.018229166666666668 0.015625
0 0.828125 0.6744791666666666 0.013020833333333334 0.013020833333333334
0 0.2701822916666667 0.9869791666666666 0.061197916666666664 0.026041666666666668
0 0.9934895833333334 0.8098958333333334 0.013020833333333334 0.018229166666666668
0 0.8040364583333334 0.12369791666666667 0.014322916666666666 0.013020833333333334
0 0.77734375 0.328125 0.015625 0.013020833333333334
0 0.701171875 0.193359375 0.014322916666666666 0.014322916666666666
0 0.4108072916666667 0.154296875 0.016927083333333332 0.01171875
0 0.3684895833333333 0.216796875 0.010416666666666666 0.01171875
0 0.65625 0.8658854166666666 0.013020833333333334 0.013020833333333334
0 0.748046875 0.9303385416666666 0.014322916666666666 0.01171875
0 0.2942708333333333 0.6360677083333334 0.013020833333333334 0.01171875
0 0.13346354166666666 0.7024739583333334 0.014322916666666666 0.01171875
0 0.20052083333333334 0.5123697916666666 0.010416666666666666 0.01171875
0 0.07356770833333333 0.4934895833333333 0.009114583333333334 0.0078125