0 0.4108072916666667 0.126953125 0.045572916666666664 0.045572916666666664
0 0.2877604166666667 0.06380208333333333 0.0703125 0.07291666666666667
0 0.123046875 0.17122395833333334 0.022135416666666668 0.024739583333333332
0 0.23893229166666666 0.18619791666666666 0.08984375 0.08333333333333333
0 0.21875 0.2805989583333333 0.078125 0.06380208333333333
0 0.19596354166666666 0.2877604166666667 0.01953125 0.015625
0 0.0859375 0.3821614583333333 0.03125 0.016927083333333332
0 0.2578125 0.478515625 0.078125 0.08463541666666667
0 0.7291666666666666 0.09244791666666667 0.0234375 0.0234375
0 0.3359375 0.6412760416666666 0.0390625 0.032552083333333336
0 0.2845052083333333 0.6783854166666666 0.014322916666666666 0.015625
0 0.29296875 0.7063802083333334 0.0625 0.05859375
0 0.3268229166666667 0.7578125 0.018229166666666668 0.026041666666666668
0 0.8795572916666666 0.9251302083333334 0.032552083333333336 0.040364583333333336
0 0.5787760416666666 0.69140625 0.016927083333333332 0.015625
0 0.6764322916666666 0.7486979166666666 0.016927083333333332 0.013020833333333334
0 0.6451822916666666 0.7330729166666666 0.25390625 0.22916666666666666
0 0.4010416666666667 0.8958333333333334 0.0390625 0.03125
0 0.2610677083333333 0.8274739583333334 0.045572916666666664 0.05078125
0 0.248046875 0.8919270833333334 0.01953125 0.026041666666666668
0 0.09440104166666667 0.7643229166666666 0.048177083333333336 0.0390625
0 0.024088541666666668 0.60546875 0.014322916666666666 0.026041666666666668
0 0.0859375 0.6067708333333334 0.1640625 0.19270833333333334
0 0.031901041666666664 0.2571614583333333 0.022135416666666668 0.01953125
0 0.044921875 0.2766927083333333 0.08723958333333333 0.20182291666666666
0 0.7265625 0.3196614583333333 0.026041666666666668 0.024739583333333332
0 0.603515625 0.1875 0.014322916666666666 0.018229166666666668
0 0.6881510416666666 0.173828125 0.02734375 0.022135416666666668
0 0.5442708333333334 0.16276041666666666 0.013020833333333334 0.026041666666666668
0 0.8053385416666666 0.022786458333333332 0.014322916666666666 0.01953125
0 0.3977864583333333 0.01953125 0.01953125 0.013020833333333334
0 0.18815104166666666 0.103515625 0.016927083333333332 0.01953125
0 0.1640625 0.06510416666666667 0.0078125 0.013020833333333334
0 0.053385416666666664 0.4752604166666667 0.018229166666666668 0.013020833333333334
0 0.92578125 0.7421875 0.018229166666666668 0.026041666666666668
0 0.9544270833333334 0.6946614583333334 0.013020833333333334 0.022135416666666668
0 0.7786458333333334 0.3014322916666667 0.09114583333333333 0.09244791666666667
0 0.8600260416666666 0.8177083333333334 0.01953125 0.018229166666666668
0 0.474609375 0.2688802083333333 0.029947916666666668 0.037760416666666664
0 0.6842447916666666 0.044921875 0.05859375 0.045572916666666664
0 0.4029947916666667 0.4264322916666667 0.016927083333333332 0.006510416666666667
0 0.8697916666666666 0.09765625 0.013020833333333334 0.013020833333333334
0 0.8046875 0.271484375 0.013020833333333334 0.016927083333333332
0 0.203125 0.6712239583333334 0.0078125 0.01171875