0 0.7766927083333334 0.314453125 0.037760416666666664 0.02734375
0 0.7604166666666666 0.043619791666666664 0.018229166666666668 0.01953125
0 0.68359375 0.3515625 0.015625 0.015625
0 0.9537760416666666 0.396484375 0.024739583333333332 0.024739583333333332
0 0.07421875 0.5598958333333334 0.018229166666666668 0.020833333333333332
0 0.6315104166666666 0.1484375 0.015625 0.015625
0 0.4615885416666667 0.9752604166666666 0.016927083333333332 0.018229166666666668
0 0.06966145833333333 0.8098958333333334 0.016927083333333332 0.013020833333333334
0 0.830078125 0.703125 0.01171875 0.013020833333333334
0 0.80078125 0.5234375 0.015625 0.013020833333333334
0 0.611328125 0.51953125 0.01953125 0.010416666666666666
0 0.4361979166666667 0.837890625 0.015625 0.016927083333333332
0 0.3645833333333333 0.2936197916666667 0.010416666666666666 0.014322916666666666
0 0.048177083333333336 0.599609375 0.010416666666666666 0.006510416666666667
0 0.607421875 0.08919270833333333 0.01171875 0.01171875