0 0.07747395833333333 0.4954427083333333 0.016927083333333332 0.01953125
0 0.15950520833333334 0.640625 0.08203125 0.078125
0 0.23111979166666666 0.763671875 0.03515625 0.037760416666666664
0 0.20768229166666666 0.8815104166666666 0.022135416666666668 0.020833333333333332
0 0.3600260416666667 0.896484375 0.02734375 0.024739583333333332
0 0.71875 0.6595052083333334 0.16666666666666666 0.18359375
0 0.375 0.7291666666666666 0.026041666666666668 0.03125
0 0.3444010416666667 0.296875 0.16536458333333334 0.15625
0 0.2740885416666667 0.150390625 0.032552083333333336 0.032552083333333336
0 0.6256510416666666 0.13997395833333334 0.24088541666666666 0.24609375
0 0.7513020833333334 0.072265625 0.0546875 0.05859375
0 0.7493489583333334 0.888671875 0.01953125 0.014322916666666666
0 0.7623697916666666 0.865234375 0.032552083333333336 0.03515625
0 0.4029947916666667 0.8736979166666666 0.016927083333333332 0.018229166666666668
0 0.4889322916666667 0.7682291666666666 0.01953125 0.018229166666666668
0 0.6725260416666666 0.73046875 0.016927083333333332 0.018229166666666668
0 0.8665364583333334 0.3684895833333333 0.032552083333333336 0.0390625
0 0.9173177083333334 0.7486979166666666 0.029947916666666668 0.03125
0 0.953125 0.70703125 0.0234375 0.026041666666666668
0 0.9622395833333334 0.6666666666666666 0.0234375 0.028645833333333332
0 0.9420572916666666 0.5377604166666666 0.09765625 0.13020833333333334
0 0.92578125 0.1796875 0.020833333333333332 0.026041666666666668
0 0.810546875 0.109375 0.014322916666666666 0.013020833333333334
0 0.3717447916666667 0.5598958333333334 0.01953125 0.018229166666666668
0 0.8346354166666666 0.08203125 0.015625 0.015625
0 0.8190104166666666 0.045572916666666664 0.015625 0.018229166666666668
0 0.6380208333333334 0.384765625 0.018229166666666668 0.01953125
0 0.23697916666666666 0.931640625 0.0234375 0.01953125
0 0.7506510416666666 0.337890625 0.016927083333333332 0.01953125
0 0.70703125 0.8515625 0.018229166666666668 0.020833333333333332
0 0.892578125 0.8854166666666666 0.01953125 0.018229166666666668
0 0.9869791666666666 0.6614583333333334 0.026041666666666668 0.0390625
0 0.919921875 0.5045572916666666 0.016927083333333332 0.01171875
0 0.07552083333333333 0.21223958333333334 0.13020833333333334 0.20833333333333334
0 0.22395833333333334 0.7213541666666666 0.015625 0.013020833333333334
0 0.17513020833333334 0.501953125 0.014322916666666666 0.014322916666666666
0 0.171875 0.44921875 0.010416666666666666 0.013020833333333334
0 0.1328125 0.2916666666666667 0.018229166666666668 0.015625
0 0.33984375 0.5475260416666666 0.015625 0.016927083333333332
0 0.4772135416666667 0.724609375 0.016927083333333332 0.016927083333333332
0 0.4889322916666667 0.6647135416666666 0.016927083333333332 0.014322916666666666
0 0.4876302083333333 0.5553385416666666 0.01171875 0.01171875
0 0.251953125 0.7805989583333334 0.016927083333333332 0.01953125
0 0.537109375 0.9934895833333334 0.022135416666666668 0.010416666666666666
0 0.9251302083333334 0.6940104166666666 0.01171875 0.015625
0 0.9479166666666666 0.4029947916666667 0.010416666666666666 0.014322916666666666
0 0.19921875 0.9622395833333334 0.015625 0.013020833333333334
0 0.24609375 0.9856770833333334 0.09635416666666667 0.026041666666666668
0 0.513671875 0.11393229166666667 0.022135416666666668 0.029947916666666668
0 0.07486979166666667 0.027994791666666668 0.022135416666666668 0.01953125
0 0.8619791666666666 0.24739583333333334 0.013020833333333334 0.013020833333333334
0 0.6087239583333334 0.15364583333333334 0.014322916666666666 0.015625
0 0.5240885416666666 0.42578125 0.014322916666666666 0.013020833333333334
0 0.6907552083333334 0.5774739583333334 0.01171875 0.014322916666666666
0 0.716796875 0.5703125 0.01171875 0.013020833333333334
0 0.6256510416666666 0.7884114583333334 0.01171875 0.014322916666666666