0 0.8287760416666666 0.3359375 0.032552083333333336 0.03125
0 0.07552083333333333 0.5540364583333334 0.013020833333333334 0.016927083333333332
0 0.5221354166666666 0.4127604166666667 0.015625 0.018229166666666668
0 0.69140625 0.341796875 0.018229166666666668 0.022135416666666668
0 0.8834635416666666 0.888671875 0.053385416666666664 0.05859375
0 0.12174479166666667 0.7890625 0.022135416666666668 0.0234375
0 0.12109375 0.904296875 0.026041666666666668 0.024739583333333332
0 0.13346354166666666 0.8509114583333334 0.014322916666666666 0.016927083333333332
0 0.26171875 0.5859375 0.015625 0.015625
0 0.020182291666666668 0.484375 0.01171875 0.013020833333333334
0 0.3470052083333333 0.404296875 0.014322916666666666 0.01171875
0 0.21614583333333334 0.21028645833333334 0.018229166666666668 0.014322916666666666
0 0.06510416666666667 0.10416666666666667 0.0234375 0.026041666666666668
0 0.310546875 0.115234375 0.016927083333333332 0.016927083333333332
0 0.291015625 0.046875 0.01171875 0.013020833333333334
0 0.11588541666666667 0.259765625 0.015625 0.016927083333333332
0 0.400390625 0.2708333333333333 0.014322916666666666 0.015625
0 0.50390625 0.20572916666666666 0.010416666666666666 0.013020833333333334
0 0.775390625 0.4973958333333333 0.01171875 0.013020833333333334
0 0.3919270833333333 0.6673177083333334 0.010416666666666666 0.01171875
0 0.5416666666666666 0.8352864583333334 0.0234375 0.024739583333333332
0 0.453125 0.939453125 0.013020833333333334 0.016927083333333332
0 0.939453125 0.572265625 0.016927083333333332 0.01953125
0 0.4134114583333333 0.544921875 0.009114583333333334 0.01171875
0 0.4192708333333333 0.986328125 0.010416666666666666 0.014322916666666666
0 0.265625 0.15950520833333334 0.015625 0.014322916666666666
0 0.17057291666666666 0.271484375 0.010416666666666666 0.014322916666666666
0 0.005208333333333333 0.8502604166666666 0.0078125 0.013020833333333334
0 0.09309895833333333 0.8548177083333334 0.01171875 0.014322916666666666
0 0.27734375 0.1015625 0.010416666666666666 0.010416666666666666
0 0.7102864583333334 0.3671875 0.016927083333333332 0.015625
0 0.20833333333333334 0.05859375 0.013020833333333334 0.013020833333333334
0 0.2734375 0.9739583333333334 0.03125 0.0234375
0 0.13932291666666666 0.333984375 0.013020833333333334 0.014322916666666666
0 0.24283854166666666 0.4322916666666667 0.01171875 0.013020833333333334
0 0.41796875 0.9225260416666666 0.010416666666666666 0.009114583333333334
0 0.4407552083333333 0.9622395833333334 0.01171875 0.010416666666666666
0 0.3229166666666667 0.9895833333333334 0.018229166666666668 0.013020833333333334
0 0.3600260416666667 0.9895833333333334 0.01171875 0.013020833333333334
0 0.755859375 0.654296875 0.009114583333333334 0.01171875
0 0.6731770833333334 0.4466145833333333 0.010416666666666666 0.010416666666666666
0 0.423828125 0.76953125 0.01171875 0.010416666666666666
0 0.453125 0.7024739583333334 0.0078125 0.006510416666666667
0 0.3841145833333333 0.28515625 0.010416666666666666 0.010416666666666666
0 0.4427083333333333 0.3131510416666667 0.013020833333333334 0.01171875
0 0.564453125 0.6940104166666666 0.009114583333333334 0.0078125
0 0.5026041666666666 0.7115885416666666 0.010416666666666666 0.009114583333333334
0 0.6881510416666666 0.7415364583333334 0.009114583333333334 0.009114583333333334
0 0.4212239583333333 0.8860677083333334 0.006510416666666667 0.006510416666666667
0 0.3059895833333333 0.8951822916666666 0.0078125 0.006510416666666667
0 0.3404947916666667 0.7864583333333334 0.006510416666666667 0.0078125
0 0.0859375 0.9108072916666666 0.010416666666666666 0.009114583333333334
0 0.07096354166666667 0.8359375 0.009114583333333334 0.010416666666666666
0 0.2747395833333333 0.13020833333333334 0.013020833333333334 0.010416666666666666
0 0.28515625 0.15104166666666666 0.010416666666666666 0.010416666666666666
0 0.4114583333333333 0.038411458333333336 0.0078125 0.009114583333333334
0 0.3450520833333333 0.12825520833333334 0.0078125 0.009114583333333334
0 0.5598958333333334 0.12825520833333334 0.013020833333333334 0.009114583333333334
0 0.451171875 0.177734375 0.01171875 0.009114583333333334
0 0.8229166666666666 0.14778645833333334 0.010416666666666666 0.01171875
0 0.8111979166666666 0.033854166666666664 0.010416666666666666 0.010416666666666666
0 0.4420572916666667 0.20442708333333334 0.010416666666666666 0.010416666666666666
0 0.9850260416666666 0.20833333333333334 0.018229166666666668 0.013020833333333334
0 0.8815104166666666 0.20377604166666666 0.015625 0.014322916666666666
0 0.228515625 0.15299479166666666 0.01171875 0.01171875
0 0.005208333333333333 0.5690104166666666 0.009114583333333334 0.010416666666666666
0 0.7486979166666666 0.23958333333333334 0.009114583333333334 0.009114583333333334
0 0.841796875 0.4147135416666667 0.010416666666666666 0.010416666666666666
0 0.2923177083333333 0.98046875 0.01953125 0.01953125
0 0.013020833333333334 0.16276041666666666 0.014322916666666666 0.014322916666666666
0 0.6282552083333334 0.24544270833333334 0.01171875 0.01171875
0 0.4427083333333333 0.9641927083333334 0.010416666666666666 0.010416666666666666
0 0.33203125 0.6510416666666666 0.009114583333333334 0.009114583333333334
0 0.7682291666666666 0.8424479166666666 0.010416666666666666 0.010416666666666666
0 0.8346354166666666 0.103515625 0.010416666666666666 0.010416666666666666
0 0.3411458333333333 0.7877604166666666 0.0078125 0.009114583333333334
0 0.52734375 0.09505208333333333 0.010416666666666666 0.010416666666666666
0 0.06380208333333333 0.4830729166666667 0.0078125 0.009114583333333334
0 0.7408854166666666 0.6236979166666666 0.016927083333333332 0.016927083333333332
0 0.8098958333333334 0.275390625 0.010416666666666666 0.010416666666666666
0 0.6744791666666666 0.44921875 0.006510416666666667 0.006510416666666667
0 0.4212239583333333 0.9876302083333334 0.01171875 0.01171875
0 0.8326822916666666 0.40625 0.009114583333333334 0.009114583333333334
0 0.7161458333333334 0.564453125 0.010416666666666666 0.010416666666666666
0 0.6158854166666666 0.7408854166666666 0.009114583333333334 0.009114583333333334
0 0.6139322916666666 0.7825520833333334 0.010416666666666666 0.01171875
0 0.3958333333333333 0.6106770833333334 0.009114583333333334 0.009114583333333334
0 0.8951822916666666 0.3001302083333333 0.009114583333333334 0.009114583333333334
0 0.5729166666666666 0.357421875 0.009114583333333334 0.009114583333333334
0 0.072265625 0.9010416666666666 0.010416666666666666 0.010416666666666666
0 0.8190104166666666 0.8834635416666666 0.009114583333333334 0.009114583333333334
0 0.7115885416666666 0.3020833333333333 0.010416666666666666 0.010416666666666666
0 0.18815104166666666 0.4583333333333333 0.009114583333333334 0.009114583333333334
0 0.3515625 0.17643229166666666 0.005208333333333333 0.006510416666666667
0 0.3502604166666667 0.537109375 0.005208333333333333 0.006510416666666667
0 0.3899739583333333 0.7643229166666666 0.005208333333333333 0.006510416666666667
0 0.9036458333333334 0.2578125 0.005208333333333333 0.006510416666666667
0 0.14322916666666666 0.4928385416666667 0.006510416666666667 0.006510416666666667
0 0.7278645833333334 0.7916666666666666 0.0078125 0.009114583333333334