0 0.0625 0.4498697916666667 0.078125 0.09765625
0 0.2565104166666667 0.66796875 0.0546875 0.06510416666666667
0 0.3196614583333333 0.4986979166666667 0.07161458333333333 0.078125
0 0.38671875 0.4140625 0.0234375 0.026041666666666668
0 0.09700520833333333 0.20572916666666666 0.029947916666666668 0.026041666666666668
0 0.7233072916666666 0.5266927083333334 0.032552083333333336 0.029947916666666668
0 0.8606770833333334 0.8131510416666666 0.03125 0.029947916666666668
0 0.18033854166666666 0.0625 0.07682291666666667 0.078125
0 0.376953125 0.09505208333333333 0.06901041666666667 0.078125
0 0.53125 0.051432291666666664 0.078125 0.08723958333333333
0 0.90625 0.3873697916666667 0.03125 0.02734375
0 0.09765625 0.654296875 0.015625 0.016927083333333332
0 0.533203125 0.2669270833333333 0.024739583333333332 0.026041666666666668
0 0.12174479166666667 0.8248697916666666 0.015625 0.016927083333333332
0 0.923828125 0.08072916666666667 0.016927083333333332 0.015625
0 0.294921875 0.3665364583333333 0.010416666666666666 0.010416666666666666
0 0.12565104166666666 0.024088541666666668 0.018229166666666668 0.020833333333333332
0 0.3125 0.7408854166666666 0.01171875 0.013020833333333334
0 0.6822916666666666 0.5143229166666666 0.041666666666666664 0.044270833333333336
0 0.047526041666666664 0.3294270833333333 0.014322916666666666 0.014322916666666666
0 0.2747395833333333 0.7473958333333334 0.010416666666666666 0.010416666666666666
0 0.4752604166666667 0.2975260416666667 0.010416666666666666 0.010416666666666666
0 0.20963541666666666 0.2506510416666667 0.010416666666666666 0.010416666666666666
0 0.4661458333333333 0.3372395833333333 0.009114583333333334 0.009114583333333334
0 0.517578125 0.6686197916666666 0.009114583333333334 0.009114583333333334
0 0.053385416666666664 0.3671875 0.013020833333333334 0.013020833333333334
0 0.3287760416666667 0.12825520833333334 0.01171875 0.01171875
0 0.7395833333333334 0.9544270833333334 0.009114583333333334 0.009114583333333334
0 0.4453125 0.7805989583333334 0.009114583333333334 0.009114583333333334