0 0.78125 0.3717447916666667 0.020833333333333332 0.024739583333333332
0 0.8014322916666666 0.22265625 0.10026041666666667 0.09375
0 0.3548177083333333 0.3782552083333333 0.024739583333333332 0.022135416666666668
0 0.353515625 0.4602864583333333 0.016927083333333332 0.016927083333333332
0 0.13541666666666666 0.2877604166666667 0.015625 0.020833333333333332
0 0.3020833333333333 0.837890625 0.013020833333333334 0.016927083333333332
0 0.099609375 0.7298177083333334 0.014322916666666666 0.014322916666666666
0 0.2819010416666667 0.9322916666666666 0.01171875 0.015625
0 0.51171875 0.8522135416666666 0.013020833333333334 0.014322916666666666
0 0.6432291666666666 0.6484375 0.018229166666666668 0.018229166666666668
0 0.6139322916666666 0.6614583333333334 0.01171875 0.013020833333333334
0 0.072265625 0.4576822916666667 0.01171875 0.014322916666666666
0 0.15169270833333334 0.4153645833333333 0.01171875 0.010416666666666666
0 0.024739583333333332 0.556640625 0.015625 0.014322916666666666
0 0.125 0.4811197916666667 0.010416666666666666 0.01171875
0 0.2936197916666667 0.9075520833333334 0.014322916666666666 0.015625