0 0.072265625 0.306640625 0.029947916666666668 0.029947916666666668
0 0.21158854166666666 0.22981770833333334 0.06901041666666667 0.06901041666666667
0 0.11002604166666667 0.19921875 0.014322916666666666 0.015625
0 0.5026041666666666 0.14453125 0.03125 0.03125
0 0.4290364583333333 0.08658854166666667 0.024739583333333332 0.022135416666666668
0 0.193359375 0.4205729166666667 0.02734375 0.026041666666666668
0 0.376953125 0.5071614583333334 0.022135416666666668 0.022135416666666668
0 0.7760416666666666 0.10286458333333333 0.020833333333333332 0.020833333333333332
0 0.23307291666666666 0.619140625 0.0546875 0.053385416666666664
0 0.03515625 0.658203125 0.06770833333333333 0.06380208333333333
0 0.12955729166666666 0.7975260416666666 0.016927083333333332 0.016927083333333332
0 0.8294270833333334 0.79296875 0.033854166666666664 0.036458333333333336
0 0.7526041666666666 0.79296875 0.23958333333333334 0.1953125
0 0.9095052083333334 0.431640625 0.03515625 0.032552083333333336
0 0.7467447916666666 0.4720052083333333 0.3190104166666667 0.3033854166666667
0 0.5462239583333334 0.3151041666666667 0.037760416666666664 0.036458333333333336
0 0.56640625 0.365234375 0.020833333333333332 0.022135416666666668
0 0.4973958333333333 0.23828125 0.015625 0.015625
0 0.4518229166666667 0.2890625 0.0234375 0.0234375
0 0.5071614583333334 0.74609375 0.08984375 0.08854166666666667
0 0.5618489583333334 0.791015625 0.029947916666666668 0.029947916666666668
0 0.7747395833333334 0.8580729166666666 0.018229166666666668 0.015625
0 0.6946614583333334 0.9114583333333334 0.014322916666666666 0.013020833333333334
0 0.55078125 0.052083333333333336 0.0234375 0.026041666666666668
0 0.7467447916666666 0.2864583333333333 0.014322916666666666 0.013020833333333334
0 0.19270833333333334 0.11067708333333333 0.018229166666666668 0.020833333333333332
0 0.400390625 0.6171875 0.01171875 0.010416666666666666
0 0.4694010416666667 0.837890625 0.016927083333333332 0.01953125
0 0.6627604166666666 0.873046875 0.013020833333333334 0.014322916666666666
0 0.84375 0.263671875 0.013020833333333334 0.014322916666666666
0 0.9544270833333334 0.923828125 0.018229166666666668 0.01953125
0 0.6256510416666666 0.896484375 0.01171875 0.014322916666666666
0 0.09440104166666667 0.4752604166666667 0.17057291666666666 0.16145833333333334
0 0.212890625 0.025390625 0.009114583333333334 0.009114583333333334
0 0.306640625 0.080078125 0.01171875 0.014322916666666666
0 0.4375 0.0625 0.1015625 0.09114583333333333
0 0.4388020833333333 0.9498697916666666 0.015625 0.02734375
0 0.4290364583333333 0.9856770833333334 0.01171875 0.010416666666666666
0 0.298828125 0.9407552083333334 0.01171875 0.01171875
0 0.23307291666666666 0.982421875 0.010416666666666666 0.01171875
0 0.2962239583333333 0.9576822916666666 0.01171875 0.01171875
0 0.8912760416666666 0.9830729166666666 0.014322916666666666 0.015625
0 0.7389322916666666 0.9381510416666666 0.15234375 0.12369791666666667
0 0.7981770833333334 0.8665364583333334 0.0078125 0.006510416666666667
0 0.6106770833333334 0.017578125 0.03125 0.032552083333333336
0 0.9296875 0.06966145833333333 0.140625 0.13671875
0 0.33984375 0.279296875 0.013020833333333334 0.014322916666666666
0 0.3977864583333333 0.22591145833333334 0.009114583333333334 0.009114583333333334
0 0.6432291666666666 0.271484375 0.013020833333333334 0.01171875
0 0.19596354166666666 0.736328125 0.01171875 0.01171875
0 0.3860677083333333 0.2740885416666667 0.009114583333333334 0.009114583333333334
0 0.5377604166666666 0.08658854166666667 0.010416666666666666 0.009114583333333334
0 0.5084635416666666 0.0703125 0.01171875 0.018229166666666668
0 0.5032552083333334 0.046223958333333336 0.014322916666666666 0.014322916666666666