0 0.673828125 0.443359375 0.032552083333333336 0.032552083333333336
0 0.8151041666666666 0.35546875 0.036458333333333336 0.026041666666666668
0 0.17057291666666666 0.4029947916666667 0.036458333333333336 0.022135416666666668
0 0.022786458333333332 0.5091145833333334 0.032552083333333336 0.020833333333333332
0 0.21158854166666666 0.5924479166666666 0.045572916666666664 0.041666666666666664
0 0.2610677083333333 0.2825520833333333 0.11848958333333333 0.11458333333333333
0 0.4108072916666667 0.80078125 0.07682291666666667 0.06770833333333333
0 0.4837239583333333 0.740234375 0.02734375 0.024739583333333332
0 0.7584635416666666 0.6848958333333334 0.032552083333333336 0.020833333333333332
0 0.28125 0.8509114583333334 0.0234375 0.024739583333333332
0 0.416015625 0.9088541666666666 0.01953125 0.013020833333333334
0 0.6640625 0.7252604166666666 0.026041666666666668 0.0234375
0 0.15299479166666666 0.7825520833333334 0.01953125 0.018229166666666668
0 0.9127604166666666 0.10872395833333333 0.015625 0.024739583333333332
0 0.8997395833333334 0.5279947916666666 0.015625 0.01953125
0 0.140625 0.4733072916666667 0.020833333333333332 0.01953125
0 0.12890625 0.13802083333333334 0.018229166666666668 0.015625
0 0.7076822916666666 0.050130208333333336 0.014322916666666666 0.016927083333333332
0 0.5846354166666666 0.125 0.015625 0.020833333333333332
0 0.9674479166666666 0.453125 0.015625 0.018229166666666668
0 0.7194010416666666 0.322265625 0.01171875 0.016927083333333332
0 0.73046875 0.3385416666666667 0.015625 0.018229166666666668
0 0.8216145833333334 0.8053385416666666 0.015625 0.016927083333333332
0 0.5266927083333334 0.845703125 0.016927083333333332 0.016927083333333332
0 0.3053385416666667 0.7604166666666666 0.014322916666666666 0.015625
0 0.14192708333333334 0.7565104166666666 0.018229166666666668 0.015625
0 0.2662760416666667 0.470703125 0.01953125 0.014322916666666666
0 0.9830729166666666 0.7395833333333334 0.010416666666666666 0.015625
0 0.4934895833333333 0.2623697916666667 0.015625 0.01171875
0 0.5618489583333334 0.21614583333333334 0.014322916666666666 0.013020833333333334