0 0.9329427083333334 0.064453125 0.040364583333333336 0.045572916666666664
0 0.9635416666666666 0.09309895833333333 0.013020833333333334 0.014322916666666666
0 0.8665364583333334 0.15625 0.014322916666666666 0.013020833333333334
0 0.4192708333333333 0.6067708333333334 0.015625 0.015625
0 0.41796875 0.8893229166666666 0.026041666666666668 0.028645833333333332
0 0.625 0.8528645833333334 0.013020833333333334 0.015625
0 0.2643229166666667 0.9453125 0.020833333333333332 0.026041666666666668
0 0.026692708333333332 0.689453125 0.014322916666666666 0.01171875
0 0.033203125 0.14518229166666666 0.014322916666666666 0.014322916666666666
0 0.515625 0.6393229166666666 0.015625 0.015625
0 0.5546875 0.6438802083333334 0.013020833333333334 0.014322916666666666
0 0.7708333333333334 0.7578125 0.013020833333333334 0.013020833333333334