0 0.7877604166666666 0.5013020833333334 0.026041666666666668 0.026041666666666668
0 0.744140625 0.44921875 0.02734375 0.028645833333333332
0 0.6705729166666666 0.045572916666666664 0.026041666666666668 0.026041666666666668
0 0.8658854166666666 0.01953125 0.0234375 0.0234375
0 0.9153645833333334 0.026692708333333332 0.010416666666666666 0.014322916666666666
0 0.6796875 0.10481770833333333 0.026041666666666668 0.014322916666666666
0 0.6673177083333334 0.07682291666666667 0.01953125 0.018229166666666668
0 0.9361979166666666 0.3984375 0.028645833333333332 0.026041666666666668
0 0.94921875 0.4947916666666667 0.0546875 0.06510416666666667
0 0.3216145833333333 0.2727864583333333 0.020833333333333332 0.01953125
0 0.41796875 0.24869791666666666 0.14583333333333334 0.15364583333333334
0 0.6002604166666666 0.5442708333333334 0.0234375 0.020833333333333332
0 0.712890625 0.5930989583333334 0.01953125 0.024739583333333332
0 0.7682291666666666 0.6686197916666666 0.013020833333333334 0.022135416666666668
0 0.6360677083333334 0.7135416666666666 0.016927083333333332 0.018229166666666668
0 0.4420572916666667 0.447265625 0.032552083333333336 0.029947916666666668
0 0.4798177083333333 0.4264322916666667 0.03515625 0.032552083333333336
0 0.275390625 0.427734375 0.04296875 0.045572916666666664
0 0.146484375 0.24674479166666666 0.01953125 0.01953125
0 0.07877604166666667 0.24674479166666666 0.08723958333333333 0.09765625
0 0.564453125 0.146484375 0.10807291666666667 0.09765625
0 0.466796875 0.814453125 0.09505208333333333 0.09244791666666667
0 0.13671875 0.8072916666666666 0.14322916666666666 0.15625
0 0.189453125 0.8951822916666666 0.022135416666666668 0.01953125
0 0.07161458333333333 0.5963541666666666 0.026041666666666668 0.018229166666666668
0 0.05859375 0.5859375 0.078125 0.078125
0 0.17252604166666666 0.3971354166666667 0.032552083333333336 0.026041666666666668
0 0.4615885416666667 0.375 0.022135416666666668 0.020833333333333332
0 0.6002604166666666 0.314453125 0.015625 0.014322916666666666
0 0.2701822916666667 0.8326822916666666 0.01953125 0.01953125
0 0.2669270833333333 0.74609375 0.020833333333333332 0.018229166666666668
0 0.2838541666666667 0.4798177083333333 0.015625 0.009114583333333334
0 0.3098958333333333 0.5364583333333334 0.015625 0.013020833333333334
0 0.7454427083333334 0.9524739583333334 0.01953125 0.016927083333333332
0 0.9557291666666666 0.7486979166666666 0.013020833333333334 0.018229166666666668
0 0.8821614583333334 0.8561197916666666 0.21484375 0.21484375
0 0.18424479166666666 0.8600260416666666 0.016927083333333332 0.01953125
0 0.27734375 0.9010416666666666 0.013020833333333334 0.015625
0 0.5481770833333334 0.9446614583333334 0.018229166666666668 0.024739583333333332
0 0.6725260416666666 0.8802083333333334 0.01953125 0.015625
0 0.0390625 0.9817708333333334 0.07291666666666667 0.036458333333333336