0 0.2721354166666667 0.23567708333333334 0.026041666666666668 0.0234375
0 0.08138020833333333 0.4973958333333333 0.09765625 0.08854166666666667
0 0.2532552083333333 0.022135416666666668 0.032552083333333336 0.0234375
0 0.3463541666666667 0.3756510416666667 0.10416666666666667 0.09244791666666667
0 0.3040364583333333 0.9029947916666666 0.03515625 0.02734375
0 0.3489583333333333 0.6119791666666666 0.026041666666666668 0.0234375
0 0.189453125 0.6412760416666666 0.022135416666666668 0.01953125
0 0.7916666666666666 0.3040364583333333 0.0234375 0.01953125
0 0.8509114583333334 0.13932291666666666 0.2825520833333333 0.2760416666666667
0 0.8483072916666666 0.07096354166666667 0.022135416666666668 0.016927083333333332
0 0.7584635416666666 0.658203125 0.032552083333333336 0.032552083333333336
0 0.7467447916666666 0.3450520833333333 0.01953125 0.018229166666666668
0 0.7578125 0.4049479166666667 0.020833333333333332 0.018229166666666668
0 0.15690104166666666 0.36328125 0.024739583333333332 0.020833333333333332
0 0.12239583333333333 0.3040364583333333 0.049479166666666664 0.05078125
0 0.697265625 0.7317708333333334 0.022135416666666668 0.018229166666666668
0 0.5455729166666666 0.7610677083333334 0.018229166666666668 0.01953125
0 0.4947916666666667 0.92578125 0.0390625 0.033854166666666664
0 0.048828125 0.9700520833333334 0.045572916666666664 0.036458333333333336
0 0.517578125 0.982421875 0.032552083333333336 0.022135416666666668
0 0.7037760416666666 0.5533854166666666 0.014322916666666666 0.013020833333333334
0 0.9342447916666666 0.9205729166666666 0.024739583333333332 0.026041666666666668
0 0.8977864583333334 0.9459635416666666 0.01953125 0.016927083333333332
0 0.8307291666666666 0.9270833333333334 0.018229166666666668 0.015625
0 0.4309895833333333 0.5852864583333334 0.015625 0.016927083333333332
0 0.22330729166666666 0.11328125 0.016927083333333332 0.015625
0 0.7903645833333334 0.44140625 0.018229166666666668 0.018229166666666668
0 0.2936197916666667 0.931640625 0.18098958333333334 0.13671875
0 0.10416666666666667 0.8470052083333334 0.0390625 0.032552083333333336
0 0.7994791666666666 0.7076822916666666 0.015625 0.014322916666666666
0 0.6061197916666666 0.8125 0.014322916666666666 0.013020833333333334
0 0.7233072916666666 0.7923177083333334 0.014322916666666666 0.01171875
0 0.3782552083333333 0.451171875 0.014322916666666666 0.01171875
0 0.3092447916666667 0.5006510416666666 0.01171875 0.01171875
0 0.3548177083333333 0.6653645833333334 0.014322916666666666 0.013020833333333334
0 0.2838541666666667 0.6341145833333334 0.013020833333333334 0.010416666666666666
0 0.4069010416666667 0.5807291666666666 0.01171875 0.013020833333333334
0 0.595703125 0.6764322916666666 0.016927083333333332 0.014322916666666666
0 0.8268229166666666 0.7350260416666666 0.010416666666666666 0.01171875