0 0.4524739583333333 0.314453125 0.01953125 0.022135416666666668
0 0.6380208333333334 0.4134114583333333 0.026041666666666668 0.024739583333333332
0 0.7486979166666666 0.478515625 0.16927083333333334 0.14713541666666666
0 0.74609375 0.4967447916666667 0.020833333333333332 0.022135416666666668
0 0.7877604166666666 0.5052083333333334 0.026041666666666668 0.0234375
0 0.6595052083333334 0.66015625 0.029947916666666668 0.028645833333333332
0 0.5983072916666666 0.5533854166666666 0.01953125 0.018229166666666668
0 0.24869791666666666 0.23307291666666666 0.0234375 0.0234375
0 0.16276041666666666 0.06966145833333333 0.020833333333333332 0.016927083333333332
0 0.024739583333333332 0.2578125 0.018229166666666668 0.026041666666666668
0 0.2584635416666667 0.2975260416666667 0.07421875 0.06640625
0 0.30078125 0.376953125 0.1015625 0.08723958333333333
0 0.6901041666666666 0.09375 0.2864583333333333 0.16666666666666666
0 0.54296875 0.3483072916666667 0.015625 0.016927083333333332
0 0.5169270833333334 0.34375 0.015625 0.015625
0 0.9127604166666666 0.4537760416666667 0.020833333333333332 0.022135416666666668
0 0.775390625 0.7252604166666666 0.10546875 0.11979166666666667
0 0.8626302083333334 0.6790364583333334 0.014322916666666666 0.016927083333333332
0 0.5 0.8541666666666666 0.2265625 0.1953125
0 0.201171875 0.861328125 0.024739583333333332 0.022135416666666668
0 0.8795572916666666 0.8333333333333334 0.037760416666666664 0.041666666666666664
0 0.9140625 0.8587239583333334 0.015625 0.016927083333333332
0 0.8958333333333334 0.9296875 0.0234375 0.020833333333333332
0 0.908203125 0.9641927083333334 0.016927083333333332 0.016927083333333332
0 0.8658854166666666 0.1796875 0.018229166666666668 0.018229166666666668
0 0.16341145833333334 0.010416666666666666 0.01953125 0.013020833333333334
0 0.1015625 0.044921875 0.015625 0.01171875
0 0.2897135416666667 0.990234375 0.048177083333333336 0.01953125
0 0.5768229166666666 0.7708333333333334 0.09895833333333333 0.08333333333333333
0 0.9817708333333334 0.22981770833333334 0.036458333333333336 0.05859375
0 0.9856770833333334 0.5162760416666666 0.015625 0.014322916666666666
0 0.9908854166666666 0.8424479166666666 0.018229166666666668 0.036458333333333336