0 0.3359375 0.591796875 0.0703125 0.07682291666666667
0 0.039713541666666664 0.18294270833333334 0.07682291666666667 0.09244791666666667
0 0.09440104166666667 0.455078125 0.01953125 0.024739583333333332
0 0.4765625 0.2864583333333333 0.020833333333333332 0.026041666666666668
0 0.2884114583333333 0.2623697916666667 0.016927083333333332 0.022135416666666668
0 0.8782552083333334 0.70703125 0.10286458333333333 0.10416666666666667
0 0.7571614583333334 0.8046875 0.03515625 0.0390625
0 0.791015625 0.8098958333333334 0.032552083333333336 0.041666666666666664
0 0.935546875 0.14583333333333334 0.03515625 0.041666666666666664
0 0.3001302083333333 0.3404947916666667 0.014322916666666666 0.009114583333333334
0 0.14388020833333334 0.103515625 0.014322916666666666 0.016927083333333332
0 0.020182291666666668 0.4303385416666667 0.037760416666666664 0.08463541666666667
0 0.095703125 0.6341145833333334 0.016927083333333332 0.015625
0 0.24739583333333334 0.970703125 0.026041666666666668 0.01953125
0 0.4654947916666667 0.7109375 0.01953125 0.020833333333333332
0 0.7486979166666666 0.078125 0.013020833333333334 0.020833333333333332
0 0.8776041666666666 0.384765625 0.015625 0.016927083333333332
0 0.2552083333333333 0.595703125 0.0234375 0.01953125