0 0.17513020833333334 0.427734375 0.045572916666666664 0.05078125
0 0.026041666666666668 0.5201822916666666 0.013020833333333334 0.016927083333333332
0 0.5911458333333334 0.4563802083333333 0.033854166666666664 0.032552083333333336
0 0.6087239583333334 0.54296875 0.029947916666666668 0.028645833333333332
0 0.20442708333333334 0.8893229166666666 0.026041666666666668 0.026041666666666668
0 0.171875 0.3567708333333333 0.015625 0.020833333333333332
0 0.451171875 0.3645833333333333 0.01171875 0.013020833333333334
0 0.5065104166666666 0.3489583333333333 0.013020833333333334 0.015625
0 0.83984375 0.990234375 0.013020833333333334 0.014322916666666666
0 0.87109375 0.9934895833333334 0.020833333333333332 0.013020833333333334
0 0.4713541666666667 0.4205729166666667 0.0078125 0.009114583333333334
0 0.6946614583333334 0.6171875 0.01171875 0.010416666666666666
0 0.8216145833333334 0.4798177083333333 0.010416666666666666 0.010416666666666666
0 0.232421875 0.3899739583333333 0.009114583333333334 0.009114583333333334
0 0.10091145833333333 0.4407552083333333 0.013020833333333334 0.01171875
0 0.06510416666666667 0.17838541666666666 0.010416666666666666 0.01171875
0 0.3626302083333333 0.41796875 0.0078125 0.0078125
0 0.22005208333333334 0.7311197916666666 0.009114583333333334 0.010416666666666666
0 0.7643229166666666 0.6770833333333334 0.010416666666666666 0.010416666666666666
0 0.2265625 0.3411458333333333 0.009114583333333334 0.009114583333333334
0 0.19401041666666666 0.6360677083333334 0.009114583333333334 0.009114583333333334
0 0.15950520833333334 0.28515625 0.010416666666666666 0.010416666666666666
0 0.5065104166666666 0.830078125 0.0078125 0.009114583333333334
0 0.4388020833333333 0.5501302083333334 0.0078125 0.0078125
0 0.8815104166666666 0.7701822916666666 0.009114583333333334 0.009114583333333334
0 0.09830729166666667 0.6458333333333334 0.01171875 0.013020833333333334
0 0.5598958333333334 0.3235677083333333 0.010416666666666666 0.010416666666666666
0 0.490234375 0.6171875 0.014322916666666666 0.014322916666666666
0 0.3639322916666667 0.7434895833333334 0.006510416666666667 0.0078125
0 0.263671875 0.3990885416666667 0.009114583333333334 0.0078125
0 0.8932291666666666 0.5690104166666666 0.009114583333333334 0.0078125
0 0.169921875 0.6985677083333334 0.01953125 0.01953125
0 0.4069010416666667 0.708984375 0.006510416666666667 0.0078125
0 0.14713541666666666 0.4720052083333333 0.010416666666666666 0.010416666666666666
0 0.10221354166666667 0.861328125 0.0078125 0.0078125
0 0.059244791666666664 0.3880208333333333 0.0078125 0.0078125
0 0.037760416666666664 0.4700520833333333 0.009114583333333334 0.009114583333333334
0 0.059244791666666664 0.7096354166666666 0.009114583333333334 0.009114583333333334
0 0.310546875 0.8294270833333334 0.009114583333333334 0.010416666666666666
0 0.6692708333333334 0.3391927083333333 0.0078125 0.0078125
0 0.205078125 0.7135416666666666 0.0078125 0.0078125