0 0.537109375 0.37279947916666667 0.013789062500000041 0.012968750000000048
0 0.47119791666666666 0.560546875 0.012968750000000048 0.012578124999999959
0 0.213984375 0.509765625 0.010169270833333336 0.009713541666666714
0 0.12072916666666667 0.1133984375 0.012096354166666656 0.010690104166666678
0 0.36694010416666667 0.29248697916666666 0.01200520833333337 0.010950520833333366
0 0.5092838541666667 0.19067708333333333 0.009973958333333291 0.009635416666666638
0 0.42529947916666666 0.6259765625 0.010494791666666595 0.010494791666666595
0 0.669921875 0.49731770833333333 0.012187499999999943 0.011549479166666673
0 0.23315104166666667 0.8955078125 0.010781249999999964 0.011328125000000059
0 0.26221354166666666 0.43091145833333333 0.012187500000000018 0.010950520833333291
0 0.5244140625 0.24109375 0.010403645833333345 0.01045572916666663
0 0.1915234375 0.39623697916666667 0.01542968750000003 0.01307291666666662
0 0.31201822916666666 0.5087890625 0.013216145833333304 0.012773437499999929
0 0.412109375 0.88671875 0.00916666666666662 0.009895833333333215
0 0.24548177083333333 0.7275390625 0.012382812499999988 0.01200520833333337
0 0.6928776041666667 0.23071614583333333 0.01718750000000006 0.01513020833333334
0 0.4384765625 0.16638020833333333 0.016718750000000043 0.01764322916666668
0 0.39893229166666666 0.9697265625 0.014335937499999988 0.013841145833333476
0 0.5044010416666667 0.13733072916666667 0.012578124999999959 0.011601562499999996
0 0.6987369791666667 0.5395572916666667 0.033203125 0.030729166666666696
0 0.20544270833333333 0.7641666666666667 0.010091145833333334 0.009739583333333357
0 0.33447916666666666 0.9150390625 0.012057291666666655 0.012421874999999952
0 0.45630208333333333 0.31372395833333333 0.011966145833333405 0.01147135416666667
0 0.3642578125 0.9521484375 0.013216145833333304 0.013632812500000036
0 0.654296875 0.43725260416666667 0.010898437500000005 0.009739583333333357
0 0.16723958333333333 0.027734375000000002 0.012096354166666675 0.010651041666666666
0 0.17553385416666667 0.30884114583333333 0.011289062500000021 0.010325520833333343
0 0.71875 0.16479166666666667 0.01005208333333337 0.00947916666666665
0 0.42432291666666666 0.935546875 0.024752604166666654 0.022721354166666725
0 0.08416666666666667 0.11596354166666667 0.00955729166666667 0.00881510416666668
0 0.30541666666666667 0.36401041666666667 0.011158854166666657 0.009895833333333362
0 0.23498697916666667 0.1700390625 0.009973958333333366 0.009062499999999992
0 0.29955729166666667 0.9580078125 0.011197916666666696 0.011471354166666595
0 0.916015625 0.6821354166666667 0.017773437500000117 0.01652343750000007
0 0.26807291666666666 0.9213932291666667 0.008919270833333362 0.009817708333333286
0 0.40014322916666667 0.1767578125 0.00927083333333334 0.009023437500000009
0 0.7123828125 0.819453125 0.1628385416666666 0.1420182291666666
0 0.6538151041666667 0.7075260416666667 0.009778645833333321 0.009596354166666524
0 0.7104557291666667 0.26294270833333333 0.009231770833333227 0.009023437500000009
0 0.025625 0.43334635416666667 0.0053255208333333375 0.0055208333333333455
0 0.9716796875 0.39770833333333333 0.01218749999999987 0.010898437500000005
0 0.15197916666666667 0.9262760416666667 0.008619791666666673 0.009023437500000083
0 0.18506510416666666 0.5522526041666667 0.005651041666666634 0.0051953125000000116
0 0.8968880208333333 0.24079427083333335 0.19546874999999986 0.20161458333333337
0 0.8447265625 0.12842447916666666 0.008945312499999858 0.00854166666666667
0 0.05572916666666666 0.544921875 0.017239583333333326 0.016158854166666625
0 0.41772135416666667 0.9189453125 0.011783854166666607 0.011419270833333309
0 0.26342447916666667 0.020572916666666666 0.01024739583333334 0.009062500000000001
0 0.5659244791666667 0.5615234375 0.05759114583333336 0.05225260416666666
0 0.18102864583333333 0.6030338541666667 0.022838541666666694 0.022669270833333293
0 0.05736979166666667 0.07794270833333333 0.00977864583333334 0.009127604166666673
0 0.31763020833333333 0.8266666666666667 0.013632812500000036 0.012578125000000107
0 0.9501953125 0.4716796875 0.018880208333333332 0.01678385416666665
0 0.184453125 0.236328125 0.009335937500000021 0.008411458333333307
0 0.18213541666666666 0.5263671875 0.009934895833333327 0.008919270833333362
0 0.15381510416666666 0.21350260416666667 0.009166666666666656 0.008671875000000032
0 0.4541015625 0.14673177083333333 0.016848958333333403 0.015781250000000007
0 0.16626302083333333 0.6435546875 0.00947916666666665 0.008710937500000071
0 0.35571614583333333 0.47290364583333333 0.008945312500000005 0.008815104166666643
0 0.5903385416666667 0.9194401041666667 0.009739583333333357 0.009895833333333215
0 0.841796875 0.634765625 0.017513020833333393 0.018268229166666632
0 0.7587890625 0.038450520833333335 0.010013020833333405 0.008736979166666664
0 0.8798828125 0.6772526041666667 0.009518229166666595 0.009270833333333192
0 0.38061197916666667 0.91796875 0.009231770833333375 0.00929687500000013
0 0.0933203125 0.8461979166666667 0.008619791666666673 0.01005208333333337
0 0.81640625 0.3671875 0.005234374999999976 0.005481770833333381
0 0.9829166666666667 0.8344791666666667 0.02785156250000013 0.025559895833333474
0 0.4482421875 0.135859375 0.017643229166666607 0.016158854166666663
0 0.5712890625 0.45483072916666667 0.03927083333333329 0.03476562500000006
0 0.923828125 0.619140625 0.009127604166666655 0.009023437499999934
0 0.5556640625 0.38819010416666666 0.0055468749999999884 0.005651041666666708
0 0.8530338541666667 0.568359375 0.008919270833333215 0.008880208333333398
0 0.548828125 0.06359375 0.0374739583333333 0.0337890625
0 0.12670572916666667 0.9331119791666667 0.004505208333333344 0.004804687500000071
0 0.7797916666666667 0.46069010416666667 0.004739583333333464 0.004622395833333274
0 0.10930989583333334 0.1993359375 0.011549479166666673 0.01069010416666664
0 0.28369791666666666 0.9672916666666667 0.015898437499999973 0.015677083333333286
0 0.6689453125 0.16455729166666666 0.06256510416666661 0.05966145833333333
0 0.30908854166666666 0.6513671875 0.009023437500000009 0.01024739583333334
0 0.8583984375 0.9028385416666667 0.00832031250000013 0.009062500000000048
0 0.03359375 0.9028385416666667 0.009557291666666662 0.008854166666666607
0 0.9833984375 0.33861979166666667 0.0055468749999999884 0.005039062500000006
0 0.12213541666666666 0.17809895833333333 0.05736979166666667 0.051549479166666655
0 0.07641927083333333 0.78125 0.1114453125 0.10967447916666669
0 0.6284244791666667 0.6547916666666667 0.010950520833333291 0.011510416666666709
0 0.40772135416666666 0.42236979166666666 0.00477864583333328 0.0049479166666666075
0 0.20557291666666666 0.33423177083333333 0.044010416666666684 0.03964843750000002
0 0.82421875 0.50390625 0.026549479166666796 0.02881510416666666
0 0.18908854166666667 0.9892578125 0.017109374999999982 0.015364583333333274
0 0.5546875 0.36328125 0.009414062500000023 0.009414062500000023
0 0.34936197916666667 0.73046875 0.011783854166666607 0.011549479166666524
0 0.14209635416666666 0.859375 0.045781249999999996 0.04122395833333344
0 0.4306640625 0.06951822916666667 0.009088541666666691 0.008854166666666663
0 0.23022135416666667 0.955078125 0.009778645833333321 0.009192708333333263
0 0.587890625 0.6352604166666667 0.00898437499999997 0.009674479166666602
0 0.6298828125 0.28515625 0.008854166666666607 0.008320312499999982
0 0.8383854166666667 0.609375 0.008776041666666679 0.008541666666666595
0 0.9379947916666667 0.1951953125 0.009778645833333321 0.00854166666666667
0 0.015013020833333333 0.25268229166666667 0.004622395833333334 0.00395833333333336
0 0.9970572916666667 0.7758854166666667 0.0058723958333333215 0.008815104166666643
0 0.34154947916666667 0.7524479166666667 0.06210937500000002 0.0792187499999999
0 0.10430989583333333 0.9208984375 0.008411458333333344 0.00916666666666662
0 0.763671875 0.41333333333333333 0.00955729166666656 0.008945312500000005
0 0.9614322916666667 0.059544270833333336 0.06915364583333321 0.07042968750000002
0 0.9208984375 0.27416666666666667 0.005286458333333262 0.004856770833333357
0 0.8837890625 0.2880859375 0.018802083333333403 0.023906250000000018
0 0.470703125 0.35326822916666667 0.06222656249999995 0.06268229166666665
0 0.09484375 0.9155338541666667 0.06610677083333334 0.06164062499999989
0 0.9545963541666667 0.8803776041666667 0.008776041666666679 0.008671875000000107
0 0.004153645833333333 0.3837890625 0.007786458333333334 0.009557291666666709
0 0.9978776041666667 0.40111979166666667 0.0013671874999999407 0.005065104166666649
0 0.6460026041666667 0.0035677083333333338 0.013164062500000018 0.006588541666666665
0 0.35864583333333333 0.66796875 0.008450520833333345 0.01061197916666671
0 0.9770572916666667 0.9521484375 0.008710937500000071 0.008710937500000071
0 0.031015625 0.24279947916666667 0.05770833333333334 0.12170572916666662
0 0.10467447916666667 0.9973958333333334 0.00927083333333334 0.005208333333333333
0 0.35303385416666666 0.8994140625 0.09600260416666669 0.0903906250000001