0 0.876953125 0.263671875 0.03515625 0.037760416666666664
0 0.7955729166666666 0.15299479166666666 0.028645833333333332 0.032552083333333336
0 0.58203125 0.020833333333333332 0.026041666666666668 0.028645833333333332
0 0.8489583333333334 0.7395833333333334 0.020833333333333332 0.020833333333333332
0 0.80078125 0.8411458333333334 0.052083333333333336 0.0625
0 0.6927083333333334 0.10807291666666667 0.018229166666666668 0.020833333333333332
0 0.3834635416666667 0.4830729166666667 0.01953125 0.0234375
0 0.494140625 0.5026041666666666 0.02734375 0.026041666666666668
0 0.05859375 0.400390625 0.06510416666666667 0.07161458333333333
0 0.06966145833333333 0.18619791666666666 0.061197916666666664 0.059895833333333336
0 0.798828125 0.7174479166666666 0.022135416666666668 0.0234375
0 0.53125 0.189453125 0.015625 0.014322916666666666
0 0.8626302083333334 0.5475260416666666 0.01953125 0.024739583333333332
0 0.9791666666666666 0.9811197916666666 0.033854166666666664 0.029947916666666668
0 0.04296875 0.2766927083333333 0.018229166666666668 0.01953125
0 0.4446614583333333 0.6946614583333334 0.11067708333333333 0.13411458333333334
0 0.059895833333333336 0.8860677083333334 0.0234375 0.024739583333333332
0 0.05859375 0.953125 0.026041666666666668 0.026041666666666668
0 0.13997395833333334 0.9830729166666666 0.01953125 0.015625
0 0.685546875 0.2962239583333333 0.01953125 0.016927083333333332
0 0.5260416666666666 0.14583333333333334 0.015625 0.013020833333333334
0 0.23893229166666666 0.22200520833333334 0.014322916666666666 0.014322916666666666
0 0.21549479166666666 0.3463541666666667 0.014322916666666666 0.013020833333333334
0 0.2962239583333333 0.35546875 0.014322916666666666 0.015625
0 0.3665364583333333 0.8561197916666666 0.01953125 0.016927083333333332
0 0.32421875 0.6529947916666666 0.015625 0.014322916666666666
0 0.45703125 0.7662760416666666 0.010416666666666666 0.014322916666666666
0 0.19856770833333334 0.7233072916666666 0.01171875 0.014322916666666666
0 0.007161458333333333 0.541015625 0.014322916666666666 0.024739583333333332
0 0.01953125 0.484375 0.015625 0.018229166666666668
0 0.004557291666666667 0.9049479166666666 0.009114583333333334 0.026041666666666668
0 0.2825520833333333 0.9798177083333334 0.015625 0.014322916666666666
0 0.8580729166666666 0.50390625 0.013020833333333334 0.013020833333333334
0 0.8040364583333334 0.6419270833333334 0.014322916666666666 0.013020833333333334
0 0.6822916666666666 0.7473958333333334 0.013020833333333334 0.013020833333333334
0 0.5703125 0.5520833333333334 0.015625 0.015625
0 0.6236979166666666 0.455078125 0.013020833333333334 0.014322916666666666
0 0.4088541666666667 0.677734375 0.010416666666666666 0.01171875
0 0.23372395833333334 0.3938802083333333 0.01171875 0.01171875