0 0.52734375 0.22721354166666666 0.026041666666666668 0.029947916666666668
0 0.8411458333333334 0.038411458333333336 0.041666666666666664 0.04296875
0 0.2421875 0.23502604166666666 0.0234375 0.01953125
0 0.703125 0.39453125 0.026041666666666668 0.026041666666666668
0 0.8098958333333334 0.2786458333333333 0.03125 0.026041666666666668
0 0.07356770833333333 0.21809895833333334 0.016927083333333332 0.014322916666666666
0 0.986328125 0.0234375 0.01953125 0.026041666666666668
0 0.771484375 0.111328125 0.01953125 0.01953125
0 0.5859375 0.517578125 0.0390625 0.037760416666666664
0 0.8385416666666666 0.5065104166666666 0.018229166666666668 0.018229166666666668
0 0.974609375 0.8717447916666666 0.022135416666666668 0.016927083333333332
0 0.673828125 0.4075520833333333 0.01953125 0.020833333333333332