0 0.6848958333333334 0.3313802083333333 0.041666666666666664 0.04296875
0 0.2604166666666667 0.23828125 0.026041666666666668 0.026041666666666668
0 0.4401041666666667 0.23567708333333334 0.020833333333333332 0.026041666666666668
0 0.15690104166666666 0.19401041666666666 0.024739583333333332 0.026041666666666668
0 0.2669270833333333 0.3899739583333333 0.013020833333333334 0.016927083333333332
0 0.20703125 0.556640625 0.018229166666666668 0.01953125
0 0.3483072916666667 0.6315104166666666 0.01953125 0.0234375
0 0.24739583333333334 0.66796875 0.026041666666666668 0.026041666666666668
0 0.2877604166666667 0.6536458333333334 0.0234375 0.0234375
0 0.03125 0.716796875 0.03125 0.01953125
0 0.5696614583333334 0.662109375 0.01953125 0.014322916666666666
0 0.19140625 0.4498697916666667 0.013020833333333334 0.014322916666666666
0 0.7395833333333334 0.4635416666666667 0.020833333333333332 0.020833333333333332
0 0.7278645833333334 0.4817708333333333 0.0234375 0.0234375
0 0.5729166666666666 0.3229166666666667 0.0390625 0.0390625
0 0.84765625 0.24934895833333334 0.015625 0.016927083333333332
0 0.966796875 0.310546875 0.01953125 0.014322916666666666
0 0.7994791666666666 0.7682291666666666 0.018229166666666668 0.015625
0 0.107421875 0.931640625 0.01953125 0.01953125
0 0.3287760416666667 0.9322916666666666 0.032552083333333336 0.03125
0 0.287109375 0.8522135416666666 0.053385416666666664 0.048177083333333336
0 0.203125 0.630859375 0.036458333333333336 0.029947916666666668
0 0.572265625 0.8138020833333334 0.032552083333333336 0.0234375
0 0.7135416666666666 0.7727864583333334 0.03125 0.02734375
0 0.8014322916666666 0.8248697916666666 0.014322916666666666 0.014322916666666666
0 0.70703125 0.5286458333333334 0.03125 0.020833333333333332
0 0.6985677083333334 0.4388020833333333 0.01171875 0.015625
0 0.8444010416666666 0.171875 0.01953125 0.0234375
0 0.4401041666666667 0.8346354166666666 0.09635416666666667 0.11197916666666667
0 0.8802083333333334 0.8111979166666666 0.013020833333333334 0.013020833333333334
0 0.9830729166666666 0.560546875 0.013020833333333334 0.01953125
0 0.9440104166666666 0.6692708333333334 0.09114583333333333 0.1171875
0 0.9733072916666666 0.65234375 0.01953125 0.026041666666666668
0 0.3509114583333333 0.33203125 0.01171875 0.013020833333333334
0 0.18294270833333334 0.11848958333333333 0.3111979166666667 0.21354166666666666
0 0.140625 0.8046875 0.018229166666666668 0.013020833333333334
0 0.9895833333333334 0.6575520833333334 0.018229166666666668 0.026041666666666668