0 0.4225260416666667 0.8522135416666666 0.048177083333333336 0.048177083333333336
0 0.42578125 0.947265625 0.020833333333333332 0.022135416666666668
0 0.2578125 0.13736979166666666 0.018229166666666668 0.016927083333333332
0 0.216796875 0.849609375 0.037760416666666664 0.040364583333333336
0 0.3151041666666667 0.7063802083333334 0.018229166666666668 0.016927083333333332
0 0.08333333333333333 0.5807291666666666 0.020833333333333332 0.020833333333333332
0 0.07161458333333333 0.8274739583333334 0.018229166666666668 0.01953125
0 0.017578125 0.8190104166666666 0.014322916666666666 0.018229166666666668
0 0.24869791666666666 0.7376302083333334 0.018229166666666668 0.016927083333333332
0 0.322265625 0.8873697916666666 0.01171875 0.01171875
0 0.0234375 0.7708333333333334 0.018229166666666668 0.018229166666666668
0 0.6569010416666666 0.9479166666666666 0.01171875 0.010416666666666666
0 0.23567708333333334 0.779296875 0.013020833333333334 0.009114583333333334
0 0.3196614583333333 0.8561197916666666 0.01171875 0.01171875