0 0.392578125 0.4108072916666667 0.09244791666666667 0.08463541666666667
0 0.45703125 0.7688802083333334 0.026041666666666668 0.045572916666666664
0 0.41796875 0.6373697916666666 0.026041666666666668 0.022135416666666668
0 0.4309895833333333 0.81640625 0.026041666666666668 0.026041666666666668
0 0.8450520833333334 0.5475260416666666 0.046875 0.045572916666666664
0 0.8040364583333334 0.9661458333333334 0.09505208333333333 0.052083333333333336
0 0.275390625 0.9772135416666666 0.014322916666666666 0.01953125
0 0.16536458333333334 0.94921875 0.013020833333333334 0.018229166666666668
0 0.087890625 0.2838541666666667 0.022135416666666668 0.026041666666666668
0 0.23893229166666666 0.478515625 0.01953125 0.014322916666666666
0 0.751953125 0.029947916666666668 0.03515625 0.026041666666666668
0 0.4459635416666667 0.09375 0.022135416666666668 0.0234375
0 0.5774739583333334 0.14908854166666666 0.01953125 0.022135416666666668
0 0.76953125 0.771484375 0.013020833333333334 0.014322916666666666
0 0.9453125 0.7395833333333334 0.013020833333333334 0.026041666666666668
0 0.8834635416666666 0.06770833333333333 0.01953125 0.015625
0 0.19010416666666666 0.22526041666666666 0.013020833333333334 0.013020833333333334
0 0.2526041666666667 0.86328125 0.0078125 0.013020833333333334
0 0.5533854166666666 0.5078125 0.015625 0.018229166666666668
0 0.15755208333333334 0.615234375 0.013020833333333334 0.01171875
0 0.33203125 0.9270833333333334 0.015625 0.013020833333333334
0 0.3411458333333333 0.5885416666666666 0.015625 0.010416666666666666
0 0.263671875 0.8157552083333334 0.01171875 0.014322916666666666
0 0.23307291666666666 0.8938802083333334 0.015625 0.016927083333333332
0 0.06380208333333333 0.92578125 0.015625 0.013020833333333334
0 0.19466145833333334 0.08138020833333333 0.016927083333333332 0.014322916666666666
0 0.7467447916666666 0.3255208333333333 0.016927083333333332 0.013020833333333334
0 0.8372395833333334 0.13346354166666666 0.015625 0.016927083333333332