0 0.22135416666666666 0.2734375 0.11197916666666667 0.13020833333333334
0 0.201171875 0.7135416666666666 0.061197916666666664 0.06510416666666667
0 0.2421875 0.9837239583333334 0.020833333333333332 0.01953125
0 0.53515625 0.7200520833333334 0.22916666666666666 0.2604166666666667
0 0.6321614583333334 0.7467447916666666 0.014322916666666666 0.01953125
0 0.6673177083333334 0.857421875 0.014322916666666666 0.014322916666666666
0 0.77734375 0.46484375 0.020833333333333332 0.026041666666666668
0 0.8352864583333334 0.5305989583333334 0.01953125 0.022135416666666668
0 0.045572916666666664 0.6197916666666666 0.018229166666666668 0.018229166666666668
0 0.23763020833333334 0.6041666666666666 0.016927083333333332 0.018229166666666668
0 0.07291666666666667 0.8450520833333334 0.14322916666666666 0.1875
0 0.091796875 0.059244791666666664 0.11067708333333333 0.11067708333333333
0 0.498046875 0.026692708333333332 0.032552083333333336 0.040364583333333336
0 0.3287760416666667 0.21614583333333334 0.016927083333333332 0.015625
0 0.8125 0.3463541666666667 0.020833333333333332 0.020833333333333332
0 0.8600260416666666 0.30078125 0.06640625 0.08072916666666667
0 0.923828125 0.2779947916666667 0.022135416666666668 0.01953125
0 0.9596354166666666 0.4557291666666667 0.078125 0.09895833333333333
0 0.9361979166666666 0.17122395833333334 0.018229166666666668 0.01953125
0 0.07421875 0.6126302083333334 0.018229166666666668 0.01953125
0 0.15559895833333334 0.93359375 0.016927083333333332 0.015625
0 0.6028645833333334 0.20377604166666666 0.015625 0.016927083333333332
0 0.326171875 0.4765625 0.016927083333333332 0.015625
0 0.3131510416666667 0.3509114583333333 0.016927083333333332 0.01171875
0 0.5559895833333334 0.8860677083333334 0.015625 0.01953125
0 0.5690104166666666 0.892578125 0.013020833333333334 0.022135416666666668
0 0.41796875 0.7610677083333334 0.013020833333333334 0.014322916666666666
0 0.373046875 0.73046875 0.014322916666666666 0.015625
0 0.380859375 0.6875 0.01171875 0.013020833333333334
0 0.5846354166666666 0.4720052083333333 0.013020833333333334 0.014322916666666666
0 0.7975260416666666 0.4615885416666667 0.016927083333333332 0.01953125