0 0.498046875 0.376953125 0.01953125 0.016927083333333332
0 0.08138020833333333 0.3020833333333333 0.01953125 0.0234375
0 0.12044270833333333 0.3815104166666667 0.045572916666666664 0.0390625
0 0.029296875 0.7395833333333334 0.032552083333333336 0.0390625
0 0.8658854166666666 0.7141927083333334 0.013020833333333334 0.024739583333333332
0 0.6588541666666666 0.10221354166666667 0.0234375 0.024739583333333332
0 0.9368489583333334 0.7272135416666666 0.01953125 0.024739583333333332
0 0.7819010416666666 0.7936197916666666 0.014322916666666666 0.016927083333333332
0 0.3528645833333333 0.2864583333333333 0.015625 0.015625
0 0.6256510416666666 0.7057291666666666 0.07682291666666667 0.08072916666666667
0 0.736328125 0.42578125 0.024739583333333332 0.015625
0 0.8587239583333334 0.2662760416666667 0.01953125 0.016927083333333332
0 0.794921875 0.50390625 0.024739583333333332 0.0234375
0 0.9876302083333334 0.8522135416666666 0.009114583333333334 0.016927083333333332
0 0.14322916666666666 0.20703125 0.013020833333333334 0.018229166666666668
0 0.890625 0.7356770833333334 0.018229166666666668 0.020833333333333332
0 0.7903645833333334 0.8170572916666666 0.010416666666666666 0.014322916666666666
0 0.0234375 0.9446614583333334 0.028645833333333332 0.024739583333333332
0 0.9876302083333334 0.51953125 0.024739583333333332 0.036458333333333336