0 0.18684895833333334 0.671875 0.048177083333333336 0.0390625
0 0.12044270833333333 0.5143229166666666 0.032552083333333336 0.036458333333333336
0 0.3841145833333333 0.4459635416666667 0.0390625 0.04296875
0 0.1171875 0.271484375 0.026041666666666668 0.032552083333333336
0 0.3678385416666667 0.06640625 0.032552083333333336 0.026041666666666668
0 0.4485677083333333 0.361328125 0.022135416666666668 0.022135416666666668
0 0.69140625 0.2708333333333333 0.0234375 0.018229166666666668
0 0.4609375 0.4791666666666667 0.0234375 0.0234375
0 0.4348958333333333 0.484375 0.0234375 0.020833333333333332
0 0.2942708333333333 0.6653645833333334 0.026041666666666668 0.026041666666666668
0 0.8346354166666666 0.7532552083333334 0.1015625 0.09765625
0 0.7486979166666666 0.69140625 0.0390625 0.0390625
0 0.611328125 0.7526041666666666 0.022135416666666668 0.0234375
0 0.5455729166666666 0.8444010416666666 0.020833333333333332 0.01953125
0 0.7916666666666666 0.9322916666666666 0.018229166666666668 0.0234375
0 0.3053385416666667 0.3873697916666667 0.01171875 0.014322916666666666
0 0.6354166666666666 0.984375 0.057291666666666664 0.026041666666666668
0 0.039713541666666664 0.6419270833333334 0.016927083333333332 0.018229166666666668
0 0.8020833333333334 0.8639322916666666 0.015625 0.014322916666666666