0 0.5006510416666666 0.4401041666666667 0.022135416666666668 0.020833333333333332
0 0.07356770833333333 0.4798177083333333 0.07942708333333333 0.06901041666666667
0 0.036458333333333336 0.018880208333333332 0.0390625 0.03515625
0 0.5833333333333334 0.7213541666666666 0.020833333333333332 0.0234375
0 0.888671875 0.8333333333333334 0.032552083333333336 0.033854166666666664
0 0.5501302083333334 0.8515625 0.01953125 0.015625
0 0.16145833333333334 0.6295572916666666 0.015625 0.016927083333333332
0 0.027994791666666668 0.625 0.014322916666666666 0.013020833333333334
0 0.3606770833333333 0.5416666666666666 0.0625 0.0546875
0 0.3170572916666667 0.4915364583333333 0.2747395833333333 0.2669270833333333
0 0.615234375 0.9453125 0.045572916666666664 0.041666666666666664
0 0.2571614583333333 0.01171875 0.048177083333333336 0.020833333333333332
0 0.2897135416666667 0.06510416666666667 0.016927083333333332 0.015625
0 0.042317708333333336 0.06510416666666667 0.016927083333333332 0.015625
0 0.3196614583333333 0.33984375 0.63671875 0.6770833333333334
0 0.759765625 0.6692708333333334 0.37890625 0.3619791666666667
0 0.5143229166666666 0.9283854166666666 0.013020833333333334 0.013020833333333334
0 0.50390625 0.953125 0.11979166666666667 0.09375
0 0.6048177083333334 0.33203125 0.009114583333333334 0.013020833333333334
0 0.9518229166666666 0.3333333333333333 0.018229166666666668 0.015625
0 0.9830729166666666 0.2916666666666667 0.033854166666666664 0.046875
0 0.6666666666666666 0.08984375 0.06510416666666667 0.0546875
0 0.3229166666666667 0.2740885416666667 0.013020833333333334 0.014322916666666666
0 0.9283854166666666 0.048177083333333336 0.015625 0.013020833333333334
0 0.8151041666666666 0.66015625 0.018229166666666668 0.015625
0 0.7513020833333334 0.6634114583333334 0.013020833333333334 0.016927083333333332
0 0.6067708333333334 0.13216145833333334 0.010416666666666666 0.009114583333333334
0 0.4856770833333333 0.01953125 0.013020833333333334 0.013020833333333334
0 0.9934895833333334 0.388671875 0.013020833333333334 0.01953125
0 0.07356770833333333 0.4322916666666667 0.01171875 0.013020833333333334
0 0.845703125 0.9934895833333334 0.022135416666666668 0.013020833333333334
0 0.4765625 0.07291666666666667 0.0703125 0.0703125
0 0.298828125 0.16341145833333334 0.009114583333333334 0.009114583333333334
0 0.177734375 0.783203125 0.009114583333333334 0.009114583333333334
0 0.208984375 0.96875 0.21744791666666666 0.0625
0 0.7350260416666666 0.5384114583333334 0.01171875 0.01171875
0 0.6751302083333334 0.3235677083333333 0.01171875 0.014322916666666666
0 0.291015625 0.23502604166666666 0.009114583333333334 0.009114583333333334
0 0.8313802083333334 0.2890625 0.009114583333333334 0.010416666666666666
0 0.9388020833333334 0.15104166666666666 0.010416666666666666 0.010416666666666666