0 0.24348958333333334 0.6920572916666666 0.020833333333333332 0.022135416666666668
0 0.7102864583333334 0.5950520833333334 0.09765625 0.09375
0 0.375 0.9270833333333334 0.052083333333333336 0.0546875
0 0.3079427083333333 0.88671875 0.022135416666666668 0.026041666666666668
0 0.22330729166666666 0.759765625 0.024739583333333332 0.022135416666666668
0 0.296875 0.912109375 0.018229166666666668 0.01953125
0 0.08203125 0.8079427083333334 0.10416666666666667 0.12109375
0 0.14778645833333334 0.6901041666666666 0.024739583333333332 0.018229166666666668
0 0.08984375 0.5885416666666666 0.015625 0.015625
0 0.009765625 0.5260416666666666 0.016927083333333332 0.033854166666666664
0 0.060546875 0.3704427083333333 0.022135416666666668 0.022135416666666668
0 0.22786458333333334 0.20572916666666666 0.028645833333333332 0.026041666666666668
0 0.6158854166666666 0.439453125 0.026041666666666668 0.02734375
0 0.6477864583333334 0.751953125 0.024739583333333332 0.024739583333333332
0 0.5885416666666666 0.8483072916666666 0.0234375 0.024739583333333332
0 0.6256510416666666 0.9134114583333334 0.01953125 0.022135416666666668
0 0.8424479166666666 0.7786458333333334 0.036458333333333336 0.0390625
0 0.9108072916666666 0.97265625 0.048177083333333336 0.041666666666666664
0 0.4212239583333333 0.509765625 0.02734375 0.024739583333333332
0 0.4713541666666667 0.6048177083333334 0.015625 0.016927083333333332
0 0.763671875 0.6399739583333334 0.022135416666666668 0.022135416666666668
0 0.9420572916666666 0.3841145833333333 0.02734375 0.020833333333333332
0 0.7109375 0.03515625 0.026041666666666668 0.0234375
0 0.7109375 0.19986979166666666 0.020833333333333332 0.01953125
0 0.794921875 0.19401041666666666 0.01953125 0.018229166666666668
0 0.7141927083333334 0.171875 0.014322916666666666 0.015625
0 0.4986979166666667 0.15625 0.018229166666666668 0.018229166666666668
0 0.58984375 0.064453125 0.020833333333333332 0.01953125
0 0.24544270833333334 0.029947916666666668 0.032552083333333336 0.03125
0 0.8235677083333334 0.8736979166666666 0.016927083333333332 0.018229166666666668
0 0.9889322916666666 0.86328125 0.01953125 0.020833333333333332
0 0.4368489583333333 0.939453125 0.01953125 0.016927083333333332
0 0.630859375 0.9576822916666666 0.016927083333333332 0.016927083333333332
0 0.4361979166666667 0.9791666666666666 0.08072916666666667 0.0390625
0 0.9921875 0.7552083333333334 0.013020833333333334 0.015625
0 0.8717447916666666 0.5026041666666666 0.014322916666666666 0.018229166666666668
0 0.28515625 0.755859375 0.010416666666666666 0.01171875
0 0.10677083333333333 0.5677083333333334 0.018229166666666668 0.015625
0 0.15690104166666666 0.0390625 0.016927083333333332 0.015625
0 0.5143229166666666 0.8203125 0.013020833333333334 0.013020833333333334