0 0.03125 0.6217447916666666 0.018229166666666668 0.01953125
0 0.8391927083333334 0.6608072916666666 0.01953125 0.01953125
0 0.07096354166666667 0.4244791666666667 0.01953125 0.015625
0 0.2786458333333333 0.3873697916666667 0.015625 0.01953125
0 0.3346354166666667 0.3587239583333333 0.015625 0.014322916666666666
0 0.3561197916666667 0.3092447916666667 0.014322916666666666 0.01171875
0 0.5716145833333334 0.057291666666666664 0.018229166666666668 0.015625
0 0.4921875 0.9049479166666666 0.013020833333333334 0.015625
0 0.17317708333333334 0.9544270833333334 0.015625 0.015625
0 0.79296875 0.19856770833333334 0.010416666666666666 0.01171875
0 0.7272135416666666 0.3606770833333333 0.01171875 0.010416666666666666
0 0.453125 0.3678385416666667 0.015625 0.01171875
0 0.4654947916666667 0.9524739583333334 0.014322916666666666 0.01171875
0 0.205078125 0.9739583333333334 0.014322916666666666 0.013020833333333334
0 0.9147135416666666 0.578125 0.01171875 0.010416666666666666
0 0.9088541666666666 0.48046875 0.010416666666666666 0.010416666666666666
0 0.8515625 0.6263020833333334 0.010416666666666666 0.0078125