0 0.4134114583333333 0.67578125 0.029947916666666668 0.03125
0 0.5 0.5787760416666666 0.020833333333333332 0.022135416666666668
0 0.6458333333333334 0.4029947916666667 0.026041666666666668 0.016927083333333332
0 0.666015625 0.5084635416666666 0.024739583333333332 0.01953125
0 0.8483072916666666 0.126953125 0.024739583333333332 0.024739583333333332
0 0.8424479166666666 0.8723958333333334 0.0390625 0.03125
0 0.7584635416666666 0.951171875 0.016927083333333332 0.01953125
0 0.9583333333333334 0.6015625 0.052083333333333336 0.0546875
0 0.8763020833333334 0.91015625 0.08072916666666667 0.07291666666666667
0 0.8873697916666666 0.9895833333333334 0.037760416666666664 0.018229166666666668
0 0.7923177083333334 0.9309895833333334 0.01953125 0.018229166666666668
0 0.578125 0.11393229166666667 0.046875 0.037760416666666664
0 0.6321614583333334 0.18294270833333334 0.048177083333333336 0.032552083333333336
0 0.556640625 0.302734375 0.048177083333333336 0.040364583333333336
0 0.051432291666666664 0.4563802083333333 0.01953125 0.01953125
0 0.23958333333333334 0.8079427083333334 0.020833333333333332 0.01953125
0 0.3841145833333333 0.357421875 0.036458333333333336 0.029947916666666668
0 0.15950520833333334 0.7135416666666666 0.016927083333333332 0.013020833333333334
0 0.23958333333333334 0.8828125 0.018229166666666668 0.013020833333333334
0 0.4114583333333333 0.14583333333333334 0.013020833333333334 0.010416666666666666
0 0.4381510416666667 0.724609375 0.01171875 0.01171875
0 0.9225260416666666 0.9466145833333334 0.01171875 0.013020833333333334
0 0.020182291666666668 0.11979166666666667 0.01953125 0.020833333333333332