0 0.244140625 0.22786458333333334 0.02734375 0.026041666666666668
0 0.30078125 0.23372395833333334 0.020833333333333332 0.01953125
0 0.06770833333333333 0.099609375 0.018229166666666668 0.01953125
0 0.548828125 0.01953125 0.024739583333333332 0.0234375
0 0.8802083333333334 0.14388020833333334 0.028645833333333332 0.029947916666666668
0 0.6940104166666666 0.16666666666666666 0.015625 0.015625
0 0.43359375 0.3899739583333333 0.020833333333333332 0.022135416666666668
0 0.5768229166666666 0.2962239583333333 0.028645833333333332 0.029947916666666668
0 0.23567708333333334 0.71484375 0.026041666666666668 0.028645833333333332
0 0.7610677083333334 0.4518229166666667 0.03515625 0.0390625
0 0.9095052083333334 0.3229166666666667 0.037760416666666664 0.036458333333333336
0 0.8802083333333334 0.3938802083333333 0.015625 0.014322916666666666
0 0.7473958333333334 0.5970052083333334 0.015625 0.01953125
0 0.4108072916666667 0.8020833333333334 0.053385416666666664 0.0625
0 0.630859375 0.7356770833333334 0.016927083333333332 0.020833333333333332
0 0.7291666666666666 0.767578125 0.020833333333333332 0.024739583333333332
0 0.8619791666666666 0.6783854166666666 0.018229166666666668 0.026041666666666668
0 0.943359375 0.6328125 0.016927083333333332 0.018229166666666668
0 0.5 0.84765625 0.018229166666666668 0.020833333333333332
0 0.41015625 0.6490885416666666 0.015625 0.014322916666666666
0 0.8098958333333334 0.794921875 0.013020833333333334 0.016927083333333332
0 0.7578125 0.051432291666666664 0.013020833333333334 0.01171875
0 0.7532552083333334 0.9375 0.032552083333333336 0.03125
0 0.8756510416666666 0.8639322916666666 0.01171875 0.014322916666666666
0 0.544921875 0.11197916666666667 0.014322916666666666 0.013020833333333334
0 0.677734375 0.662109375 0.009114583333333334 0.01171875
0 0.7265625 0.5110677083333334 0.013020833333333334 0.014322916666666666
0 0.62109375 0.8678385416666666 0.013020833333333334 0.014322916666666666
0 0.578125 0.7122395833333334 0.013020833333333334 0.013020833333333334
0 0.8704427083333334 0.005859375 0.01953125 0.009114583333333334
0 0.7643229166666666 0.7897135416666666 0.013020833333333334 0.014322916666666666
0 0.8463541666666666 0.4127604166666667 0.010416666666666666 0.013020833333333334
0 0.7591145833333334 0.6204427083333334 0.010416666666666666 0.01171875
0 0.4622395833333333 0.2779947916666667 0.018229166666666668 0.016927083333333332
0 0.66015625 0.935546875 0.010416666666666666 0.014322916666666666
0 0.19075520833333334 0.689453125 0.016927083333333332 0.014322916666666666
0 0.8359375 0.6803385416666666 0.013020833333333334 0.01171875
0 0.501953125 0.578125 0.01171875 0.010416666666666666
0 0.75390625 0.6764322916666666 0.010416666666666666 0.009114583333333334
0 0.18489583333333334 0.818359375 0.010416666666666666 0.009114583333333334
0 0.7161458333333334 0.099609375 0.013020833333333334 0.01171875
0 0.14453125 0.677734375 0.010416666666666666 0.009114583333333334
0 0.79296875 0.9544270833333334 0.010416666666666666 0.010416666666666666
0 0.8216145833333334 0.3483072916666667 0.010416666666666666 0.009114583333333334
0 0.9674479166666666 0.296875 0.0078125 0.010416666666666666
0 0.6861979166666666 0.6575520833333334 0.009114583333333334 0.01171875
0 0.7916666666666666 0.9544270833333334 0.009114583333333334 0.009114583333333334
0 0.939453125 0.8372395833333334 0.013020833333333334 0.014322916666666666
0 0.337890625 0.9361979166666666 0.01171875 0.01171875
0 0.7747395833333334 0.24088541666666666 0.013020833333333334 0.013020833333333334
0 0.7272135416666666 0.5123697916666666 0.010416666666666666 0.010416666666666666
0 0.5455729166666666 0.052083333333333336 0.01171875 0.01171875
0 0.501953125 0.5768229166666666 0.009114583333333334 0.009114583333333334
0 0.412109375 0.6516927083333334 0.01171875 0.01171875
0 0.716796875 0.09830729166666667 0.009114583333333334 0.009114583333333334
0 0.19986979166666666 0.830078125 0.0078125 0.0078125
0 0.12825520833333334 0.8444010416666666 0.0078125 0.009114583333333334
0 0.24153645833333334 0.8450520833333334 0.009114583333333334 0.010416666666666666
0 0.6510416666666666 0.603515625 0.009114583333333334 0.009114583333333334
0 0.3216145833333333 0.8958333333333334 0.0078125 0.009114583333333334
0 0.609375 0.5481770833333334 0.010416666666666666 0.010416666666666666
0 0.9264322916666666 0.6861979166666666 0.009114583333333334 0.009114583333333334
0 0.6497395833333334 0.5071614583333334 0.009114583333333334 0.009114583333333334
0 0.5475260416666666 0.7141927083333334 0.0078125 0.009114583333333334
0 0.3763020833333333 0.020182291666666668 0.010416666666666666 0.010416666666666666
0 0.24869791666666666 0.7955729166666666 0.0078125 0.009114583333333334
0 0.9407552083333334 0.5807291666666666 0.010416666666666666 0.010416666666666666
0 0.3828125 0.8854166666666666 0.0078125 0.010416666666666666
0 0.537109375 0.10221354166666667 0.009114583333333334 0.009114583333333334
0 0.16536458333333334 0.919921875 0.009114583333333334 0.01171875
0 0.8092447916666666 0.53515625 0.009114583333333334 0.009114583333333334
0 0.7161458333333334 0.9537760416666666 0.0078125 0.009114583333333334
0 0.13411458333333334 0.057291666666666664 0.010416666666666666 0.010416666666666666
0 0.92578125 0.4173177083333333 0.0078125 0.0078125
0 0.9674479166666666 0.4244791666666667 0.009114583333333334 0.009114583333333334
0 0.9153645833333334 0.6783854166666666 0.0078125 0.0078125
0 0.3899739583333333 0.09440104166666667 0.0078125 0.009114583333333334
0 0.794921875 0.9114583333333334 0.0078125 0.0078125
0 0.9518229166666666 0.5846354166666666 0.0078125 0.0078125
0 0.927734375 0.9361979166666666 0.009114583333333334 0.009114583333333334
0 0.9798177083333334 0.5716145833333334 0.009114583333333334 0.009114583333333334
0 0.798828125 0.87890625 0.0078125 0.0078125
0 0.88671875 0.697265625 0.0078125 0.0078125
0 0.2526041666666667 0.048828125 0.010416666666666666 0.009114583333333334
0 0.027994791666666668 0.8053385416666666 0.0078125 0.009114583333333334
0 0.3059895833333333 0.69921875 0.0078125 0.009114583333333334
0 0.9973958333333334 0.69921875 0.005208333333333333 0.009114583333333334
0 0.09049479166666667 0.11653645833333333 0.013020833333333334 0.014322916666666666