0 0.3001302083333333 0.13411458333333334 0.02734375 0.026041666666666668
0 0.18684895833333334 0.14583333333333334 0.022135416666666668 0.0234375
0 0.08138020833333333 0.2630208333333333 0.045572916666666664 0.049479166666666664
0 0.15755208333333334 0.2858072916666667 0.036458333333333336 0.04296875
0 0.1640625 0.3014322916666667 0.20833333333333334 0.18880208333333334
0 0.3873697916666667 0.306640625 0.01953125 0.01953125
0 0.15299479166666666 0.5462239583333334 0.14973958333333334 0.15234375
0 0.059895833333333336 0.6354166666666666 0.0546875 0.052083333333333336
0 0.045572916666666664 0.6927083333333334 0.0390625 0.036458333333333336
0 0.5729166666666666 0.7916666666666666 0.0390625 0.0390625
0 0.294921875 0.830078125 0.03515625 0.037760416666666664
0 0.2565104166666667 0.8528645833333334 0.03125 0.03125
0 0.47265625 0.8828125 0.044270833333333336 0.052083333333333336
0 0.6412760416666666 0.4700520833333333 0.3450520833333333 0.3828125
0 0.7610677083333334 0.4563802083333333 0.032552083333333336 0.032552083333333336
0 0.5891927083333334 0.921875 0.01953125 0.026041666666666668
0 0.94140625 0.5006510416666666 0.020833333333333332 0.022135416666666668
0 0.5989583333333334 0.14453125 0.026041666666666668 0.020833333333333332
0 0.21809895833333334 0.11197916666666667 0.41015625 0.20833333333333334
0 0.3658854166666667 0.9244791666666666 0.015625 0.018229166666666668
0 0.9459635416666666 0.8287760416666666 0.061197916666666664 0.053385416666666664
0 0.4134114583333333 0.40625 0.01953125 0.0234375
0 0.375 0.4759114583333333 0.020833333333333332 0.01953125
0 0.9069010416666666 0.5247395833333334 0.17057291666666666 0.24739583333333334
0 0.8645833333333334 0.3834635416666667 0.018229166666666668 0.016927083333333332
0 0.9798177083333334 0.2571614583333333 0.032552083333333336 0.055989583333333336
0 0.8313802083333334 0.47265625 0.014322916666666666 0.015625
0 0.6276041666666666 0.10481770833333333 0.013020833333333334 0.01953125
0 0.404296875 0.8489583333333334 0.014322916666666666 0.015625
0 0.703125 0.9524739583333334 0.020833333333333332 0.022135416666666668
0 0.7532552083333334 0.9641927083333334 0.03515625 0.032552083333333336
0 0.400390625 0.4830729166666667 0.022135416666666668 0.018229166666666668
0 0.7955729166666666 0.6640625 0.020833333333333332 0.020833333333333332
0 0.9381510416666666 0.5846354166666666 0.014322916666666666 0.013020833333333334
0 0.7688802083333334 0.19856770833333334 0.014322916666666666 0.014322916666666666
0 0.4088541666666667 0.1484375 0.015625 0.013020833333333334
0 0.611328125 0.21940104166666666 0.014322916666666666 0.016927083333333332
0 0.78125 0.357421875 0.018229166666666668 0.014322916666666666
0 0.693359375 0.3678385416666667 0.014322916666666666 0.014322916666666666
0 0.97265625 0.4622395833333333 0.013020833333333334 0.013020833333333334
0 0.18229166666666666 0.6901041666666666 0.015625 0.015625
0 0.4088541666666667 0.5416666666666666 0.046875 0.041666666666666664
0 0.7180989583333334 0.052734375 0.3111979166666667 0.10286458333333333
0 0.029296875 0.890625 0.05078125 0.21354166666666666
0 0.3834635416666667 0.7955729166666666 0.014322916666666666 0.013020833333333334
0 0.3697916666666667 0.6673177083333334 0.013020833333333334 0.01171875