0 0.3763020833333333 0.044270833333333336 0.020833333333333332 0.020833333333333332
0 0.14127604166666666 0.13606770833333334 0.032552083333333336 0.04296875
0 0.06901041666666667 0.279296875 0.08333333333333333 0.07421875
0 0.0390625 0.3671875 0.0390625 0.036458333333333336
0 0.16731770833333334 0.4505208333333333 0.04296875 0.044270833333333336
0 0.17122395833333334 0.484375 0.022135416666666668 0.020833333333333332
0 0.3450520833333333 0.494140625 0.07552083333333333 0.06901041666666667
0 0.2962239583333333 0.5924479166666666 0.14973958333333334 0.13541666666666666
0 0.032552083333333336 0.7923177083333334 0.026041666666666668 0.024739583333333332
0 0.2734375 0.8274739583333334 0.026041666666666668 0.01953125
0 0.2421875 0.86328125 0.06770833333333333 0.06510416666666667
0 0.59375 0.7526041666666666 0.041666666666666664 0.0390625
0 0.4303385416666667 0.4440104166666667 0.02734375 0.020833333333333332
0 0.3567708333333333 0.4127604166666667 0.015625 0.015625
0 0.8138020833333334 0.3678385416666667 0.013020833333333334 0.022135416666666668
0 0.7981770833333334 0.4485677083333333 0.3463541666666667 0.3736979166666667
0 0.6041666666666666 0.46484375 0.03125 0.028645833333333332
0 0.6223958333333334 0.541015625 0.0703125 0.08463541666666667
0 0.7369791666666666 0.662109375 0.028645833333333332 0.02734375
0 0.8268229166666666 0.8020833333333334 0.026041666666666668 0.026041666666666668
0 0.5813802083333334 0.9283854166666666 0.024739583333333332 0.026041666666666668
0 0.6119791666666666 0.9765625 0.026041666666666668 0.0234375
0 0.4622395833333333 0.17317708333333334 0.1171875 0.10416666666666667
0 0.8893229166666666 0.07291666666666667 0.020833333333333332 0.020833333333333332
0 0.0859375 0.5149739583333334 0.09375 0.09505208333333333
0 0.24088541666666666 0.18815104166666666 0.020833333333333332 0.01953125
0 0.8216145833333334 0.5247395833333334 0.015625 0.018229166666666668
0 0.9654947916666666 0.7819010416666666 0.016927083333333332 0.01953125
0 0.3346354166666667 0.15885416666666666 0.013020833333333334 0.010416666666666666
0 0.3059895833333333 0.173828125 0.010416666666666666 0.009114583333333334
0 0.5572916666666666 0.13541666666666666 0.015625 0.015625
0 0.5221354166666666 0.18294270833333334 0.010416666666666666 0.01171875
0 0.13346354166666666 0.22526041666666666 0.009114583333333334 0.0078125
0 0.2819010416666667 0.26953125 0.009114583333333334 0.0078125
0 0.4069010416666667 0.599609375 0.01171875 0.01171875
0 0.5006510416666666 0.654296875 0.014322916666666666 0.01171875
0 0.205078125 0.7805989583333334 0.009114583333333334 0.009114583333333334
0 0.054036458333333336 0.7220052083333334 0.014322916666666666 0.014322916666666666