0 0.826171875 0.357421875 0.05078125 0.045572916666666664
0 0.6901041666666666 0.13997395833333334 0.0390625 0.045572916666666664
0 0.658203125 0.052734375 0.024739583333333332 0.024739583333333332
0 0.54296875 0.11002604166666667 0.07291666666666667 0.06901041666666667
0 0.4466145833333333 0.2565104166666667 0.020833333333333332 0.020833333333333332
0 0.591796875 0.4095052083333333 0.07942708333333333 0.07682291666666667
0 0.900390625 0.10026041666666667 0.014322916666666666 0.015625
0 0.892578125 0.13802083333333334 0.014322916666666666 0.015625
0 0.9069010416666666 0.19921875 0.07421875 0.06770833333333333
0 0.9583333333333334 0.022135416666666668 0.015625 0.018229166666666668
0 0.4479166666666667 0.3763020833333333 0.036458333333333336 0.041666666666666664
0 0.5618489583333334 0.53125 0.024739583333333332 0.03125
0 0.3072916666666667 0.19856770833333334 0.2630208333333333 0.2799479166666667
0 0.18880208333333334 0.130859375 0.015625 0.016927083333333332
0 0.23177083333333334 0.361328125 0.028645833333333332 0.032552083333333336
0 0.4036458333333333 0.4700520833333333 0.018229166666666668 0.020833333333333332
0 0.5553385416666666 0.6380208333333334 0.016927083333333332 0.018229166666666668
0 0.6477864583333334 0.8854166666666666 0.032552083333333336 0.026041666666666668
0 0.020182291666666668 0.6940104166666666 0.03515625 0.036458333333333336
0 0.031901041666666664 0.22330729166666666 0.02734375 0.037760416666666664
0 0.5052083333333334 0.8430989583333334 0.020833333333333332 0.01953125
0 0.8645833333333334 0.2903645833333333 0.015625 0.015625
0 0.984375 0.16796875 0.013020833333333334 0.015625
0 0.6412760416666666 0.5885416666666666 0.016927083333333332 0.015625
0 0.3723958333333333 0.587890625 0.013020833333333334 0.014322916666666666
0 0.031901041666666664 0.19010416666666666 0.009114583333333334 0.010416666666666666
0 0.064453125 0.19921875 0.01171875 0.010416666666666666
0 0.08528645833333333 0.22135416666666666 0.01171875 0.013020833333333334
0 0.11263020833333333 0.22916666666666666 0.01171875 0.013020833333333334
0 0.134765625 0.4309895833333333 0.009114583333333334 0.010416666666666666
0 0.5162760416666666 0.505859375 0.01953125 0.022135416666666668
0 0.5533854166666666 0.6842447916666666 0.015625 0.014322916666666666
0 0.5286458333333334 0.26953125 0.013020833333333334 0.013020833333333334
0 0.5494791666666666 0.255859375 0.010416666666666666 0.01171875
0 0.8020833333333334 0.051432291666666664 0.013020833333333334 0.01171875
0 0.9576822916666666 0.044270833333333336 0.009114583333333334 0.010416666666666666
0 0.8248697916666666 0.01171875 0.009114583333333334 0.010416666666666666
0 0.9244791666666666 0.22526041666666666 0.010416666666666666 0.010416666666666666
0 0.9811197916666666 0.546875 0.01171875 0.010416666666666666
0 0.6966145833333334 0.7649739583333334 0.013020833333333334 0.014322916666666666
0 0.7447916666666666 0.71484375 0.0078125 0.010416666666666666
0 0.7819010416666666 0.9563802083333334 0.01171875 0.009114583333333334
0 0.3606770833333333 0.9713541666666666 0.013020833333333334 0.013020833333333334
0 0.21614583333333334 0.9817708333333334 0.013020833333333334 0.013020833333333334
0 0.24153645833333334 0.9225260416666666 0.01171875 0.009114583333333334
0 0.814453125 0.9733072916666666 0.014322916666666666 0.01171875
0 0.994140625 0.701171875 0.009114583333333334 0.016927083333333332
0 0.18684895833333334 0.216796875 0.01953125 0.022135416666666668
0 0.3098958333333333 0.044270833333333336 0.013020833333333334 0.013020833333333334
0 0.9140625 0.7799479166666666 0.013020833333333334 0.013020833333333334