0 0.625 0.046875 0.0390625 0.052083333333333336
0 0.5514322916666666 0.07877604166666667 0.022135416666666668 0.032552083333333336
0 0.5794270833333334 0.10872395833333333 0.026041666666666668 0.02734375
0 0.22135416666666666 0.3098958333333333 0.052083333333333336 0.052083333333333336
0 0.3040364583333333 0.34765625 0.029947916666666668 0.0234375
0 0.107421875 0.298828125 0.07161458333333333 0.06901041666666667
0 0.033854166666666664 0.4010416666666667 0.015625 0.013020833333333334
0 0.11848958333333333 0.4791666666666667 0.010416666666666666 0.013020833333333334
0 0.059244791666666664 0.5384114583333334 0.10546875 0.12890625
0 0.13736979166666666 0.5703125 0.014322916666666666 0.013020833333333334
0 0.2623697916666667 0.6328125 0.08984375 0.08333333333333333
0 0.3502604166666667 0.6419270833333334 0.020833333333333332 0.013020833333333334
0 0.232421875 0.7415364583333334 0.14713541666666666 0.13411458333333334
0 0.107421875 0.79296875 0.032552083333333336 0.0390625
0 0.026041666666666668 0.8665364583333334 0.026041666666666668 0.01953125
0 0.322265625 0.8567708333333334 0.045572916666666664 0.0390625
0 0.4557291666666667 0.6842447916666666 0.026041666666666668 0.01953125
0 0.6295572916666666 0.7337239583333334 0.21223958333333334 0.18880208333333334
0 0.7194010416666666 0.7923177083333334 0.01953125 0.014322916666666666
0 0.3352864583333333 0.9205729166666666 0.01953125 0.015625
0 0.6217447916666666 0.908203125 0.01953125 0.016927083333333332
0 0.6868489583333334 0.88671875 0.01953125 0.018229166666666668
0 0.75 0.9095052083333334 0.013020833333333334 0.014322916666666666
0 0.8307291666666666 0.07421875 0.020833333333333332 0.0234375
0 0.7981770833333334 0.11197916666666667 0.018229166666666668 0.020833333333333332
0 0.7272135416666666 0.4850260416666667 0.022135416666666668 0.016927083333333332
0 0.9537760416666666 0.53125 0.01953125 0.026041666666666668
0 0.9700520833333334 0.4694010416666667 0.013020833333333334 0.01953125
0 0.880859375 0.740234375 0.07942708333333333 0.07942708333333333
0 0.361328125 0.796875 0.05859375 0.036458333333333336
0 0.4602864583333333 0.376953125 0.016927083333333332 0.016927083333333332
0 0.042317708333333336 0.09244791666666667 0.01953125 0.020833333333333332
0 0.62890625 0.142578125 0.020833333333333332 0.016927083333333332
0 0.765625 0.185546875 0.03125 0.016927083333333332
0 0.22916666666666666 0.068359375 0.015625 0.016927083333333332
0 0.040364583333333336 0.359375 0.013020833333333334 0.018229166666666668
0 0.654296875 0.5442708333333334 0.01953125 0.026041666666666668
0 0.9264322916666666 0.6536458333333334 0.014322916666666666 0.015625
0 0.759765625 0.76953125 0.016927083333333332 0.018229166666666668
0 0.5110677083333334 0.20572916666666666 0.08463541666666667 0.078125
0 0.9440104166666666 0.234375 0.0390625 0.041666666666666664
0 0.8548177083333334 0.3756510416666667 0.18359375 0.18098958333333334
0 0.21940104166666666 0.4518229166666667 0.061197916666666664 0.0625
0 0.026041666666666668 0.9225260416666666 0.052083333333333336 0.06640625
0 0.6223958333333334 0.4342447916666667 0.03125 0.024739583333333332
0 0.4329427083333333 0.4016927083333333 0.032552083333333336 0.032552083333333336
0 0.8984375 0.962890625 0.013020833333333334 0.016927083333333332
0 0.986328125 0.9609375 0.01953125 0.026041666666666668
0 0.006510416666666667 0.06901041666666667 0.013020833333333334 0.013020833333333334