0 0.08984375 0.17643229166666666 0.029947916666666668 0.02734375
0 0.529296875 0.517578125 0.029947916666666668 0.02734375
0 0.3365885416666667 0.11588541666666667 0.037760416666666664 0.037760416666666664
0 0.4694010416666667 0.591796875 0.02734375 0.024739583333333332
0 0.15104166666666666 0.009765625 0.026041666666666668 0.01953125
0 0.748046875 0.6295572916666666 0.02734375 0.026041666666666668
0 0.189453125 0.3033854166666667 0.03515625 0.032552083333333336
0 0.4108072916666667 0.818359375 0.026041666666666668 0.026041666666666668
0 0.8984375 0.3255208333333333 0.026041666666666668 0.026041666666666668
0 0.5690104166666666 0.09895833333333333 0.024739583333333332 0.026041666666666668
0 0.027994791666666668 0.9641927083333334 0.028645833333333332 0.028645833333333332
0 0.7102864583333334 0.876953125 0.02734375 0.026041666666666668
0 0.9524739583333334 0.7356770833333334 0.029947916666666668 0.028645833333333332
0 0.91796875 0.9934895833333334 0.028645833333333332 0.013020833333333334
0 0.689453125 0.4622395833333333 0.032552083333333336 0.028645833333333332
0 0.7864583333333334 0.10286458333333333 0.033854166666666664 0.032552083333333336
0 0.09505208333333333 0.10286458333333333 0.033854166666666664 0.033854166666666664
0 0.7936197916666666 0.7194010416666666 0.029947916666666668 0.028645833333333332
0 0.9856770833333334 0.537109375 0.028645833333333332 0.029947916666666668
0 0.4798177083333333 0.7044270833333334 0.049479166666666664 0.046875
0 0.30078125 0.8229166666666666 0.041666666666666664 0.0390625
0 0.4518229166666667 0.9498697916666666 0.028645833333333332 0.028645833333333332
0 0.8587239583333334 0.232421875 0.02734375 0.026041666666666668
0 0.220703125 0.873046875 0.0703125 0.06901041666666667
0 0.2552083333333333 0.701171875 0.044270833333333336 0.04296875
0 0.3307291666666667 0.736328125 0.040364583333333336 0.03515625
0 0.8736979166666666 0.8255208333333334 0.024739583333333332 0.0234375
0 0.4036458333333333 0.3203125 0.02734375 0.028645833333333332
0 0.3216145833333333 0.8274739583333334 0.06770833333333333 0.07552083333333333
0 0.4576822916666667 0.068359375 0.16796875 0.13671875
0 0.9270833333333334 0.022786458333333332 0.0859375 0.045572916666666664
0 0.580078125 0.923828125 0.040364583333333336 0.061197916666666664
0 0.2864583333333333 0.421875 0.23307291666666666 0.3893229166666667
0 0.890625 0.5104166666666666 0.09244791666666667 0.10286458333333333