0 0.9049479166666666 0.3854166666666667 0.026041666666666668 0.028645833333333332
0 0.365234375 0.3815104166666667 0.048177083333333336 0.059895833333333336
0 0.3938802083333333 0.033854166666666664 0.01953125 0.0234375
0 0.3561197916666667 0.166015625 0.07421875 0.07161458333333333
0 0.2962239583333333 0.125 0.032552083333333336 0.026041666666666668
0 0.8326822916666666 0.6223958333333334 0.02734375 0.020833333333333332
0 0.6119791666666666 0.8274739583333334 0.052083333333333336 0.05078125
0 0.7096354166666666 0.8854166666666666 0.026041666666666668 0.026041666666666668
0 0.4915364583333333 0.291015625 0.01953125 0.022135416666666668
0 0.7096354166666666 0.21549479166666666 0.1953125 0.18359375
0 0.712890625 0.07942708333333333 0.07161458333333333 0.0546875
0 0.4837239583333333 0.024088541666666668 0.08463541666666667 0.045572916666666664
0 0.3268229166666667 0.6673177083333334 0.036458333333333336 0.01953125
0 0.3450520833333333 0.8951822916666666 0.052083333333333336 0.05859375
0 0.14388020833333334 0.9309895833333334 0.07421875 0.078125
0 0.166015625 0.3912760416666667 0.032552083333333336 0.037760416666666664
0 0.037109375 0.5045572916666666 0.022135416666666668 0.01953125
0 0.3639322916666667 0.603515625 0.014322916666666666 0.016927083333333332
0 0.09244791666666667 0.8138020833333334 0.015625 0.026041666666666668
0 0.19010416666666666 0.7981770833333334 0.015625 0.020833333333333332
0 0.14322916666666666 0.80078125 0.013020833333333334 0.013020833333333334
0 0.025390625 0.19596354166666666 0.040364583333333336 0.053385416666666664
0 0.728515625 0.482421875 0.014322916666666666 0.014322916666666666
0 0.712890625 0.7688802083333334 0.18880208333333334 0.18359375
0 0.6686197916666666 0.7877604166666666 0.016927083333333332 0.013020833333333334
0 0.513671875 0.6184895833333334 0.014322916666666666 0.013020833333333334
0 0.14322916666666666 0.7526041666666666 0.013020833333333334 0.018229166666666668
0 0.625 0.3151041666666667 0.18229166666666666 0.20833333333333334
0 0.09765625 0.53125 0.013020833333333334 0.020833333333333332
0 0.21484375 0.2584635416666667 0.013020833333333334 0.009114583333333334
0 0.072265625 0.9622395833333334 0.016927083333333332 0.018229166666666668
0 0.13736979166666666 0.052083333333333336 0.01171875 0.018229166666666668
0 0.3111979166666667 0.039713541666666664 0.015625 0.01171875
0 0.9615885416666666 0.2897135416666667 0.014322916666666666 0.016927083333333332
0 0.9583333333333334 0.361328125 0.013020833333333334 0.016927083333333332
0 0.4778645833333333 0.296875 0.125 0.140625
0 0.8385416666666666 0.8932291666666666 0.020833333333333332 0.018229166666666668
0 0.4713541666666667 0.6295572916666666 0.020833333333333332 0.01953125