0 0.203125 0.62890625 0.16145833333333334 0.20833333333333334
0 0.4778645833333333 0.8072916666666666 0.0625 0.0703125
0 0.6145833333333334 0.72265625 0.028645833333333332 0.033854166666666664
0 0.4212239583333333 0.9733072916666666 0.01953125 0.024739583333333332
0 0.4778645833333333 0.5227864583333334 0.22395833333333334 0.24869791666666666
0 0.486328125 0.4342447916666667 0.024739583333333332 0.02734375
0 0.5104166666666666 0.3489583333333333 0.028645833333333332 0.0390625
0 0.603515625 0.5110677083333334 0.02734375 0.02734375
0 0.5755208333333334 0.4720052083333333 0.07291666666666667 0.07421875
0 0.056640625 0.9596354166666666 0.09765625 0.078125
0 0.5865885416666666 0.04296875 0.032552083333333336 0.026041666666666668
0 0.6276041666666666 0.98046875 0.020833333333333332 0.020833333333333332
0 0.833984375 0.3216145833333333 0.032552083333333336 0.036458333333333336
0 0.6608072916666666 0.390625 0.01953125 0.018229166666666668
0 0.9348958333333334 0.6595052083333334 0.020833333333333332 0.016927083333333332
0 0.94140625 0.705078125 0.018229166666666668 0.016927083333333332
0 0.8483072916666666 0.4615885416666667 0.016927083333333332 0.016927083333333332
0 0.9876302083333334 0.4557291666666667 0.01953125 0.020833333333333332
0 0.025390625 0.521484375 0.016927083333333332 0.01953125
0 0.619140625 0.24609375 0.08984375 0.0859375
0 0.9733072916666666 0.6432291666666666 0.053385416666666664 0.109375
0 0.53515625 0.349609375 0.020833333333333332 0.024739583333333332
0 0.8763020833333334 0.162109375 0.0234375 0.022135416666666668
0 0.7421875 0.8001302083333334 0.018229166666666668 0.022135416666666668
0 0.48828125 0.17838541666666666 0.020833333333333332 0.015625
0 0.828125 0.486328125 0.015625 0.016927083333333332
0 0.7102864583333334 0.419921875 0.016927083333333332 0.016927083333333332
0 0.6458333333333334 0.40625 0.015625 0.015625
0 0.615234375 0.9127604166666666 0.014322916666666666 0.015625
0 0.5188802083333334 0.6477864583333334 0.014322916666666666 0.014322916666666666
0 0.21614583333333334 0.3098958333333333 0.015625 0.015625
0 0.19401041666666666 0.80078125 0.010416666666666666 0.010416666666666666
0 0.083984375 0.392578125 0.014322916666666666 0.014322916666666666
0 0.890625 0.66015625 0.013020833333333334 0.018229166666666668
0 0.7434895833333334 0.66796875 0.015625 0.013020833333333334
0 0.9934895833333334 0.4934895833333333 0.013020833333333334 0.015625
0 0.337890625 0.14908854166666666 0.014322916666666666 0.01171875
0 0.453125 0.13020833333333334 0.013020833333333334 0.013020833333333334
0 0.544921875 0.20963541666666666 0.01171875 0.013020833333333334