0 0.4049479166666667 0.12369791666666667 0.049479166666666664 0.044270833333333336
0 0.611328125 0.16731770833333334 0.022135416666666668 0.022135416666666668
0 0.095703125 0.031901041666666664 0.04296875 0.048177083333333336
0 0.07942708333333333 0.1015625 0.028645833333333332 0.026041666666666668
0 0.16666666666666666 0.263671875 0.020833333333333332 0.029947916666666668
0 0.3776041666666667 0.19791666666666666 0.0390625 0.036458333333333336
0 0.07096354166666667 0.2799479166666667 0.022135416666666668 0.0234375
0 0.15364583333333334 0.3873697916666667 0.03125 0.024739583333333332
0 0.17903645833333334 0.4361979166666667 0.037760416666666664 0.041666666666666664
0 0.2526041666666667 0.5729166666666666 0.026041666666666668 0.026041666666666668
0 0.6295572916666666 0.22786458333333334 0.03515625 0.036458333333333336
0 0.7161458333333334 0.375 0.026041666666666668 0.026041666666666668
0 0.4505208333333333 0.6145833333333334 0.0234375 0.0234375
0 0.4231770833333333 0.8671875 0.0546875 0.049479166666666664
0 0.580078125 0.7884114583333334 0.024739583333333332 0.032552083333333336
0 0.212890625 0.8502604166666666 0.029947916666666668 0.026041666666666668
0 0.18880208333333334 0.9055989583333334 0.026041666666666668 0.01953125
0 0.5807291666666666 0.970703125 0.06770833333333333 0.05859375
0 0.9095052083333334 0.6516927083333334 0.08723958333333333 0.07421875
0 0.4635416666666667 0.3743489583333333 0.015625 0.014322916666666666
0 0.8763020833333334 0.728515625 0.13802083333333334 0.12630208333333334
0 0.939453125 0.7428385416666666 0.022135416666666668 0.016927083333333332
0 0.9583333333333334 0.8326822916666666 0.015625 0.01953125
0 0.9225260416666666 0.9134114583333334 0.016927083333333332 0.016927083333333332
0 0.3033854166666667 0.6731770833333334 0.018229166666666668 0.015625
0 0.21484375 0.7037760416666666 0.018229166666666668 0.014322916666666666
0 0.8177083333333334 0.9186197916666666 0.015625 0.014322916666666666
0 0.09375 0.623046875 0.10677083333333333 0.07942708333333333
0 0.9303385416666666 0.76171875 0.016927083333333332 0.018229166666666668
0 0.9498697916666666 0.7981770833333334 0.01171875 0.013020833333333334
0 0.8938802083333334 0.7819010416666666 0.20182291666666666 0.22526041666666666
0 0.7591145833333334 0.73828125 0.015625 0.018229166666666668
0 0.025390625 0.5221354166666666 0.048177083333333336 0.07291666666666667
0 0.036458333333333336 0.61328125 0.015625 0.015625
0 0.16731770833333334 0.373046875 0.01953125 0.014322916666666666
0 0.3893229166666667 0.0859375 0.018229166666666668 0.015625
0 0.35546875 0.09830729166666667 0.015625 0.014322916666666666
0 0.51171875 0.5651041666666666 0.018229166666666668 0.018229166666666668
0 0.2916666666666667 0.56640625 0.015625 0.015625
0 0.3997395833333333 0.74609375 0.013020833333333334 0.013020833333333334
0 0.7083333333333334 0.9231770833333334 0.013020833333333334 0.013020833333333334
0 0.6920572916666666 0.955078125 0.014322916666666666 0.014322916666666666
0 0.57421875 0.3053385416666667 0.015625 0.014322916666666666
0 0.7571614583333334 0.3151041666666667 0.016927083333333332 0.015625
0 0.7884114583333334 0.11783854166666667 0.014322916666666666 0.014322916666666666
0 0.7688802083333334 0.412109375 0.01171875 0.01171875