0 0.15364583333333334 0.15234375 0.1875 0.19010416666666666
0 0.09375 0.873046875 0.0546875 0.05859375
0 0.021484375 0.5813802083333334 0.02734375 0.029947916666666668
0 0.06966145833333333 0.4114583333333333 0.032552083333333336 0.033854166666666664
0 0.29296875 0.5091145833333334 0.059895833333333336 0.06770833333333333
0 0.15559895833333334 0.7044270833333334 0.022135416666666668 0.0234375
0 0.12239583333333333 0.7018229166666666 0.015625 0.018229166666666668
0 0.2591145833333333 0.791015625 0.06770833333333333 0.06640625
0 0.3072916666666667 0.955078125 0.0546875 0.055989583333333336
0 0.3763020833333333 0.9453125 0.015625 0.020833333333333332
0 0.23372395833333334 0.9654947916666666 0.07161458333333333 0.06640625
0 0.5559895833333334 0.8424479166666666 0.046875 0.052083333333333336
0 0.5885416666666666 0.4375 0.041666666666666664 0.044270833333333336
0 0.6510416666666666 0.21809895833333334 0.0390625 0.032552083333333336
0 0.685546875 0.65625 0.03515625 0.036458333333333336
0 0.7122395833333334 0.80859375 0.028645833333333332 0.028645833333333332
0 0.7506510416666666 0.734375 0.029947916666666668 0.03125
0 0.7578125 0.8411458333333334 0.015625 0.015625
0 0.876953125 0.908203125 0.029947916666666668 0.029947916666666668
0 0.763671875 0.515625 0.01953125 0.020833333333333332
0 0.818359375 0.39453125 0.10286458333333333 0.10416666666666667
0 0.8020833333333334 0.23828125 0.013020833333333334 0.013020833333333334
0 0.892578125 0.107421875 0.06640625 0.07161458333333333
0 0.3932291666666667 0.2779947916666667 0.057291666666666664 0.061197916666666664
0 0.23111979166666666 0.4615885416666667 0.016927083333333332 0.016927083333333332
0 0.8326822916666666 0.7454427083333334 0.037760416666666664 0.045572916666666664
0 0.9921875 0.826171875 0.013020833333333334 0.01953125
0 0.8821614583333334 0.345703125 0.045572916666666664 0.053385416666666664
0 0.38671875 0.4928385416666667 0.013020833333333334 0.014322916666666666
0 0.10677083333333333 0.3522135416666667 0.0546875 0.061197916666666664
0 0.5546875 0.7565104166666666 0.013020833333333334 0.018229166666666668
0 0.607421875 0.8489583333333334 0.01171875 0.015625
0 0.6015625 0.9322916666666666 0.013020833333333334 0.015625
0 0.8216145833333334 0.5345052083333334 0.013020833333333334 0.014322916666666666
0 0.46875 0.087890625 0.14322916666666666 0.13671875
0 0.8170572916666666 0.8717447916666666 0.2721354166666667 0.25390625
0 0.8802083333333334 0.654296875 0.013020833333333334 0.01171875
0 0.146484375 0.8580729166666666 0.01171875 0.013020833333333334
0 0.3040364583333333 0.6022135416666666 0.01171875 0.01171875
0 0.3873697916666667 0.6139322916666666 0.009114583333333334 0.009114583333333334
0 0.9661458333333334 0.513671875 0.010416666666666666 0.009114583333333334
0 0.9830729166666666 0.5227864583333334 0.010416666666666666 0.009114583333333334
0 0.966796875 0.6373697916666666 0.009114583333333334 0.009114583333333334
0 0.875 0.4251302083333333 0.010416666666666666 0.014322916666666666
0 0.9205729166666666 0.505859375 0.010416666666666666 0.01171875
0 0.8177083333333334 0.8352864583333334 0.010416666666666666 0.01171875
0 0.8170572916666666 0.7109375 0.01171875 0.015625
0 0.451171875 0.4798177083333333 0.006510416666666667 0.006510416666666667
0 0.06640625 0.533203125 0.0078125 0.009114583333333334
0 0.109375 0.8248697916666666 0.010416666666666666 0.009114583333333334
0 0.12369791666666667 0.8125 0.0078125 0.0078125
0 0.10221354166666667 0.8118489583333334 0.009114583333333334 0.009114583333333334
0 0.3333333333333333 0.9739583333333334 0.010416666666666666 0.013020833333333334
0 0.345703125 0.896484375 0.006510416666666667 0.009114583333333334
0 0.2994791666666667 0.84765625 0.0078125 0.0078125
0 0.40234375 0.8268229166666666 0.0078125 0.0078125
0 0.4251302083333333 0.7760416666666666 0.009114583333333334 0.010416666666666666
0 0.4055989583333333 0.802734375 0.006510416666666667 0.006510416666666667
0 0.4459635416666667 0.8489583333333334 0.006510416666666667 0.0078125
0 0.4544270833333333 0.921875 0.0078125 0.0078125
0 0.5397135416666666 0.89453125 0.009114583333333334 0.0078125
0 0.5989583333333334 0.8860677083333334 0.0078125 0.009114583333333334
0 0.7259114583333334 0.7845052083333334 0.014322916666666666 0.014322916666666666
0 0.7141927083333334 0.76171875 0.01171875 0.013020833333333334
0 0.796875 0.9680989583333334 0.010416666666666666 0.01171875