0 0.63671875 0.20182291666666666 0.033854166666666664 0.028645833333333332
0 0.9303385416666666 0.361328125 0.01953125 0.022135416666666668
0 0.6360677083333334 0.6673177083333334 0.048177083333333336 0.048177083333333336
0 0.4654947916666667 0.6184895833333334 0.032552083333333336 0.0234375
0 0.4212239583333333 0.3841145833333333 0.016927083333333332 0.015625
0 0.4368489583333333 0.5052083333333334 0.014322916666666666 0.018229166666666668
0 0.15755208333333334 0.7890625 0.028645833333333332 0.026041666666666668
0 0.09440104166666667 0.8919270833333334 0.024739583333333332 0.0234375
0 0.6712239583333334 0.6848958333333334 0.024739583333333332 0.026041666666666668
0 0.306640625 0.19921875 0.01171875 0.010416666666666666
0 0.3430989583333333 0.6360677083333334 0.016927083333333332 0.01953125
0 0.8430989583333334 0.08984375 0.032552083333333336 0.03125
0 0.4537760416666667 0.044270833333333336 0.029947916666666668 0.03125
0 0.3170572916666667 0.744140625 0.022135416666666668 0.024739583333333332
0 0.28515625 0.6354166666666666 0.010416666666666666 0.018229166666666668
0 0.2845052083333333 0.20247395833333334 0.014322916666666666 0.014322916666666666
0 0.416015625 0.6158854166666666 0.014322916666666666 0.013020833333333334
0 0.4303385416666667 0.9856770833333334 0.022135416666666668 0.018229166666666668
0 0.6666666666666666 0.9830729166666666 0.018229166666666668 0.015625