0 0.345703125 0.5305989583333334 0.032552083333333336 0.037760416666666664
0 0.4388020833333333 0.7981770833333334 0.09375 0.10416666666666667
0 0.6875 0.6666666666666666 0.026041666666666668 0.026041666666666668
0 0.5266927083333334 0.5169270833333334 0.016927083333333332 0.015625
0 0.58984375 0.24348958333333334 0.026041666666666668 0.0234375
0 0.3196614583333333 0.287109375 0.05859375 0.07161458333333333
0 0.873046875 0.091796875 0.032552083333333336 0.032552083333333336
0 0.8294270833333334 0.6184895833333334 0.015625 0.018229166666666668
0 0.169921875 0.4173177083333333 0.01953125 0.01953125
0 0.859375 0.7994791666666666 0.015625 0.015625
0 0.7467447916666666 0.74609375 0.01171875 0.013020833333333334
0 0.9342447916666666 0.4694010416666667 0.016927083333333332 0.016927083333333332
0 0.8821614583333334 0.3990885416666667 0.014322916666666666 0.01171875
0 0.517578125 0.3567708333333333 0.014322916666666666 0.018229166666666668
0 0.5559895833333334 0.421875 0.015625 0.015625
0 0.314453125 0.046223958333333336 0.014322916666666666 0.016927083333333332
0 0.912109375 0.9029947916666666 0.014322916666666666 0.014322916666666666
0 0.8821614583333334 0.3971354166666667 0.013020833333333334 0.014322916666666666
0 0.0625 0.14583333333333334 0.014322916666666666 0.015625
0 0.5572916666666666 0.4205729166666667 0.010416666666666666 0.01171875
0 0.9127604166666666 0.13020833333333334 0.010416666666666666 0.01171875
0 0.2682291666666667 0.2727864583333333 0.010416666666666666 0.01171875
0 0.876953125 0.3723958333333333 0.010416666666666666 0.010416666666666666
0 0.4296875 0.552734375 0.01171875 0.01171875
0 0.6744791666666666 0.23697916666666666 0.01171875 0.013020833333333334
0 0.7513020833333334 0.728515625 0.009114583333333334 0.009114583333333334
0 0.318359375 0.7955729166666666 0.014322916666666666 0.015625
0 0.7486979166666666 0.5638020833333334 0.01171875 0.014322916666666666
0 0.693359375 0.9713541666666666 0.013020833333333334 0.014322916666666666
0 0.29296875 0.5533854166666666 0.01171875 0.013020833333333334
0 0.4609375 0.3795572916666667 0.014322916666666666 0.015625
0 0.5729166666666666 0.23307291666666666 0.01171875 0.01171875
0 0.6673177083333334 0.5533854166666666 0.010416666666666666 0.01171875
0 0.8385416666666666 0.4954427083333333 0.010416666666666666 0.010416666666666666
0 0.7669270833333334 0.24479166666666666 0.010416666666666666 0.010416666666666666
0 0.7845052083333334 0.75 0.0078125 0.0078125
0 0.74609375 0.6666666666666666 0.009114583333333334 0.009114583333333334
0 0.4641927083333333 0.5501302083333334 0.009114583333333334 0.010416666666666666
0 0.6822916666666666 0.19075520833333334 0.0078125 0.0078125
0 0.7447916666666666 0.07942708333333333 0.009114583333333334 0.009114583333333334
0 0.6666666666666666 0.3958333333333333 0.009114583333333334 0.009114583333333334
0 0.15169270833333334 0.3912760416666667 0.010416666666666666 0.01171875
0 0.775390625 0.4713541666666667 0.009114583333333334 0.009114583333333334
0 0.8841145833333334 0.6171875 0.010416666666666666 0.010416666666666666
0 0.908203125 0.337890625 0.009114583333333334 0.009114583333333334