0 0.6881510416666666 0.3463541666666667 0.04296875 0.0390625
0 0.677734375 0.0859375 0.06380208333333333 0.0625
0 0.5201822916666666 0.05859375 0.02734375 0.026041666666666668
0 0.625 0.7890625 0.0390625 0.0390625
0 0.3079427083333333 0.8346354166666666 0.022135416666666668 0.0234375
0 0.1875 0.017578125 0.020833333333333332 0.016927083333333332
0 0.205078125 0.849609375 0.11067708333333333 0.11067708333333333
0 0.025390625 0.3990885416666667 0.040364583333333336 0.04296875
0 0.205078125 0.9635416666666666 0.032552083333333336 0.026041666666666668
0 0.07877604166666667 0.11263020833333333 0.014322916666666666 0.014322916666666666
0 0.037760416666666664 0.4654947916666667 0.018229166666666668 0.016927083333333332
0 0.8059895833333334 0.08268229166666667 0.015625 0.014322916666666666
0 0.06315104166666667 0.7877604166666666 0.01171875 0.010416666666666666
0 0.13671875 0.7415364583333334 0.015625 0.014322916666666666
0 0.040364583333333336 0.80859375 0.010416666666666666 0.013020833333333334
0 0.10221354166666667 0.9153645833333334 0.032552083333333336 0.03125