0 0.6829427083333334 0.3697916666666667 0.045572916666666664 0.041666666666666664
0 0.5338541666666666 0.24739583333333334 0.03125 0.03125
0 0.4401041666666667 0.5123697916666666 0.052083333333333336 0.061197916666666664
0 0.3782552083333333 0.19856770833333334 0.14973958333333334 0.16276041666666666
0 0.22786458333333334 0.08333333333333333 0.020833333333333332 0.0234375
0 0.189453125 0.0234375 0.032552083333333336 0.026041666666666668
0 0.16145833333333334 0.042317708333333336 0.018229166666666668 0.01953125
0 0.19140625 0.26171875 0.11979166666666667 0.140625
0 0.15559895833333334 0.16861979166666666 0.048177083333333336 0.05859375
0 0.072265625 0.09765625 0.05859375 0.078125
0 0.0625 0.3274739583333333 0.10416666666666667 0.12109375
0 0.107421875 0.5078125 0.05078125 0.052083333333333336
0 0.3255208333333333 0.4895833333333333 0.020833333333333332 0.0234375
0 0.6321614583333334 0.4134114583333333 0.029947916666666668 0.032552083333333336
0 0.3932291666666667 0.6484375 0.07291666666666667 0.08333333333333333
0 0.23763020833333334 0.5794270833333334 0.01953125 0.026041666666666668
0 0.2682291666666667 0.4576822916666667 0.0234375 0.01171875
0 0.5924479166666666 0.11067708333333333 0.013020833333333334 0.013020833333333334
0 0.2838541666666667 0.69140625 0.0234375 0.028645833333333332
0 0.22526041666666666 0.6966145833333334 0.15885416666666666 0.13020833333333334
0 0.19140625 0.9348958333333334 0.018229166666666668 0.018229166666666668
0 0.057942708333333336 0.8365885416666666 0.014322916666666666 0.01953125
0 0.064453125 0.7259114583333334 0.01953125 0.01953125
0 0.7486979166666666 0.228515625 0.013020833333333334 0.01171875
0 0.048177083333333336 0.3072916666666667 0.0078125 0.010416666666666666
0 0.6009114583333334 0.043619791666666664 0.22265625 0.08463541666666667
0 0.1953125 0.8411458333333334 0.013020833333333334 0.010416666666666666