0 0.6940104166666666 0.21028645833333334 0.03125 0.029947916666666668
0 0.7604166666666666 0.15364583333333334 0.03125 0.026041666666666668
0 0.18098958333333334 0.5260416666666666 0.041666666666666664 0.041666666666666664
0 0.66015625 0.5963541666666666 0.052083333333333336 0.06510416666666667
0 0.5950520833333334 0.6080729166666666 0.08333333333333333 0.08072916666666667
0 0.5201822916666666 0.634765625 0.024739583333333332 0.024739583333333332
0 0.7975260416666666 0.669921875 0.032552083333333336 0.04296875
0 0.8346354166666666 0.6842447916666666 0.0234375 0.022135416666666668
0 0.7955729166666666 0.45703125 0.028645833333333332 0.033854166666666664
0 0.5826822916666666 0.9134114583333334 0.2669270833333333 0.16276041666666666
0 0.3841145833333333 0.890625 0.03125 0.026041666666666668
0 0.8880208333333334 0.81640625 0.03125 0.03125
0 0.8268229166666666 0.9407552083333334 0.026041666666666668 0.02734375
0 0.166015625 0.669921875 0.01953125 0.022135416666666668
0 0.6438802083333334 0.10286458333333333 0.05859375 0.0546875
0 0.5696614583333334 0.10221354166666667 0.01953125 0.024739583333333332
0 0.2903645833333333 0.212890625 0.020833333333333332 0.02734375
0 0.10221354166666667 0.7994791666666666 0.20182291666666666 0.2708333333333333
0 0.705078125 0.634765625 0.024739583333333332 0.024739583333333332
0 0.8313802083333334 0.4921875 0.33203125 0.3333333333333333
0 0.9895833333333334 0.3020833333333333 0.020833333333333332 0.0234375