0 0.19177083333333333 0.537109375 0.009296874999999982 0.008945312500000005
0 0.615234375 0.49731770833333333 0.010729166666666679 0.010950520833333291
0 0.6254947916666667 0.7329166666666667 0.010611979166666638 0.01095052083333344
0 0.023072916666666665 0.47315104166666666 0.009231770833333335 0.008541666666666595
0 0.39770833333333333 0.5698307291666667 0.008776041666666679 0.009231770833333375
0 0.16235677083333333 0.5224609375 0.014179687499999982 0.012578124999999959
0 0.47680989583333333 0.498046875 0.008776041666666679 0.00898437499999997
0 0.85546875 0.49072916666666666 0.008255208333333227 0.008255208333333375
0 0.837890625 0.7685546875 0.008645833333333464 0.008151041666666655
0 0.7963932291666667 0.47803385416666666 0.008125000000000012 0.008033854166666613
0 0.7661197916666667 0.6650390625 0.007408854166666738 0.007643229166666599
0 0.6708984375 0.23462239583333333 0.010651041666666675 0.010859374999999968
0 0.8686588541666667 0.6962890625 0.0077213541666667496 0.00790364583333325
0 0.44897135416666667 0.6450260416666667 0.014179687499999982 0.013841145833333327
0 0.8603515625 0.5883854166666667 0.00819010416666662 0.007786458333333357
0 0.6635807291666667 0.6440494791666667 0.016341145833333275 0.0157161458333334
0 0.7275390625 0.26342447916666667 0.015963541666666654 0.01567708333333336
0 0.39135416666666667 0.892578125 0.010611979166666638 0.01125000000000013
0 0.16626302083333333 0.47631510416666667 0.009023437500000009 0.00809895833333337
0 0.681640625 0.84765625 0.0077213541666667496 0.007786458333333357
0 0.9013671875 0.6240234375 0.007434895833333381 0.007044270833333292
0 0.29028645833333333 0.8891666666666667 0.010572916666666673 0.011822916666666572
0 0.057708333333333334 0.7680859375 0.012226562500000001 0.013437499999999917
0 0.07501302083333333 0.7734375 0.008854166666666663 0.008919270833333215
0 0.9252994791666667 0.29444010416666666 0.013684895833333321 0.012239583333333304
0 0.9809635416666667 0.46826822916666666 0.008671875000000107 0.008151041666666655
0 0.9287109375 0.7705078125 0.008007812500000119 0.008619791666666524
0 0.6860416666666667 0.5141666666666667 0.017994791666666583 0.017434895833333314
0 0.7412109375 0.8740234375 0.007265624999999905 0.0073437500000001306
0 0.6772526041666667 0.14282552083333333 0.008645833333333464 0.008619791666666673
0 0.8061588541666667 0.35180989583333333 0.007578124999999917 0.007695312499999958
0 0.9086979166666667 0.8686588541666667 0.013528645833333464 0.013372395833333309
0 0.6079166666666667 0.359375 0.008320312499999982 0.008645833333333316
0 0.2548828125 0.9145572916666667 0.012825520833333362 0.012864583333333476
0 0.04981770833333333 0.9330729166666667 0.013359375000000007 0.014960937500000012