0 0.314453125 0.5475260416666666 0.022135416666666668 0.01953125
0 0.4134114583333333 0.3619791666666667 0.024739583333333332 0.026041666666666668
0 0.478515625 0.2513020833333333 0.14713541666666666 0.16927083333333334
0 0.4967447916666667 0.25390625 0.022135416666666668 0.020833333333333332
0 0.5052083333333334 0.21223958333333334 0.0234375 0.026041666666666668
0 0.66015625 0.3404947916666667 0.028645833333333332 0.029947916666666668
0 0.5533854166666666 0.4016927083333333 0.018229166666666668 0.01953125
0 0.23307291666666666 0.7513020833333334 0.0234375 0.0234375
0 0.06966145833333333 0.8372395833333334 0.016927083333333332 0.020833333333333332
0 0.2578125 0.9752604166666666 0.026041666666666668 0.018229166666666668
0 0.2975260416666667 0.7415364583333334 0.06640625 0.07421875
0 0.376953125 0.69921875 0.08723958333333333 0.1015625
0 0.09375 0.3098958333333333 0.16666666666666666 0.2864583333333333
0 0.3483072916666667 0.45703125 0.016927083333333332 0.015625
0 0.34375 0.4830729166666667 0.015625 0.015625
0 0.4537760416666667 0.08723958333333333 0.022135416666666668 0.020833333333333332
0 0.7252604166666666 0.224609375 0.11979166666666667 0.10546875
0 0.6790364583333334 0.13736979166666666 0.016927083333333332 0.014322916666666666
0 0.8541666666666666 0.5 0.1953125 0.2265625
0 0.861328125 0.798828125 0.022135416666666668 0.024739583333333332
0 0.8333333333333334 0.12044270833333333 0.041666666666666664 0.037760416666666664
0 0.8587239583333334 0.0859375 0.016927083333333332 0.015625
0 0.9296875 0.10416666666666667 0.020833333333333332 0.0234375
0 0.9641927083333334 0.091796875 0.016927083333333332 0.016927083333333332
0 0.1796875 0.13411458333333334 0.018229166666666668 0.018229166666666668
0 0.010416666666666666 0.8365885416666666 0.013020833333333334 0.01953125
0 0.044921875 0.8984375 0.01171875 0.015625
0 0.990234375 0.7102864583333334 0.01953125 0.048177083333333336
0 0.7708333333333334 0.4231770833333333 0.08333333333333333 0.09895833333333333
0 0.22981770833333334 0.018229166666666668 0.05859375 0.036458333333333336
0 0.5162760416666666 0.014322916666666666 0.014322916666666666 0.015625
0 0.8424479166666666 0.009114583333333334 0.036458333333333336 0.018229166666666668