0 0.7415364583333334 0.3255208333333333 0.053385416666666664 0.06510416666666667
0 0.4954427083333333 0.09375 0.08203125 0.078125
0 0.5260416666666666 0.3580729166666667 0.026041666666666668 0.026041666666666668
0 0.5501302083333334 0.3333333333333333 0.01953125 0.015625
0 0.9173177083333334 0.11848958333333333 0.02734375 0.015625
0 0.4921875 0.20052083333333334 0.018229166666666668 0.018229166666666668
0 0.357421875 0.16927083333333334 0.11848958333333333 0.16927083333333334
0 0.169921875 0.13346354166666666 0.061197916666666664 0.05859375
0 0.22330729166666666 0.17447916666666666 0.014322916666666666 0.015625
0 0.2571614583333333 0.4557291666666667 0.07161458333333333 0.078125
0 0.23502604166666666 0.458984375 0.016927083333333332 0.01953125
0 0.09700520833333333 0.3626302083333333 0.07682291666666667 0.07421875
0 0.12565104166666666 0.5559895833333334 0.022135416666666668 0.018229166666666668
0 0.08138020833333333 0.498046875 0.01953125 0.01953125
0 0.044921875 0.451171875 0.01953125 0.016927083333333332
0 0.533203125 0.4459635416666667 0.01953125 0.01953125
0 0.4485677083333333 0.5709635416666666 0.024739583333333332 0.022135416666666668
0 0.7884114583333334 0.04296875 0.016927083333333332 0.018229166666666668
0 0.10026041666666667 0.11393229166666667 0.0859375 0.08463541666666667
0 0.6829427083333334 0.6328125 0.014322916666666666 0.015625
0 0.4915364583333333 0.623046875 0.01953125 0.01953125
0 0.43359375 0.7005208333333334 0.020833333333333332 0.020833333333333332
0 0.2962239583333333 0.5833333333333334 0.01953125 0.020833333333333332
0 0.3951822916666667 0.556640625 0.016927083333333332 0.01953125
0 0.947265625 0.2571614583333333 0.01953125 0.01953125
0 0.849609375 0.9733072916666666 0.01953125 0.01953125
0 0.9635416666666666 0.8723958333333334 0.026041666666666668 0.013020833333333334
0 0.8541666666666666 0.9212239583333334 0.23177083333333334 0.13671875
0 0.9837239583333334 0.11783854166666667 0.016927083333333332 0.01171875
0 0.9856770833333334 0.3287760416666667 0.018229166666666668 0.01953125
0 0.9440104166666666 0.3743489583333333 0.013020833333333334 0.01953125
0 0.9498697916666666 0.5794270833333334 0.014322916666666666 0.013020833333333334
0 0.2994791666666667 0.751953125 0.018229166666666668 0.022135416666666668
0 0.306640625 0.8268229166666666 0.06901041666666667 0.078125
0 0.24869791666666666 0.8899739583333334 0.015625 0.016927083333333332
0 0.048177083333333336 0.026041666666666668 0.018229166666666668 0.013020833333333334
0 0.5182291666666666 0.8359375 0.018229166666666668 0.020833333333333332
0 0.576171875 0.2819010416666667 0.17578125 0.18098958333333334
0 0.6380208333333334 0.294921875 0.013020833333333334 0.014322916666666666