0 0.5169270833333334 0.5084635416666666 0.041666666666666664 0.040364583333333336
0 0.4850260416666667 0.583984375 0.12630208333333334 0.12369791666666667
0 0.2747395833333333 0.580078125 0.078125 0.08723958333333333
0 0.2981770833333333 0.7135416666666666 0.03125 0.03125
0 0.21158854166666666 0.6634114583333334 0.029947916666666668 0.032552083333333336
0 0.013020833333333334 0.546875 0.0234375 0.0234375
0 0.3313802083333333 0.3365885416666667 0.03515625 0.032552083333333336
0 0.5533854166666666 0.20377604166666666 0.0546875 0.053385416666666664
0 0.4694010416666667 0.22005208333333334 0.022135416666666668 0.018229166666666668
0 0.861328125 0.06705729166666667 0.040364583333333336 0.040364583333333336
0 0.7180989583333334 0.515625 0.06380208333333333 0.052083333333333336
0 0.140625 0.18033854166666666 0.018229166666666668 0.016927083333333332
0 0.13411458333333334 0.3040364583333333 0.018229166666666668 0.016927083333333332
0 0.8450520833333334 0.140625 0.06510416666666667 0.06770833333333333
0 0.6608072916666666 0.15169270833333334 0.13932291666666666 0.10546875
0 0.7864583333333334 0.22591145833333334 0.0703125 0.08463541666666667
0 0.55078125 0.255859375 0.0234375 0.024739583333333332
0 0.478515625 0.19205729166666666 0.016927083333333332 0.016927083333333332
0 0.3951822916666667 0.3014322916666667 0.06380208333333333 0.09765625
0 0.3359375 0.3385416666666667 0.026041666666666668 0.0234375
0 0.17317708333333334 0.94140625 0.014322916666666666 0.014322916666666666
0 0.296875 0.931640625 0.01171875 0.013020833333333334
0 0.22135416666666666 0.8580729166666666 0.016927083333333332 0.016927083333333332
0 0.8463541666666666 0.7890625 0.015625 0.015625
0 0.13216145833333334 0.3059895833333333 0.013020833333333334 0.01171875
0 0.5006510416666666 0.5709635416666666 0.01171875 0.01171875
0 0.4837239583333333 0.3763020833333333 0.01171875 0.010416666666666666
0 0.8151041666666666 0.021484375 0.024739583333333332 0.0234375
0 0.21614583333333334 0.16276041666666666 0.01171875 0.010416666666666666
0 0.6848958333333334 0.14973958333333334 0.171875 0.1484375
0 0.8216145833333334 0.6341145833333334 0.013020833333333334 0.014322916666666666
0 0.08919270833333333 0.16536458333333334 0.010416666666666666 0.010416666666666666
0 0.22265625 0.14973958333333334 0.010416666666666666 0.009114583333333334
0 0.06510416666666667 0.5403645833333334 0.010416666666666666 0.010416666666666666
0 0.38671875 0.427734375 0.01171875 0.010416666666666666
0 0.3971354166666667 0.5611979166666666 0.010416666666666666 0.010416666666666666
0 0.279296875 0.2265625 0.010416666666666666 0.010416666666666666
0 0.7903645833333334 0.4440104166666667 0.01171875 0.01171875
0 0.4186197916666667 0.4264322916666667 0.01171875 0.010416666666666666
0 0.3639322916666667 0.7721354166666666 0.009114583333333334 0.009114583333333334
0 0.3678385416666667 0.080078125 0.009114583333333334 0.009114583333333334
0 0.055338541666666664 0.9375 0.01171875 0.01171875
0 0.74609375 0.7369791666666666 0.009114583333333334 0.009114583333333334
0 0.6471354166666666 0.771484375 0.009114583333333334 0.009114583333333334
0 0.037109375 0.681640625 0.010416666666666666 0.010416666666666666
0 0.27734375 0.045572916666666664 0.01171875 0.010416666666666666
0 0.48046875 0.7005208333333334 0.009114583333333334 0.009114583333333334
0 0.14778645833333334 0.039713541666666664 0.01171875 0.013020833333333334
0 0.4700520833333333 0.7962239583333334 0.009114583333333334 0.009114583333333334
0 0.5065104166666666 0.337890625 0.01171875 0.01171875
0 0.6516927083333334 0.8919270833333334 0.01171875 0.01171875
0 0.19401041666666666 0.5364583333333334 0.009114583333333334 0.009114583333333334
0 0.2630208333333333 0.3515625 0.009114583333333334 0.0078125
0 0.1171875 0.6399739583333334 0.010416666666666666 0.009114583333333334
0 0.19661458333333334 0.826171875 0.009114583333333334 0.009114583333333334
0 0.9915364583333334 0.78125 0.016927083333333332 0.041666666666666664