0 0.5787760416666666 0.018880208333333332 0.048177083333333336 0.037760416666666664
0 0.34765625 0.5930989583333334 0.041666666666666664 0.04296875
0 0.13736979166666666 0.9466145833333334 0.046875 0.05078125
0 0.44140625 0.14713541666666666 0.053385416666666664 0.05078125
0 0.30859375 0.4765625 0.03125 0.029947916666666668
0 0.373046875 0.2864583333333333 0.045572916666666664 0.048177083333333336
0 0.01953125 0.009765625 0.0390625 0.01953125
0 0.21614583333333334 0.650390625 0.03125 0.032552083333333336
0 0.865234375 0.3717447916666667 0.044270833333333336 0.041666666666666664
0 0.841796875 0.4505208333333333 0.037760416666666664 0.03515625
0 0.7623697916666666 0.2864583333333333 0.0546875 0.055989583333333336
0 0.455078125 0.6048177083333334 0.040364583333333336 0.036458333333333336
0 0.7981770833333334 0.20768229166666666 0.055989583333333336 0.0546875
0 0.3756510416666667 0.6985677083333334 0.046875 0.046875
0 0.14778645833333334 0.10872395833333333 0.059895833333333336 0.0546875
0 0.275390625 0.21354166666666666 0.07291666666666667 0.0625
0 0.169921875 0.857421875 0.07421875 0.078125
0 0.68359375 0.18424479166666666 0.0703125 0.0625
0 0.9108072916666666 0.7701822916666666 0.09244791666666667 0.07682291666666667
0 0.18033854166666666 0.5182291666666666 0.0390625 0.0546875
0 0.8125 0.8704427083333334 0.055989583333333336 0.048177083333333336
0 0.9759114583333334 0.23893229166666666 0.048177083333333336 0.07421875
0 0.3157552083333333 0.016276041666666668 0.07161458333333333 0.032552083333333336
0 0.7454427083333334 0.4036458333333333 0.0625 0.0546875
0 0.423828125 0.7864583333333334 0.08333333333333333 0.08723958333333333
0 0.65625 0.8880208333333334 0.08984375 0.078125
0 0.8404947916666666 0.6705729166666666 0.048177083333333336 0.037760416666666664
0 0.057942708333333336 0.12109375 0.045572916666666664 0.040364583333333336
0 0.7643229166666666 0.4075520833333333 0.11067708333333333 0.1171875