0 0.5729166666666666 0.053385416666666664 0.049479166666666664 0.052083333333333336
0 0.109375 0.4244791666666667 0.1875 0.1953125
0 0.046875 0.5162760416666666 0.026041666666666668 0.02734375
0 0.3040364583333333 0.6510416666666666 0.01953125 0.0234375
0 0.23502604166666666 0.6328125 0.022135416666666668 0.0234375
0 0.016927083333333332 0.7083333333333334 0.018229166666666668 0.018229166666666668
0 0.07161458333333333 0.8294270833333334 0.015625 0.018229166666666668
0 0.11393229166666667 0.8619791666666666 0.016927083333333332 0.015625
0 0.14192708333333334 0.9309895833333334 0.018229166666666668 0.0234375
0 0.3756510416666667 0.7669270833333334 0.01953125 0.020833333333333332
0 0.44921875 0.7571614583333334 0.015625 0.014322916666666666
0 0.5266927083333334 0.9505208333333334 0.022135416666666668 0.0234375
0 0.9440104166666666 0.6223958333333334 0.049479166666666664 0.0546875
0 0.478515625 0.3756510416666667 0.016927083333333332 0.01953125
0 0.658203125 0.14778645833333334 0.016927083333333332 0.01953125
0 0.8580729166666666 0.20963541666666666 0.033854166666666664 0.0390625
0 0.275390625 0.2565104166666667 0.014322916666666666 0.015625
0 0.17838541666666666 0.17057291666666666 0.013020833333333334 0.013020833333333334
0 0.9635416666666666 0.5130208333333334 0.049479166666666664 0.046875
0 0.8333333333333334 0.8723958333333334 0.010416666666666666 0.015625
0 0.7779947916666666 0.5709635416666666 0.022135416666666668 0.01953125
0 0.7259114583333334 0.556640625 0.014322916666666666 0.016927083333333332
0 0.7936197916666666 0.875 0.014322916666666666 0.013020833333333334
0 0.890625 0.98828125 0.018229166666666668 0.0078125
0 0.9908854166666666 0.9231770833333334 0.013020833333333334 0.018229166666666668
0 0.5221354166666666 0.2864583333333333 0.013020833333333334 0.015625
0 0.6204427083333334 0.008463541666666666 0.01171875 0.01171875