0 0.119140625 0.640625 0.024739583333333332 0.020833333333333332
0 0.3522135416666667 0.4635416666666667 0.040364583333333336 0.041666666666666664
0 0.3951822916666667 0.061848958333333336 0.022135416666666668 0.01953125
0 0.43359375 0.12044270833333333 0.059895833333333336 0.07161458333333333
0 0.515625 0.17708333333333334 0.026041666666666668 0.0234375
0 0.53515625 0.3059895833333333 0.036458333333333336 0.0390625
0 0.5963541666666666 0.8821614583333334 0.020833333333333332 0.01953125
0 0.35546875 0.7643229166666666 0.033854166666666664 0.03125
0 0.306640625 0.8997395833333334 0.20703125 0.19270833333333334
0 0.3938802083333333 0.4524739583333333 0.032552083333333336 0.032552083333333336
0 0.408203125 0.5403645833333334 0.11328125 0.10416666666666667
0 0.6477864583333334 0.7272135416666666 0.01953125 0.016927083333333332
0 0.64453125 0.830078125 0.026041666666666668 0.01953125
0 0.697265625 0.927734375 0.06380208333333333 0.05859375
0 0.634765625 0.9733072916666666 0.01953125 0.01953125
0 0.7552083333333334 0.8723958333333334 0.026041666666666668 0.026041666666666668
0 0.716796875 0.6705729166666666 0.08984375 0.09114583333333333
0 0.7233072916666666 0.5592447916666666 0.07682291666666667 0.07161458333333333
0 0.720703125 0.5625 0.016927083333333332 0.018229166666666668
0 0.7897135416666666 0.21809895833333334 0.02734375 0.01953125
0 0.7272135416666666 0.24348958333333334 0.016927083333333332 0.013020833333333334
0 0.8971354166666666 0.15559895833333334 0.020833333333333332 0.02734375
0 0.9518229166666666 0.505859375 0.015625 0.022135416666666668
0 0.9375 0.966796875 0.026041666666666668 0.032552083333333336
0 0.8313802083333334 0.23763020833333334 0.3216145833333333 0.4622395833333333
0 0.9583333333333334 0.5774739583333334 0.06770833333333333 0.08723958333333333
0 0.19205729166666666 0.7057291666666666 0.01953125 0.018229166666666668
0 0.306640625 0.85546875 0.014322916666666666 0.018229166666666668
0 0.21484375 0.9388020833333334 0.013020833333333334 0.015625
0 0.23893229166666666 0.9420572916666666 0.016927083333333332 0.016927083333333332
0 0.4654947916666667 0.8463541666666666 0.01953125 0.013020833333333334
0 0.042317708333333336 0.2610677083333333 0.05859375 0.08203125
0 0.046223958333333336 0.5234375 0.06380208333333333 0.09635416666666667
0 0.8600260416666666 0.2669270833333333 0.014322916666666666 0.013020833333333334
0 0.935546875 0.306640625 0.016927083333333332 0.016927083333333332
0 0.3951822916666667 0.7005208333333334 0.009114583333333334 0.015625
0 0.189453125 0.4283854166666667 0.014322916666666666 0.013020833333333334
0 0.17122395833333334 0.8333333333333334 0.014322916666666666 0.013020833333333334
0 0.4895833333333333 0.21614583333333334 0.015625 0.015625
0 0.22135416666666666 0.13606770833333334 0.013020833333333334 0.01171875
0 0.7252604166666666 0.6901041666666666 0.013020833333333334 0.013020833333333334
0 0.599609375 0.18229166666666666 0.014322916666666666 0.013020833333333334
0 0.9322916666666666 0.517578125 0.015625 0.01953125
0 0.9778645833333334 0.8411458333333334 0.013020833333333334 0.010416666666666666