0 0.15024566650390625 0.3814862569173177 0.026652286450068157 0.026131818691889446
0 0.433380126953125 0.13027381896972656 0.025155941645304363 0.02476559082667033
0 0.3154074350992839 0.2763517697652181 0.0342641274134318 0.033483425776163735
0 0.17037041982014975 0.45573965708414715 0.026240249474843342 0.02582821249961853
0 0.6027056376139323 0.8124335606892904 0.023355990648269653 0.023811399936676025
0 0.3147134780883789 0.6639267603556315 0.027172754208246868 0.02769322196642558
0 0.2552083333333333 0.9856770833333334 0.028645833333333332 0.028645833333333332
0 0.6568342844645182 0.9810651143391927 0.027606477340062458 0.028018514315287273
0 0.40215206146240234 0.576488176981608 0.025741467873255413 0.026131818691889446
0 0.5069395701090494 0.8249247868855795 0.025741467873255413 0.02582821249961853
0 0.49097855885823566 0.7256889343261719 0.03259429335594177 0.03209551175435384
0 0.7678674062093099 0.15074555079142252 0.04029287894566854 0.0423530638217926
0 0.3717447916666667 0.9967447916666666 0.029947916666666668 0.006510416666666667
0 0.43893178304036456 0.6000827153523763 0.023095756769180298 0.024006575345993042
0 0.19661458333333334 0.9856770833333334 0.028645833333333332 0.028645833333333332
0 0.5916023254394531 0.48211002349853516 0.0426783561706543 0.04187596837679545
0 0.7650915781656901 0.03398728370666504 0.030035326878229778 0.030642539262771606
0 0.8400389353434244 0.697930653889974 0.03478459517161051 0.03493639826774597
0 0.06905269622802734 0.12021144231160481 0.06861499945322673 0.07061012585957845
0 0.21408971150716147 0.2961295445760091 0.0696993072827657 0.0661861499150594
0 0.25295130411783856 0.4258995056152344 0.06236938635508219 0.05582016706466675
0 0.01700592041015625 0.6618448893229166 0.027172754208246868 0.03027387460072835
0 0.20298639933268228 0.5653848648071289 0.05911646286646525 0.06445125738779704
0 0.022786458333333332 0.20963541666666666 0.045572916666666664 0.14583333333333334
0 0.5374736785888672 0.4814160664876302 0.04122538367907206 0.04753605524698893
0 0.9453125 0.09765625 0.109375 0.1953125
0 0.699859619140625 0.46337318420410156 0.07724608977635701 0.1139824390411377
0 0.6346276601155599 0.22916269302368164 0.07212815682093303 0.06770418087641399
0 0.9563802083333334 0.7897135416666666 0.08723958333333333 0.08984375
0 0.8594697316487631 0.28051551183064777 0.10010329882303874 0.09585281213124593
0 0.4930604298909505 0.20591513315836588 0.06887523333231609 0.06531870365142822
0 0.7248420715332031 0.6687844594319662 0.08570369084676106 0.10626216729482015
0 0.38619105021158856 0.7215251922607422 0.05768517653147379 0.06492835283279419
0 0.8872280120849609 0.3204180399576823 0.0426783561706543 0.041702479124069214
0 0.37578169504801434 0.8832171758015951 0.06744394699732463 0.0708703597386678
0 0.966796875 0.6529947916666666 0.06640625 0.061197916666666664
0 0.9038829803466797 0.5431782404581705 0.0609814723332723 0.059246579806009926
0 0.1759220759073893 0.03554868698120117 0.06297659873962402 0.06744394699732463
0 0.20992596944173178 0.6653146743774414 0.06783429781595866 0.07477386792500813