0 0.2877604166666667 0.12044270833333333 0.028645833333333332 0.02734375
0 0.14453125 0.13932291666666666 0.028645833333333332 0.028645833333333332
0 0.18424479166666666 0.15625 0.02734375 0.0234375
0 0.3072916666666667 0.24153645833333334 0.0546875 0.045572916666666664
0 0.49609375 0.3098958333333333 0.0234375 0.0234375
0 0.8717447916666666 0.24934895833333334 0.037760416666666664 0.03515625
0 0.8984375 0.17252604166666666 0.026041666666666668 0.02734375
0 0.564453125 0.5579427083333334 0.01953125 0.024739583333333332
0 0.484375 0.400390625 0.078125 0.06901041666666667
0 0.6484375 0.2845052083333333 0.020833333333333332 0.01953125
0 0.8131510416666666 0.408203125 0.01953125 0.016927083333333332
0 0.5533854166666666 0.6953125 0.026041666666666668 0.0234375
0 0.21875 0.48828125 0.020833333333333332 0.0234375
0 0.24544270833333334 0.6516927083333334 0.016927083333333332 0.016927083333333332
0 0.8170572916666666 0.5774739583333334 0.12890625 0.11588541666666667
0 0.7220052083333334 0.7259114583333334 0.061197916666666664 0.05859375
0 0.4720052083333333 0.9147135416666666 0.032552083333333336 0.029947916666666668
0 0.2552083333333333 0.9674479166666666 0.0234375 0.0234375
0 0.90234375 0.8489583333333334 0.028645833333333332 0.028645833333333332
0 0.96875 0.9361979166666666 0.03125 0.028645833333333332
0 0.6549479166666666 0.3977864583333333 0.17447916666666666 0.14973958333333334
0 0.4166666666666667 0.9108072916666666 0.013020833333333334 0.01171875
0 0.6341145833333334 0.8776041666666666 0.013020833333333334 0.013020833333333334
0 0.043619791666666664 0.9485677083333334 0.07161458333333333 0.05859375
0 0.16341145833333334 0.23697916666666666 0.23307291666666666 0.23697916666666666
0 0.5670572916666666 0.044921875 0.27734375 0.08723958333333333
0 0.505859375 0.607421875 0.014322916666666666 0.014322916666666666
0 0.6647135416666666 0.3932291666666667 0.016927083333333332 0.015625
0 0.5338541666666666 0.4798177083333333 0.018229166666666668 0.014322916666666666
0 0.10221354166666667 0.400390625 0.016927083333333332 0.016927083333333332
0 0.630859375 0.6510416666666666 0.01171875 0.010416666666666666
0 0.6438802083333334 0.681640625 0.014322916666666666 0.01171875
0 0.5091145833333334 0.6861979166666666 0.015625 0.018229166666666668
0 0.3346354166666667 0.818359375 0.015625 0.014322916666666666
0 0.78125 0.99609375 0.013020833333333334 0.0078125
0 0.3899739583333333 0.994140625 0.05859375 0.01171875
0 0.35546875 0.9283854166666666 0.010416666666666666 0.010416666666666666
0 0.544921875 0.3138020833333333 0.016927083333333332 0.015625
0 0.6848958333333334 0.23763020833333334 0.013020833333333334 0.01171875
0 0.47265625 0.2825520833333333 0.018229166666666668 0.013020833333333334
0 0.169921875 0.19401041666666666 0.016927083333333332 0.015625