0 0.3880208333333333 0.3359375 0.0703125 0.06510416666666667
0 0.40234375 0.2884114583333333 0.0234375 0.022135416666666668
0 0.123046875 0.6569010416666666 0.016927083333333332 0.016927083333333332
0 0.10221354166666667 0.67578125 0.014322916666666666 0.013020833333333334
0 0.15690104166666666 0.7688802083333334 0.11588541666666667 0.11067708333333333
0 0.15494791666666666 0.7376302083333334 0.013020833333333334 0.014322916666666666
0 0.52734375 0.66796875 0.078125 0.078125
0 0.509765625 0.7376302083333334 0.024739583333333332 0.02734375
0 0.2981770833333333 0.4505208333333333 0.015625 0.018229166666666668
0 0.3313802083333333 0.087890625 0.01953125 0.016927083333333332
0 0.46484375 0.06575520833333333 0.06510416666666667 0.05859375
0 0.7897135416666666 0.3372395833333333 0.022135416666666668 0.0234375
0 0.7669270833333334 0.48828125 0.018229166666666668 0.018229166666666668
0 0.9765625 0.521484375 0.03125 0.032552083333333336
0 0.388671875 0.7239583333333334 0.016927083333333332 0.018229166666666668
0 0.5384114583333334 0.853515625 0.029947916666666668 0.032552083333333336
0 0.19791666666666666 0.9420572916666666 0.052083333333333336 0.05078125
0 0.4453125 0.9759114583333334 0.0390625 0.040364583333333336
0 0.18359375 0.3912760416666667 0.08072916666666667 0.08463541666666667
0 0.91015625 0.755859375 0.028645833333333332 0.032552083333333336
0 0.8645833333333334 0.650390625 0.16927083333333334 0.15494791666666666
0 0.3990885416666667 0.7884114583333334 0.022135416666666668 0.01953125
0 0.4134114583333333 0.7571614583333334 0.016927083333333332 0.014322916666666666
0 0.6321614583333334 0.845703125 0.07682291666666667 0.061197916666666664
0 0.5677083333333334 0.9186197916666666 0.0859375 0.06901041666666667
0 0.59375 0.4205729166666667 0.0390625 0.0390625
0 0.982421875 0.419921875 0.016927083333333332 0.016927083333333332
0 0.20247395833333334 0.5475260416666666 0.11588541666666667 0.09765625
0 0.9186197916666666 0.4270833333333333 0.053385416666666664 0.052083333333333336
0 0.14518229166666666 0.85546875 0.01171875 0.013020833333333334
0 0.3411458333333333 0.6236979166666666 0.015625 0.015625
0 0.5970052083333334 0.783203125 0.045572916666666664 0.04296875
0 0.5188802083333334 0.5592447916666666 0.014322916666666666 0.014322916666666666
0 0.8483072916666666 0.181640625 0.014322916666666666 0.014322916666666666
0 0.9622395833333334 0.10872395833333333 0.013020833333333334 0.01171875
0 0.8352864583333334 0.421875 0.014322916666666666 0.015625
0 0.4765625 0.8873697916666666 0.010416666666666666 0.01171875
0 0.4928385416666667 0.900390625 0.01171875 0.01171875
0 0.931640625 0.8404947916666666 0.014322916666666666 0.014322916666666666