0 0.11848958333333333 0.7350260416666666 0.044270833333333336 0.048177083333333336
0 0.107421875 0.8951822916666666 0.01953125 0.01953125
0 0.13997395833333334 0.8001302083333334 0.029947916666666668 0.022135416666666668
0 0.19270833333333334 0.8580729166666666 0.0390625 0.044270833333333336
0 0.3294270833333333 0.78125 0.026041666666666668 0.018229166666666668
0 0.306640625 0.580078125 0.2799479166666667 0.25390625
0 0.5436197916666666 0.609375 0.029947916666666668 0.026041666666666668
0 0.671875 0.23502604166666666 0.020833333333333332 0.032552083333333336
0 0.8209635416666666 0.8430989583333334 0.05859375 0.05078125
0 0.73046875 0.86328125 0.018229166666666668 0.013020833333333334
0 0.7141927083333334 0.43359375 0.024739583333333332 0.026041666666666668
0 0.896484375 0.3235677083333333 0.016927083333333332 0.014322916666666666
0 0.22135416666666666 0.6028645833333334 0.018229166666666668 0.020833333333333332
0 0.4537760416666667 0.2708333333333333 0.040364583333333336 0.052083333333333336
0 0.482421875 0.4518229166666667 0.14973958333333334 0.14583333333333334
0 0.13932291666666666 0.061848958333333336 0.0234375 0.02734375
0 0.4029947916666667 0.13997395833333334 0.061197916666666664 0.06640625
0 0.5872395833333334 0.208984375 0.018229166666666668 0.01953125
0 0.2584635416666667 0.9889322916666666 0.014322916666666666 0.016927083333333332
0 0.47265625 0.70703125 0.13020833333333334 0.14322916666666666
0 0.072265625 0.6438802083333334 0.05859375 0.07421875
0 0.697265625 0.08723958333333333 0.045572916666666664 0.041666666666666664
0 0.3326822916666667 0.43359375 0.045572916666666664 0.052083333333333336
0 0.8229166666666666 0.46875 0.015625 0.018229166666666668
0 0.908203125 0.09440104166666667 0.016927083333333332 0.024739583333333332
0 0.220703125 0.08854166666666667 0.016927083333333332 0.026041666666666668
0 0.6881510416666666 0.15299479166666666 0.3372395833333333 0.2981770833333333
0 0.931640625 0.19921875 0.12369791666666667 0.24739583333333334
0 0.16731770833333334 0.15625 0.01953125 0.018229166666666668