0 0.65234375 0.951171875 0.12239583333333333 0.08463541666666667
0 0.5807291666666666 0.8509114583333334 0.020833333333333332 0.01953125
0 0.5052083333333334 0.66796875 0.14322916666666666 0.15625
0 0.5091145833333334 0.8170572916666666 0.020833333333333332 0.022135416666666668
0 0.435546875 0.33203125 0.06901041666666667 0.07291666666666667
0 0.458984375 0.375 0.024739583333333332 0.026041666666666668
0 0.23111979166666666 0.6653645833333334 0.06901041666666667 0.07552083333333333
0 0.7591145833333334 0.3515625 0.052083333333333336 0.046875
0 0.7135416666666666 0.33984375 0.020833333333333332 0.0234375
0 0.3385416666666667 0.9225260416666666 0.03125 0.029947916666666668
0 0.3860677083333333 0.4348958333333333 0.01953125 0.020833333333333332
0 0.755859375 0.248046875 0.05859375 0.045572916666666664
0 0.7682291666666666 0.10481770833333333 0.0234375 0.01953125
0 0.5983072916666666 0.059244791666666664 0.022135416666666668 0.01953125
0 0.2877604166666667 0.042317708333333336 0.03125 0.02734375
0 0.115234375 0.039713541666666664 0.02734375 0.01953125
0 0.33203125 0.5794270833333334 0.171875 0.17447916666666666
0 0.2825520833333333 0.9453125 0.0625 0.06510416666666667
0 0.20703125 0.8483072916666666 0.046875 0.053385416666666664
0 0.012369791666666666 0.712890625 0.022135416666666668 0.024739583333333332
0 0.031901041666666664 0.5201822916666666 0.022135416666666668 0.016927083333333332
0 0.3548177083333333 0.2747395833333333 0.016927083333333332 0.018229166666666668
0 0.2552083333333333 0.3828125 0.018229166666666668 0.020833333333333332
0 0.8352864583333334 0.974609375 0.022135416666666668 0.024739583333333332
0 0.6809895833333334 0.018880208333333332 0.013020833333333334 0.009114583333333334
0 0.19075520833333334 0.11653645833333333 0.022135416666666668 0.01953125
0 0.06380208333333333 0.4583333333333333 0.018229166666666668 0.015625
0 0.7037760416666666 0.7819010416666666 0.01953125 0.01953125
0 0.8717447916666666 0.6484375 0.016927083333333332 0.018229166666666668
0 0.607421875 0.49609375 0.016927083333333332 0.020833333333333332
0 0.298828125 0.17903645833333334 0.048177083333333336 0.05078125
0 0.818359375 0.4954427083333333 0.014322916666666666 0.016927083333333332
0 0.044270833333333336 0.9446614583333334 0.015625 0.016927083333333332
0 0.14322916666666666 0.9720052083333334 0.018229166666666668 0.016927083333333332
0 0.3424479166666667 0.9830729166666666 0.015625 0.015625
0 0.4661458333333333 0.6028645833333334 0.015625 0.018229166666666668
0 0.8528645833333334 0.69140625 0.015625 0.015625
0 0.595703125 0.5442708333333334 0.014322916666666666 0.015625
0 0.259765625 0.123046875 0.014322916666666666 0.01171875
0 0.3333333333333333 0.5807291666666666 0.03125 0.03125
0 0.07682291666666667 0.5182291666666666 0.013020833333333334 0.013020833333333334
0 0.12369791666666667 0.4876302083333333 0.013020833333333334 0.01171875
0 0.033203125 0.7662760416666666 0.01171875 0.014322916666666666
0 0.10677083333333333 0.6705729166666666 0.0078125 0.013020833333333334
0 0.5625 0.28125 0.013020833333333334 0.015625
0 0.671875 0.19986979166666666 0.010416666666666666 0.009114583333333334
0 0.8151041666666666 0.25 0.010416666666666666 0.010416666666666666
0 0.576171875 0.9388020833333334 0.01171875 0.013020833333333334