0 0.5592447916666666 0.23046875 0.048177083333333336 0.044270833333333336
0 0.017578125 0.0234375 0.032552083333333336 0.0390625
0 0.0390625 0.08268229166666667 0.026041666666666668 0.02734375
0 0.3268229166666667 0.12434895833333333 0.036458333333333336 0.029947916666666668
0 0.14388020833333334 0.18033854166666666 0.02734375 0.02734375
0 0.027994791666666668 0.177734375 0.05078125 0.061197916666666664
0 0.146484375 0.50390625 0.20182291666666666 0.19270833333333334
0 0.21614583333333334 0.365234375 0.1328125 0.12369791666666667
0 0.30078125 0.2903645833333333 0.12760416666666666 0.13020833333333334
0 0.275390625 0.15690104166666666 0.048177083333333336 0.045572916666666664
0 0.318359375 0.16276041666666666 0.024739583333333332 0.020833333333333332
0 0.5169270833333334 0.20833333333333334 0.028645833333333332 0.03125
0 0.6783854166666666 0.029947916666666668 0.049479166666666664 0.052083333333333336
0 0.3776041666666667 0.3203125 0.013020833333333334 0.018229166666666668
0 0.830078125 0.2955729166666667 0.05859375 0.0546875
0 0.2506510416666667 0.7623697916666666 0.07161458333333333 0.07161458333333333
0 0.37109375 0.681640625 0.026041666666666668 0.024739583333333332
0 0.09114583333333333 0.8756510416666666 0.020833333333333332 0.016927083333333332
0 0.4212239583333333 0.794921875 0.01953125 0.01953125
0 0.416015625 0.8561197916666666 0.053385416666666664 0.04296875
0 0.7141927083333334 0.8411458333333334 0.08203125 0.07291666666666667
0 0.33984375 0.892578125 0.052083333333333336 0.045572916666666664
0 0.689453125 0.9602864583333334 0.016927083333333332 0.022135416666666668
0 0.4069010416666667 0.006510416666666667 0.032552083333333336 0.010416666666666666
0 0.6705729166666666 0.314453125 0.06510416666666667 0.05859375
0 0.6087239583333334 0.09635416666666667 0.12369791666666667 0.13020833333333334
0 0.626953125 0.435546875 0.12369791666666667 0.12109375
0 0.5 0.4622395833333333 0.033854166666666664 0.028645833333333332
0 0.7337239583333334 0.466796875 0.022135416666666668 0.01953125
0 0.8782552083333334 0.39453125 0.032552083333333336 0.026041666666666668
0 0.8958333333333334 0.568359375 0.020833333333333332 0.024739583333333332
0 0.78125 0.44921875 0.020833333333333332 0.018229166666666668
0 0.7454427083333334 0.3020833333333333 0.08463541666666667 0.07552083333333333
0 0.8352864583333334 0.396484375 0.014322916666666666 0.014322916666666666
0 0.388671875 0.9602864583333334 0.016927083333333332 0.01171875
0 0.4108072916666667 0.9830729166666666 0.016927083333333332 0.015625
0 0.5709635416666666 0.9388020833333334 0.06901041666666667 0.059895833333333336
0 0.9752604166666666 0.6901041666666666 0.033854166666666664 0.033854166666666664
0 0.859375 0.21158854166666666 0.06510416666666667 0.055989583333333336
0 0.9108072916666666 0.026041666666666668 0.016927083333333332 0.015625
0 0.8600260416666666 0.828125 0.17057291666666666 0.15104166666666666
0 0.9270833333333334 0.447265625 0.0859375 0.07421875
0 0.21419270833333334 0.9798177083333334 0.07682291666666667 0.040364583333333336