0 0.767578125 0.154296875 0.048177083333333336 0.048177083333333336
0 0.2766927083333333 0.14778645833333334 0.024739583333333332 0.022135416666666668
0 0.4440104166666667 0.30078125 0.020833333333333332 0.026041666666666668
0 0.11197916666666667 0.3483072916666667 0.13541666666666666 0.13671875
0 0.240234375 0.2923177083333333 0.06901041666666667 0.07682291666666667
0 0.33984375 0.3092447916666667 0.020833333333333332 0.01953125
0 0.3001302083333333 0.4694010416666667 0.01953125 0.024739583333333332
0 0.4524739583333333 0.16861979166666666 0.016927083333333332 0.01953125
0 0.494140625 0.15690104166666666 0.022135416666666668 0.01953125
0 0.4654947916666667 0.2584635416666667 0.016927083333333332 0.016927083333333332
0 0.865234375 0.3912760416666667 0.055989583333333336 0.040364583333333336
0 0.4453125 0.4427083333333333 0.08854166666666667 0.09114583333333333
0 0.6015625 0.6087239583333334 0.10677083333333333 0.09765625
0 0.5110677083333334 0.8743489583333334 0.016927083333333332 0.02734375
0 0.6256510416666666 0.916015625 0.05859375 0.05859375
0 0.7955729166666666 0.8997395833333334 0.020833333333333332 0.0234375
0 0.8802083333333334 0.5598958333333334 0.057291666666666664 0.052083333333333336
0 0.5625 0.010416666666666666 0.020833333333333332 0.018229166666666668
0 0.6328125 0.23177083333333334 0.0703125 0.07291666666666667
0 0.8411458333333334 0.15104166666666666 0.020833333333333332 0.0234375
0 0.23111979166666666 0.181640625 0.022135416666666668 0.01953125
0 0.9283854166666666 0.6744791666666666 0.026041666666666668 0.033854166666666664
0 0.8977864583333334 0.4407552083333333 0.022135416666666668 0.01953125
0 0.708984375 0.4895833333333333 0.20442708333333334 0.20833333333333334
0 0.521484375 0.9095052083333334 0.045572916666666664 0.048177083333333336
0 0.5735677083333334 0.974609375 0.01953125 0.022135416666666668
0 0.62890625 0.9641927083333334 0.026041666666666668 0.024739583333333332
0 0.4368489583333333 0.8802083333333334 0.01953125 0.0234375
0 0.3873697916666667 0.9869791666666666 0.016927083333333332 0.015625
0 0.11653645833333333 0.7421875 0.016927083333333332 0.013020833333333334
0 0.103515625 0.693359375 0.016927083333333332 0.01953125
0 0.06640625 0.6985677083333334 0.018229166666666668 0.014322916666666666
0 0.9348958333333334 0.4270833333333333 0.013020833333333334 0.018229166666666668
0 0.5384114583333334 0.11848958333333333 0.014322916666666666 0.015625
0 0.7825520833333334 0.026041666666666668 0.013020833333333334 0.013020833333333334
0 0.3489583333333333 0.05859375 0.013020833333333334 0.013020833333333334
0 0.7708333333333334 0.2584635416666667 0.015625 0.016927083333333332
0 0.4921875 0.31640625 0.013020833333333334 0.0078125
0 0.14322916666666666 0.16861979166666666 0.018229166666666668 0.016927083333333332
0 0.369140625 0.8463541666666666 0.01171875 0.013020833333333334
0 0.3131510416666667 0.8170572916666666 0.01953125 0.01953125
0 0.010416666666666666 0.6751302083333334 0.013020833333333334 0.016927083333333332
0 0.032552083333333336 0.5950520833333334 0.013020833333333334 0.013020833333333334
0 0.24283854166666666 0.6575520833333334 0.014322916666666666 0.013020833333333334
0 0.7584635416666666 0.8470052083333334 0.01171875 0.01171875
0 0.6321614583333334 0.8697916666666666 0.014322916666666666 0.010416666666666666
0 0.15625 0.873046875 0.015625 0.014322916666666666
0 0.13151041666666666 0.9524739583333334 0.013020833333333334 0.01171875
0 0.189453125 0.9876302083333334 0.12890625 0.024739583333333332
0 0.038411458333333336 0.6302083333333334 0.014322916666666666 0.013020833333333334
0 0.22395833333333334 0.12109375 0.015625 0.015625
0 0.037109375 0.22005208333333334 0.014322916666666666 0.013020833333333334