0 0.31640625 0.18684895833333334 0.020833333333333332 0.014322916666666666
0 0.5397135416666666 0.17057291666666666 0.07161458333333333 0.06510416666666667
0 0.3873697916666667 0.3977864583333333 0.02734375 0.032552083333333336
0 0.2747395833333333 0.4954427083333333 0.0234375 0.01953125
0 0.059244791666666664 0.22721354166666666 0.024739583333333332 0.022135416666666668
0 0.130859375 0.11002604166666667 0.022135416666666668 0.016927083333333332
0 0.20572916666666666 0.4817708333333333 0.0546875 0.0546875
0 0.17578125 0.6438802083333334 0.078125 0.06901041666666667
0 0.19205729166666666 0.609375 0.01953125 0.018229166666666668
0 0.17643229166666666 0.7141927083333334 0.01953125 0.016927083333333332
0 0.365234375 0.2825520833333333 0.20963541666666666 0.1796875
0 0.359375 0.4095052083333333 0.026041666666666668 0.024739583333333332
0 0.5104166666666666 0.322265625 0.015625 0.016927083333333332
0 0.517578125 0.3776041666666667 0.016927083333333332 0.018229166666666668
0 0.5208333333333334 0.5162760416666666 0.0390625 0.040364583333333336
0 0.8216145833333334 0.4596354166666667 0.0234375 0.026041666666666668
0 0.5944010416666666 0.7154947916666666 0.024739583333333332 0.022135416666666668
0 0.5052083333333334 0.8248697916666666 0.0234375 0.022135416666666668
0 0.21484375 0.9270833333333334 0.0234375 0.020833333333333332
0 0.6868489583333334 0.8541666666666666 0.01953125 0.020833333333333332
0 0.6315104166666666 0.9453125 0.026041666666666668 0.03125
0 0.7936197916666666 0.93359375 0.032552083333333336 0.028645833333333332
0 0.896484375 0.9244791666666666 0.048177083333333336 0.041666666666666664
0 0.7845052083333334 0.044921875 0.13671875 0.08203125
0 0.8001302083333334 0.546875 0.016927083333333332 0.018229166666666668
0 0.9733072916666666 0.8958333333333334 0.016927083333333332 0.020833333333333332
0 0.6731770833333334 0.9563802083333334 0.026041666666666668 0.022135416666666668
0 0.7799479166666666 0.240234375 0.015625 0.016927083333333332
0 0.52734375 0.053385416666666664 0.020833333333333332 0.020833333333333332
0 0.13736979166666666 0.06705729166666667 0.01953125 0.014322916666666666
0 0.13802083333333334 0.07942708333333333 0.015625 0.013020833333333334
0 0.13346354166666666 0.09244791666666667 0.01953125 0.015625
0 0.16341145833333334 0.10677083333333333 0.01953125 0.015625
0 0.19140625 0.12044270833333333 0.010416666666666666 0.009114583333333334
0 0.345703125 0.06510416666666667 0.01171875 0.013020833333333334
0 0.6725260416666666 0.2838541666666667 0.01171875 0.013020833333333334
0 0.13346354166666666 0.30859375 0.014322916666666666 0.013020833333333334
0 0.6100260416666666 0.6087239583333334 0.01953125 0.016927083333333332
0 0.6145833333333334 0.5794270833333334 0.018229166666666668 0.015625
0 0.7200520833333334 0.697265625 0.059895833333333336 0.055989583333333336
0 0.904296875 0.5677083333333334 0.01953125 0.015625
0 0.9153645833333334 0.388671875 0.015625 0.016927083333333332
0 0.7018229166666666 0.43359375 0.015625 0.015625
0 0.9713541666666666 0.008463541666666666 0.0234375 0.014322916666666666
0 0.9713541666666666 0.9798177083333334 0.015625 0.014322916666666666