0 0.16015625 0.2688802083333333 0.018229166666666668 0.01953125
0 0.470703125 0.26953125 0.022135416666666668 0.020833333333333332
0 0.8235677083333334 0.2552083333333333 0.01953125 0.026041666666666668
0 0.12630208333333334 0.8287760416666666 0.026041666666666668 0.01953125
0 0.19205729166666666 0.7877604166666666 0.01953125 0.0234375
0 0.3971354166666667 0.5123697916666666 0.026041666666666668 0.01953125
0 0.19596354166666666 0.8951822916666666 0.024739583333333332 0.016927083333333332
0 0.8040364583333334 0.5188802083333334 0.01953125 0.01953125
0 0.4361979166666667 0.654296875 0.020833333333333332 0.016927083333333332
0 0.7395833333333334 0.9251302083333334 0.018229166666666668 0.022135416666666668
0 0.90234375 0.7486979166666666 0.0078125 0.015625
0 0.7786458333333334 0.900390625 0.018229166666666668 0.014322916666666666
0 0.44921875 0.3795572916666667 0.10416666666666667 0.10286458333333333
0 0.1953125 0.330078125 0.013020833333333334 0.01171875
0 0.14322916666666666 0.6295572916666666 0.013020833333333334 0.01171875
0 0.509765625 0.65625 0.014322916666666666 0.015625
0 0.748046875 0.560546875 0.014322916666666666 0.014322916666666666
0 0.7311197916666666 0.6848958333333334 0.01171875 0.010416666666666666
0 0.8411458333333334 0.7734375 0.020833333333333332 0.018229166666666668
0 0.9453125 0.9498697916666666 0.015625 0.016927083333333332
0 0.8177083333333334 0.4192708333333333 0.013020833333333334 0.013020833333333334
0 0.396484375 0.486328125 0.014322916666666666 0.01171875