0 0.19791666666666666 0.22786458333333334 0.14322916666666666 0.15364583333333334
0 0.2604166666666667 0.3411458333333333 0.013020833333333334 0.013020833333333334
0 0.4134114583333333 0.3919270833333333 0.032552083333333336 0.0390625
0 0.697265625 0.11588541666666667 0.11588541666666667 0.109375
0 0.4479166666666667 0.4635416666666667 0.0703125 0.052083333333333336
0 0.6673177083333334 0.5319010416666666 0.045572916666666664 0.045572916666666664
0 0.7194010416666666 0.6393229166666666 0.032552083333333336 0.026041666666666668
0 0.4140625 0.7311197916666666 0.018229166666666668 0.01953125
0 0.224609375 0.6002604166666666 0.05859375 0.052083333333333336
0 0.4615885416666667 0.7766927083333334 0.01953125 0.024739583333333332
0 0.119140625 0.84765625 0.014322916666666666 0.013020833333333334
0 0.5045572916666666 0.8352864583333334 0.01953125 0.014322916666666666
0 0.5970052083333334 0.9798177083333334 0.01953125 0.016927083333333332
0 0.7174479166666666 0.8756510416666666 0.015625 0.016927083333333332
0 0.689453125 0.8938802083333334 0.01953125 0.014322916666666666
0 0.6640625 0.21484375 0.0390625 0.036458333333333336
0 0.7975260416666666 0.2747395833333333 0.032552083333333336 0.0390625
0 0.78515625 0.012369791666666666 0.020833333333333332 0.01953125
0 0.7845052083333334 0.4153645833333333 0.08203125 0.07552083333333333
0 0.7259114583333334 0.3828125 0.01953125 0.020833333333333332
0 0.9720052083333334 0.4739583333333333 0.02734375 0.03125
0 0.615234375 0.5813802083333334 0.01953125 0.024739583333333332
0 0.8307291666666666 0.3678385416666667 0.03125 0.029947916666666668
0 0.8782552083333334 0.525390625 0.01953125 0.01953125
0 0.3841145833333333 0.14518229166666666 0.013020833333333334 0.014322916666666666
0 0.4850260416666667 0.306640625 0.01953125 0.016927083333333332
0 0.5807291666666666 0.5696614583333334 0.015625 0.016927083333333332
0 0.9290364583333334 0.2877604166666667 0.016927083333333332 0.013020833333333334
0 0.8528645833333334 0.3268229166666667 0.013020833333333334 0.013020833333333334
0 0.908203125 0.45703125 0.01953125 0.013020833333333334
0 0.931640625 0.022135416666666668 0.014322916666666666 0.013020833333333334
0 0.7486979166666666 0.671875 0.013020833333333334 0.013020833333333334
0 0.8287760416666666 0.7428385416666666 0.05078125 0.04296875
0 0.6686197916666666 0.7369791666666666 0.016927083333333332 0.013020833333333334
0 0.54296875 0.755859375 0.015625 0.01171875
0 0.392578125 0.8489583333333334 0.016927083333333332 0.013020833333333334
0 0.61328125 0.3919270833333333 0.013020833333333334 0.015625
0 0.8177083333333334 0.7330729166666666 0.013020833333333334 0.013020833333333334