0 0.09440104166666667 0.22721354166666666 0.028645833333333332 0.02734375
0 0.8763020833333334 0.6041666666666666 0.03515625 0.0390625
0 0.3268229166666667 0.125 0.029947916666666668 0.029947916666666668
0 0.7233072916666666 0.23828125 0.037760416666666664 0.040364583333333336
0 0.92578125 0.443359375 0.037760416666666664 0.040364583333333336
0 0.7337239583333334 0.8313802083333334 0.033854166666666664 0.033854166666666664
0 0.06315104166666667 0.1875 0.036458333333333336 0.036458333333333336
0 0.990234375 0.6529947916666666 0.01953125 0.040364583333333336
0 0.89453125 0.35546875 0.041666666666666664 0.045572916666666664
0 0.6321614583333334 0.10091145833333333 0.040364583333333336 0.044270833333333336
0 0.6087239583333334 0.232421875 0.032552083333333336 0.032552083333333336
0 0.052083333333333336 0.0625 0.03125 0.029947916666666668
0 0.5904947916666666 0.08528645833333333 0.032552083333333336 0.032552083333333336
0 0.8587239583333334 0.7018229166666666 0.045572916666666664 0.049479166666666664
0 0.009765625 0.5514322916666666 0.01953125 0.053385416666666664
0 0.4290364583333333 0.057942708333333336 0.055989583333333336 0.053385416666666664
0 0.6595052083333334 0.7591145833333334 0.040364583333333336 0.03515625
0 0.4329427083333333 0.9401041666666666 0.022135416666666668 0.020833333333333332
0 0.6783854166666666 0.8802083333333334 0.052083333333333336 0.053385416666666664
0 0.016276041666666668 0.018880208333333332 0.032552083333333336 0.037760416666666664
0 0.8079427083333334 0.4596354166666667 0.05078125 0.0546875
0 0.3391927083333333 0.9596354166666666 0.022135416666666668 0.026041666666666668
0 0.15364583333333334 0.9739583333333334 0.06510416666666667 0.052083333333333336