0 0.2936197916666667 0.1015625 0.024739583333333332 0.018229166666666668
0 0.0703125 0.4713541666666667 0.0234375 0.0234375
0 0.3834635416666667 0.46484375 0.061197916666666664 0.052083333333333336
0 0.19140625 0.4850260416666667 0.028645833333333332 0.024739583333333332
0 0.095703125 0.18684895833333334 0.029947916666666668 0.02734375
0 0.035807291666666664 0.22005208333333334 0.022135416666666668 0.020833333333333332
0 0.4921875 0.337890625 0.033854166666666664 0.029947916666666668
0 0.58203125 0.49609375 0.0234375 0.0234375
0 0.4303385416666667 0.427734375 0.024739583333333332 0.024739583333333332
0 0.055338541666666664 0.7311197916666666 0.032552083333333336 0.029947916666666668
0 0.07877604166666667 0.76171875 0.022135416666666668 0.018229166666666668
0 0.19921875 0.5865885416666666 0.028645833333333332 0.02734375
0 0.37109375 0.072265625 0.018229166666666668 0.01953125
0 0.6712239583333334 0.025390625 0.029947916666666668 0.032552083333333336
0 0.7923177083333334 0.10026041666666667 0.08203125 0.06770833333333333
0 0.8424479166666666 0.44921875 0.03125 0.03125
0 0.9303385416666666 0.4459635416666667 0.037760416666666664 0.03515625
0 0.7662760416666666 0.62890625 0.01953125 0.020833333333333332
0 0.83984375 0.7272135416666666 0.026041666666666668 0.024739583333333332
0 0.07486979166666667 0.6145833333333334 0.12369791666666667 0.140625
0 0.3483072916666667 0.7916666666666666 0.3450520833333333 0.3385416666666667
0 0.8053385416666666 0.79296875 0.01953125 0.020833333333333332
0 0.728515625 0.7610677083333334 0.016927083333333332 0.01953125
0 0.4778645833333333 0.162109375 0.018229166666666668 0.016927083333333332
0 0.24674479166666666 0.17317708333333334 0.01953125 0.018229166666666668
0 0.24479166666666666 0.018880208333333332 0.018229166666666668 0.016927083333333332
0 0.18489583333333334 0.10416666666666667 0.020833333333333332 0.020833333333333332
0 0.11067708333333333 0.8489583333333334 0.03125 0.028645833333333332
0 0.5403645833333334 0.490234375 0.018229166666666668 0.016927083333333332
0 0.6927083333333334 0.23567708333333334 0.13020833333333334 0.109375
0 0.7897135416666666 0.8756510416666666 0.016927083333333332 0.016927083333333332
0 0.9322916666666666 0.853515625 0.12760416666666666 0.24088541666666666
0 0.2669270833333333 0.012369791666666666 0.015625 0.016927083333333332
0 0.3255208333333333 0.12630208333333334 0.078125 0.06770833333333333
0 0.3678385416666667 0.19921875 0.07161458333333333 0.06510416666666667
0 0.6223958333333334 0.330078125 0.0703125 0.07682291666666667
0 0.09375 0.038411458333333336 0.08072916666666667 0.07421875
0 0.30859375 0.027994791666666668 0.018229166666666668 0.014322916666666666
0 0.4856770833333333 0.4153645833333333 0.015625 0.013020833333333334
0 0.24544270833333334 0.8873697916666666 0.045572916666666664 0.037760416666666664
0 0.2669270833333333 0.6373697916666666 0.018229166666666668 0.014322916666666666
0 0.9908854166666666 0.6022135416666666 0.018229166666666668 0.02734375
0 0.9524739583333334 0.5104166666666666 0.09505208333333333 0.1171875
0 0.9876302083333334 0.19921875 0.024739583333333332 0.03125
0 0.9485677083333334 0.18229166666666666 0.04296875 0.052083333333333336
0 0.9049479166666666 0.3248697916666667 0.018229166666666668 0.01953125