0 0.6490885416666666 0.7434895833333334 0.11328125 0.0859375
0 0.057942708333333336 0.85546875 0.032552083333333336 0.0234375
0 0.7649739583333334 0.6751302083333334 0.032552083333333336 0.037760416666666664
0 0.8352864583333334 0.8997395833333334 0.05078125 0.052083333333333336
0 0.9837239583333334 0.57421875 0.014322916666666666 0.026041666666666668
0 0.5247395833333334 0.7623697916666666 0.020833333333333332 0.01953125
0 0.3515625 0.7819010416666666 0.013020833333333334 0.01953125
0 0.7643229166666666 0.8014322916666666 0.018229166666666668 0.01953125
0 0.3815104166666667 0.8802083333333334 0.018229166666666668 0.018229166666666668
0 0.6555989583333334 0.830078125 0.01953125 0.016927083333333332
0 0.884765625 0.6197916666666666 0.02734375 0.028645833333333332
0 0.6692708333333334 0.6484375 0.015625 0.015625
0 0.4270833333333333 0.7395833333333334 0.015625 0.015625
0 0.17643229166666666 0.9348958333333334 0.016927083333333332 0.015625
0 0.06640625 0.9303385416666666 0.018229166666666668 0.014322916666666666