0 0.8463541666666666 0.07552083333333333 0.0390625 0.0390625
0 0.4967447916666667 0.171875 0.024739583333333332 0.0234375
0 0.037109375 0.6966145833333334 0.022135416666666668 0.0234375
0 0.21875 0.716796875 0.046875 0.045572916666666664
0 0.3157552083333333 0.8502604166666666 0.01953125 0.026041666666666668
0 0.2734375 0.8567708333333334 0.026041666666666668 0.026041666666666668
0 0.4596354166666667 0.8893229166666666 0.03125 0.026041666666666668
0 0.521484375 0.9108072916666666 0.024739583333333332 0.022135416666666668
0 0.4817708333333333 0.7565104166666666 0.026041666666666668 0.018229166666666668
0 0.7513020833333334 0.6549479166666666 0.026041666666666668 0.026041666666666668
0 0.83984375 0.6145833333333334 0.052083333333333336 0.049479166666666664
0 0.6569010416666666 0.5234375 0.01953125 0.015625
0 0.56640625 0.6751302083333334 0.013020833333333334 0.014322916666666666
0 0.3821614583333333 0.6907552083333334 0.022135416666666668 0.01953125
0 0.21809895833333334 0.7565104166666666 0.032552083333333336 0.03125
0 0.6484375 0.21614583333333334 0.03125 0.018229166666666668
0 0.888671875 0.853515625 0.032552083333333336 0.032552083333333336
0 0.607421875 0.8359375 0.024739583333333332 0.0234375
0 0.8118489583333334 0.3177083333333333 0.029947916666666668 0.026041666666666668
0 0.8235677083333334 0.11328125 0.032552083333333336 0.015625
0 0.9283854166666666 0.54296875 0.07291666666666667 0.06770833333333333
0 0.9446614583333334 0.4654947916666667 0.014322916666666666 0.022135416666666668
0 0.3333333333333333 0.443359375 0.015625 0.01953125
0 0.14778645833333334 0.08723958333333333 0.01953125 0.0234375
0 0.3111979166666667 0.208984375 0.020833333333333332 0.01953125
0 0.4622395833333333 0.12109375 0.013020833333333334 0.013020833333333334
0 0.498046875 0.201171875 0.01953125 0.016927083333333332
0 0.8580729166666666 0.8352864583333334 0.018229166666666668 0.01953125
0 0.9576822916666666 0.8430989583333334 0.016927083333333332 0.016927083333333332
0 0.9928385416666666 0.712890625 0.014322916666666666 0.01953125
0 0.96875 0.2649739583333333 0.015625 0.016927083333333332
0 0.9049479166666666 0.0234375 0.057291666666666664 0.044270833333333336