0 0.2743234634399414 0.9336214065551758 0.03304056326548258 0.03191908200581869
0 0.40752092997233075 0.5885502497355143 0.03105640411376953 0.033946375052134194
0 0.994140625 0.84765625 0.01171875 0.028645833333333332
0 0.9554939270019531 0.9308608373006185 0.02680771549542745 0.026721447706222534
0 0.37890625 0.9934895833333334 0.036458333333333336 0.013020833333333334
0 0.23360506693522134 0.850804328918457 0.0263979434967041 0.027239054441452026
0 0.9016628265380859 0.6644659042358398 0.04727474848429362 0.04410440723101298
0 0.5565916697184244 0.7362407048543295 0.03513255715370178 0.035283525784810386
0 0.8423105875651041 0.02970751126607259 0.03202691674232483 0.033169964949289955
0 0.046576499938964844 0.0600737730662028 0.03899304072062174 0.038259764512379967
0 0.7884794871012369 0.6127052307128906 0.03166027863820394 0.03265235821406046
0 0.18359375 0.0078125 0.033854166666666664 0.015625
0 0.4717041651407878 0.8542550404866537 0.04037332534790039 0.03974788387616476
0 0.45307032267252606 0.12028868993123372 0.04114973545074463 0.044772982597351074
0 0.11006959279378255 0.03246808052062988 0.030236860116322834 0.030236860116322834
0 0.5303662618001302 0.44362036387125653 0.03166027863820394 0.03202691674232483
0 0.7109375 0.009765625 0.044270833333333336 0.01953125
0 0.5814367930094401 0.05317234992980957 0.031789680322011314 0.032781759897867836
0 0.9582544962565104 0.05092938741048177 0.04969024658203125 0.04874130090077718
0 0.2694924672444661 0.03453850746154785 0.03554232915242513 0.03638344009717306
0 0.2860558827718099 0.6340996424357096 0.048353095849355064 0.04986278216044108
0 0.011067708333333334 0.751953125 0.022135416666666668 0.032552083333333336
0 0.9869791666666666 0.193359375 0.026041666666666668 0.02734375
0 0.98828125 0.9921875 0.0234375 0.015625
0 0.7360286712646484 0.29040877024332684 0.04442791144053141 0.05210574467976888
0 0.4231770833333333 0.9856770833333334 0.041666666666666664 0.028645833333333332
0 0.3295348485310872 0.6906913121541342 0.0297623872756958 0.029546717802683514
0 0.5690142313639323 0.39323997497558594 0.03722455104192098 0.040222356716791786
0 0.8174654642740885 0.31007782618204754 0.04326329628626505 0.04393187165260315
0 0.7042821248372396 0.6320292154947916 0.05046665668487549 0.04986278216044108
0 0.9223670959472656 0.5105641682942709 0.04261628786722819 0.039898852507273354
0 0.0693511962890625 0.5540431340535482 0.0502509872118632 0.053529163201649986
0 0.20875994364420572 0.20517619450887045 0.02549213171005249 0.02490982413291931
0 0.5096619923909506 0.7838605244954427 0.02885657548904419 0.031293640534083046
0 0.11352030436197917 0.5485219955444336 0.02754099170366923 0.029093811909357708
0 0.24947834014892578 0.2234649658203125 0.02999962369600932 0.029309481382369995
0 0.3516194025675456 0.05662306149800619 0.0491295059521993 0.0491295059521993
0 0.32884470621744794 0.5029726028442383 0.028188000122706097 0.027972330649693806
0 0.8630148569742838 0.1910282770792643 0.04761981964111328 0.043112327655156456
0 0.2508586247762044 0.15514087677001953 0.08143679300944011 0.08022904396057129
0 0.8395500183105469 0.8639170328776041 0.06521844863891602 0.060732523600260414
0 0.3198728561401367 0.07611958185831706 0.038410733143488564 0.0419477125008901
0 0.109375 0.9739583333333334 0.0625 0.052083333333333336
0 0.6808172861735026 0.7079448699951172 0.07479417324066162 0.08669912815093994
0 0.052734375 0.853515625 0.10546875 0.15494791666666666
0 0.4972394307454427 0.26452843348185223 0.10084704558054607 0.1296604871749878
0 0.1777035395304362 0.3352680206298828 0.1790919303894043 0.18167996406555176