0 0.2578125 0.3248697916666667 0.026041666666666668 0.032552083333333336
0 0.2682291666666667 0.3743489583333333 0.03125 0.029947916666666668
0 0.70703125 0.5403645833333334 0.026041666666666668 0.026041666666666668
0 0.8990885416666666 0.8274739583333334 0.17578125 0.20963541666666666
0 0.912109375 0.8216145833333334 0.045572916666666664 0.0546875
0 0.18294270833333334 0.9440104166666666 0.032552083333333336 0.026041666666666668
0 0.12434895833333333 0.9739583333333334 0.01953125 0.020833333333333332
0 0.19270833333333334 0.5345052083333334 0.013020833333333334 0.01171875
0 0.19401041666666666 0.580078125 0.013020833333333334 0.014322916666666666
0 0.059895833333333336 0.7955729166666666 0.020833333333333332 0.015625
0 0.19270833333333334 0.6458333333333334 0.013020833333333334 0.010416666666666666
0 0.6458333333333334 0.7454427083333334 0.020833333333333332 0.032552083333333336
0 0.7252604166666666 0.6848958333333334 0.015625 0.015625
0 0.70703125 0.9733072916666666 0.0390625 0.032552083333333336
0 0.12890625 0.6881510416666666 0.013020833333333334 0.016927083333333332
0 0.9348958333333334 0.4348958333333333 0.013020833333333334 0.018229166666666668
0 0.671875 0.3678385416666667 0.020833333333333332 0.01953125
0 0.6471354166666666 0.3795572916666667 0.015625 0.016927083333333332
0 0.880859375 0.986328125 0.07682291666666667 0.02734375
0 0.19010416666666666 0.84375 0.018229166666666668 0.018229166666666668
0 0.2981770833333333 0.8177083333333334 0.015625 0.015625