0 0.21614583333333334 0.478515625 0.028645833333333332 0.029947916666666668
0 0.23893229166666666 0.8561197916666666 0.061197916666666664 0.07161458333333333
0 0.421875 0.68359375 0.018229166666666668 0.018229166666666668
0 0.25390625 0.7408854166666666 0.026041666666666668 0.026041666666666668
0 0.05859375 0.693359375 0.013020833333333334 0.01953125
0 0.022786458333333332 0.7063802083333334 0.01953125 0.01953125
0 0.15299479166666666 0.76171875 0.01953125 0.013020833333333334
0 0.059244791666666664 0.6471354166666666 0.024739583333333332 0.020833333333333332
0 0.11458333333333333 0.5221354166666666 0.020833333333333332 0.020833333333333332
0 0.08658854166666667 0.986328125 0.024739583333333332 0.016927083333333332
0 0.22591145833333334 0.9348958333333334 0.022135416666666668 0.018229166666666668
0 0.6888020833333334 0.2649739583333333 0.044270833333333336 0.048177083333333336
0 0.8125 0.259765625 0.033854166666666664 0.02734375
0 0.026692708333333332 0.962890625 0.014322916666666666 0.014322916666666666
0 0.94921875 0.5631510416666666 0.018229166666666668 0.01953125
0 0.9375 0.73828125 0.1171875 0.17447916666666666
0 0.5983072916666666 0.5240885416666666 0.022135416666666668 0.022135416666666668
0 0.13020833333333334 0.5234375 0.018229166666666668 0.0234375