0 0.5436197916666666 0.3815104166666667 0.045572916666666664 0.052083333333333336
0 0.17708333333333334 0.0859375 0.018229166666666668 0.015625
0 0.2740885416666667 0.087890625 0.016927083333333332 0.014322916666666666
0 0.22526041666666666 0.13997395833333334 0.028645833333333332 0.02734375
0 0.7584635416666666 0.091796875 0.05859375 0.05859375
0 0.09765625 0.3072916666666667 0.10416666666666667 0.09895833333333333
0 0.06510416666666667 0.4967447916666667 0.0234375 0.022135416666666668
0 0.061848958333333336 0.6627604166666666 0.01953125 0.020833333333333332
0 0.78125 0.4798177083333333 0.06510416666666667 0.053385416666666664
0 0.22526041666666666 0.8125 0.033854166666666664 0.033854166666666664
0 0.3040364583333333 0.8561197916666666 0.022135416666666668 0.024739583333333332
0 0.25390625 0.9290364583333334 0.033854166666666664 0.03515625
0 0.08919270833333333 0.5364583333333334 0.01171875 0.015625
0 0.4361979166666667 0.74609375 0.18229166666666666 0.16927083333333334
0 0.5091145833333334 0.6263020833333334 0.015625 0.018229166666666668
0 0.810546875 0.66015625 0.01953125 0.0234375
0 0.23502604166666666 0.384765625 0.016927083333333332 0.01953125
0 0.4375 0.359375 0.020833333333333332 0.018229166666666668
0 0.7467447916666666 0.22721354166666666 0.14713541666666666 0.15234375
0 0.5234375 0.93359375 0.036458333333333336 0.036458333333333336
0 0.4524739583333333 0.9765625 0.032552083333333336 0.033854166666666664
0 0.7936197916666666 0.798828125 0.048177083333333336 0.045572916666666664
0 0.9049479166666666 0.8365885416666666 0.0390625 0.048177083333333336
0 0.8756510416666666 0.8587239583333334 0.022135416666666668 0.016927083333333332
0 0.8958333333333334 0.8854166666666666 0.020833333333333332 0.020833333333333332
0 0.8587239583333334 0.5149739583333334 0.024739583333333332 0.02734375
0 0.830078125 0.12825520833333334 0.016927083333333332 0.01953125
0 0.9231770833333334 0.3645833333333333 0.015625 0.018229166666666668
0 0.9055989583333334 0.23697916666666666 0.014322916666666666 0.015625
0 0.501953125 0.4615885416666667 0.014322916666666666 0.014322916666666666
0 0.9459635416666666 0.3346354166666667 0.014322916666666666 0.015625
0 0.875 0.4244791666666667 0.013020833333333334 0.018229166666666668
0 0.10872395833333333 0.5423177083333334 0.01171875 0.01171875
0 0.599609375 0.8372395833333334 0.016927083333333332 0.015625
0 0.748046875 0.15690104166666666 0.016927083333333332 0.014322916666666666
0 0.8463541666666666 0.318359375 0.015625 0.014322916666666666
0 0.896484375 0.2662760416666667 0.01171875 0.014322916666666666
0 0.9563802083333334 0.2747395833333333 0.01171875 0.0078125
0 0.9127604166666666 0.020833333333333332 0.013020833333333334 0.013020833333333334
0 0.556640625 0.93359375 0.016927083333333332 0.015625