0 0.20377604166666666 0.9381510416666666 0.053385416666666664 0.045572916666666664
0 0.1484375 0.599609375 0.018229166666666668 0.032552083333333336
0 0.5390625 0.53125 0.0859375 0.09114583333333333
0 0.724609375 0.833984375 0.024739583333333332 0.01953125
0 0.857421875 0.7662760416666666 0.024739583333333332 0.022135416666666668
0 0.8483072916666666 0.6100260416666666 0.024739583333333332 0.024739583333333332
0 0.9440104166666666 0.7272135416666666 0.0234375 0.02734375
0 0.9680989583333334 0.7161458333333334 0.01953125 0.020833333333333332
0 0.9244791666666666 0.2701822916666667 0.041666666666666664 0.040364583333333336
0 0.9498697916666666 0.357421875 0.016927083333333332 0.016927083333333332
0 0.900390625 0.19010416666666666 0.01953125 0.020833333333333332
0 0.5970052083333334 0.08528645833333333 0.07161458333333333 0.07161458333333333
0 0.2623697916666667 0.026041666666666668 0.053385416666666664 0.044270833333333336
0 0.244140625 0.4166666666666667 0.016927083333333332 0.018229166666666668
0 0.33984375 0.90234375 0.013020833333333334 0.013020833333333334
0 0.677734375 0.453125 0.016927083333333332 0.013020833333333334
0 0.3815104166666667 0.8815104166666666 0.015625 0.015625
0 0.7356770833333334 0.419921875 0.010416666666666666 0.014322916666666666
0 0.8333333333333334 0.6471354166666666 0.020833333333333332 0.015625
0 0.322265625 0.11002604166666667 0.016927083333333332 0.016927083333333332
0 0.953125 0.8834635416666666 0.015625 0.01171875
0 0.6360677083333334 0.3587239583333333 0.01953125 0.01953125
0 0.044270833333333336 0.064453125 0.018229166666666668 0.016927083333333332
0 0.16145833333333334 0.041015625 0.018229166666666668 0.01171875
0 0.9427083333333334 0.9661458333333334 0.018229166666666668 0.013020833333333334
0 0.673828125 0.306640625 0.016927083333333332 0.01953125
0 0.6438802083333334 0.16796875 0.01171875 0.013020833333333334
0 0.4498697916666667 0.21028645833333334 0.01171875 0.01171875
0 0.4661458333333333 0.19010416666666666 0.015625 0.015625
0 0.42578125 0.23307291666666666 0.010416666666666666 0.013020833333333334
0 0.7623697916666666 0.7115885416666666 0.014322916666666666 0.01171875
0 0.689453125 0.84765625 0.01171875 0.010416666666666666