0 0.3860677083333333 0.2532552083333333 0.036458333333333336 0.037760416666666664
0 0.17903645833333334 0.6438802083333334 0.05078125 0.049479166666666664
0 0.2779947916666667 0.7864583333333334 0.045572916666666664 0.040364583333333336
0 0.07421875 0.8307291666666666 0.05859375 0.055989583333333336
0 0.3229166666666667 0.171875 0.032552083333333336 0.03515625
0 0.8528645833333334 0.4765625 0.037760416666666664 0.036458333333333336
0 0.13802083333333334 0.9088541666666666 0.033854166666666664 0.037760416666666664
0 0.5481770833333334 0.3411458333333333 0.036458333333333336 0.036458333333333336
0 0.4075520833333333 0.3274739583333333 0.029947916666666668 0.032552083333333336
0 0.7740885416666666 0.01171875 0.03515625 0.0234375
0 0.19075520833333334 0.453125 0.0390625 0.036458333333333336
0 0.3743489583333333 0.8606770833333334 0.04296875 0.04296875
0 0.21028645833333334 0.009765625 0.08463541666666667 0.01953125
0 0.9869791666666666 0.7356770833333334 0.026041666666666668 0.052083333333333336
0 0.2819010416666667 0.4244791666666667 0.049479166666666664 0.048177083333333336
0 0.6380208333333334 0.5305989583333334 0.0546875 0.055989583333333336
0 0.5065104166666666 0.21875 0.03515625 0.03515625
0 0.5423177083333334 0.2532552083333333 0.029947916666666668 0.028645833333333332
0 0.9772135416666666 0.0078125 0.037760416666666664 0.015625
0 0.5826822916666666 0.6100260416666666 0.055989583333333336 0.05078125
0 0.591796875 0.142578125 0.09505208333333333 0.08463541666666667
0 0.9817708333333334 0.4290364583333333 0.036458333333333336 0.04296875
0 0.8365885416666666 0.4134114583333333 0.036458333333333336 0.036458333333333336
0 0.30859375 0.8893229166666666 0.048177083333333336 0.053385416666666664
0 0.826171875 0.005859375 0.05078125 0.01171875
0 0.23893229166666666 0.9733072916666666 0.20182291666666666 0.053385416666666664
0 0.6809895833333334 0.22721354166666666 0.07291666666666667 0.06640625
0 0.51171875 0.9889322916666666 0.033854166666666664 0.022135416666666668
0 0.626953125 0.501953125 0.059895833333333336 0.055989583333333336
0 0.7825520833333334 0.787109375 0.32421875 0.2942708333333333