0 0.7936197916666666 0.5546875 0.016927083333333332 0.015625
0 0.7740885416666666 0.7526041666666666 0.08463541666666667 0.0859375
0 0.9850260416666666 0.7161458333333334 0.02734375 0.046875
0 0.9264322916666666 0.7115885416666666 0.07421875 0.07421875
0 0.2734375 0.7408854166666666 0.026041666666666668 0.028645833333333332
0 0.24609375 0.4596354166666667 0.0234375 0.0234375
0 0.07291666666666667 0.06770833333333333 0.013020833333333334 0.018229166666666668
0 0.6966145833333334 0.6178385416666666 0.013020833333333334 0.01171875
0 0.59375 0.4713541666666667 0.020833333333333332 0.020833333333333332
0 0.380859375 0.9733072916666666 0.02734375 0.02734375
0 0.033203125 0.9401041666666666 0.032552083333333336 0.033854166666666664
0 0.7923177083333334 0.2649739583333333 0.014322916666666666 0.01171875
0 0.056640625 0.6204427083333334 0.016927083333333332 0.016927083333333332
0 0.037109375 0.6002604166666666 0.014322916666666666 0.015625
0 0.4576822916666667 0.08203125 0.016927083333333332 0.015625
0 0.9440104166666666 0.8203125 0.013020833333333334 0.013020833333333334
0 0.58203125 0.7467447916666666 0.013020833333333334 0.01171875
0 0.4889322916666667 0.77734375 0.014322916666666666 0.013020833333333334
0 0.5279947916666666 0.3990885416666667 0.016927083333333332 0.01953125
0 0.23697916666666666 0.65234375 0.013020833333333334 0.010416666666666666
0 0.6197916666666666 0.4850260416666667 0.028645833333333332 0.029947916666666668
0 0.4967447916666667 0.5690104166666666 0.06380208333333333 0.06510416666666667
0 0.8248697916666666 0.8053385416666666 0.01953125 0.014322916666666666
0 0.900390625 0.8404947916666666 0.01171875 0.01171875