0 0.763671875 0.8489583333333334 0.053385416666666664 0.0390625
0 0.7578125 0.8834635416666666 0.026041666666666668 0.016927083333333332
0 0.2884114583333333 0.8893229166666666 0.024739583333333332 0.020833333333333332
0 0.080078125 0.5188802083333334 0.01953125 0.022135416666666668
0 0.4576822916666667 0.032552083333333336 0.024739583333333332 0.026041666666666668
0 0.8138020833333334 0.3854166666666667 0.03125 0.028645833333333332
0 0.4127604166666667 0.5904947916666666 0.013020833333333334 0.016927083333333332
0 0.77734375 0.06705729166666667 0.013020833333333334 0.014322916666666666
0 0.8014322916666666 0.126953125 0.009114583333333334 0.009114583333333334
0 0.9654947916666666 0.978515625 0.014322916666666666 0.01171875
0 0.3990885416666667 0.27734375 0.014322916666666666 0.010416666666666666
0 0.6067708333333334 0.3932291666666667 0.013020833333333334 0.013020833333333334
0 0.068359375 0.271484375 0.01171875 0.01171875