0 0.7467447916666666 0.3860677083333333 0.037760416666666664 0.036458333333333336
0 0.3561197916666667 0.17903645833333334 0.049479166666666664 0.05078125
0 0.21354166666666666 0.2779947916666667 0.040364583333333336 0.045572916666666664
0 0.16927083333333334 0.07421875 0.055989583333333336 0.05859375
0 0.828125 0.3229166666666667 0.03515625 0.032552083333333336
0 0.5234375 0.8528645833333334 0.036458333333333336 0.037760416666666664
0 0.09114583333333333 0.13802083333333334 0.037760416666666664 0.033854166666666664
0 0.6588541666666666 0.5481770833333334 0.036458333333333336 0.036458333333333336
0 0.6725260416666666 0.4075520833333333 0.032552083333333336 0.029947916666666668
0 0.98828125 0.7740885416666666 0.0234375 0.03515625
0 0.546875 0.19075520833333334 0.036458333333333336 0.0390625
0 0.13932291666666666 0.3743489583333333 0.04296875 0.04296875
0 0.990234375 0.21028645833333334 0.01953125 0.08463541666666667
0 0.2643229166666667 0.9869791666666666 0.052083333333333336 0.026041666666666668
0 0.5755208333333334 0.2819010416666667 0.048177083333333336 0.049479166666666664
0 0.4694010416666667 0.6380208333333334 0.055989583333333336 0.0546875
0 0.78125 0.5065104166666666 0.03515625 0.03515625
0 0.7467447916666666 0.5423177083333334 0.028645833333333332 0.029947916666666668
0 0.9921875 0.9772135416666666 0.015625 0.037760416666666664
0 0.3899739583333333 0.5826822916666666 0.05078125 0.055989583333333336
0 0.857421875 0.591796875 0.08463541666666667 0.09505208333333333
0 0.5709635416666666 0.9817708333333334 0.04296875 0.036458333333333336
0 0.5865885416666666 0.8365885416666666 0.036458333333333336 0.036458333333333336
0 0.11067708333333333 0.30859375 0.053385416666666664 0.048177083333333336
0 0.994140625 0.826171875 0.01171875 0.05078125
0 0.026692708333333332 0.23893229166666666 0.053385416666666664 0.20182291666666666
0 0.7727864583333334 0.6809895833333334 0.06640625 0.07291666666666667
0 0.011067708333333334 0.51171875 0.022135416666666668 0.033854166666666664
0 0.498046875 0.626953125 0.055989583333333336 0.059895833333333336
0 0.212890625 0.7825520833333334 0.2942708333333333 0.32421875