0 0.52734375 0.15364583333333334 0.052083333333333336 0.0390625
0 0.18033854166666666 0.5455729166666666 0.022135416666666668 0.026041666666666668
0 0.224609375 0.3912760416666667 0.01953125 0.01953125
0 0.2877604166666667 0.4322916666666667 0.078125 0.09375
0 0.11393229166666667 0.4720052083333333 0.01953125 0.022135416666666668
0 0.13997395833333334 0.2532552083333333 0.045572916666666664 0.03515625
0 0.21809895833333334 0.2552083333333333 0.01953125 0.018229166666666668
0 0.0390625 0.5052083333333334 0.026041666666666668 0.026041666666666668
0 0.07877604166666667 0.541015625 0.014322916666666666 0.01953125
0 0.1015625 0.7955729166666666 0.125 0.1171875
0 0.13541666666666666 0.66796875 0.018229166666666668 0.013020833333333334
0 0.3450520833333333 0.6484375 0.026041666666666668 0.013020833333333334
0 0.5143229166666666 0.5436197916666666 0.15625 0.14713541666666666
0 0.595703125 0.4368489583333333 0.01953125 0.01953125
0 0.724609375 0.5299479166666666 0.06640625 0.0625
0 0.7975260416666666 0.451171875 0.032552083333333336 0.032552083333333336
0 0.9674479166666666 0.228515625 0.020833333333333332 0.01953125
0 0.5338541666666666 0.038411458333333336 0.026041666666666668 0.022135416666666668
0 0.4140625 0.09375 0.020833333333333332 0.0234375
0 0.3587239583333333 0.09895833333333333 0.15755208333333334 0.17447916666666666
0 0.20833333333333334 0.033854166666666664 0.026041666666666668 0.03125
0 0.6321614583333334 0.2897135416666667 0.02734375 0.022135416666666668
0 0.6979166666666666 0.13932291666666666 0.015625 0.015625
0 0.833984375 0.052734375 0.10546875 0.09765625
0 0.8951822916666666 0.10546875 0.01953125 0.03125
0 0.7584635416666666 0.4147135416666667 0.01953125 0.01953125
0 0.23763020833333334 0.8411458333333334 0.032552083333333336 0.020833333333333332
0 0.3326822916666667 0.7018229166666666 0.014322916666666666 0.013020833333333334
0 0.16341145833333334 0.8606770833333334 0.02734375 0.03125
0 0.14778645833333334 0.93359375 0.016927083333333332 0.0234375
0 0.2506510416666667 0.95703125 0.01953125 0.015625
0 0.5807291666666666 0.7623697916666666 0.036458333333333336 0.032552083333333336
0 0.4947916666666667 0.8424479166666666 0.0390625 0.028645833333333332
0 0.427734375 0.9479166666666666 0.045572916666666664 0.0390625
0 0.8352864583333334 0.7565104166666666 0.040364583333333336 0.044270833333333336
0 0.7552083333333334 0.677734375 0.013020833333333334 0.01953125
0 0.8216145833333334 0.8372395833333334 0.028645833333333332 0.026041666666666668
0 0.8040364583333334 0.9212239583333334 0.01953125 0.016927083333333332
0 0.126953125 0.4466145833333333 0.01953125 0.013020833333333334
0 0.6256510416666666 0.728515625 0.014322916666666666 0.022135416666666668