0 0.466796875 0.17513020833333334 0.01953125 0.01953125
0 0.03515625 0.19075520833333334 0.026041666666666668 0.029947916666666668
0 0.10677083333333333 0.8203125 0.0390625 0.0390625
0 0.8391927083333334 0.75 0.032552083333333336 0.036458333333333336
0 0.7747395833333334 0.8079427083333334 0.015625 0.014322916666666666
0 0.3587239583333333 0.013020833333333334 0.016927083333333332 0.013020833333333334
0 0.9680989583333334 0.9029947916666666 0.01953125 0.009114583333333334
0 0.8157552083333334 0.47265625 0.024739583333333332 0.018229166666666668
0 0.53125 0.9016927083333334 0.015625 0.014322916666666666
0 0.23697916666666666 0.8860677083333334 0.015625 0.01171875
0 0.17447916666666666 0.8548177083333334 0.013020833333333334 0.014322916666666666
0 0.14713541666666666 0.7161458333333334 0.015625 0.015625
0 0.71875 0.11197916666666667 0.013020833333333334 0.013020833333333334
0 0.69921875 0.046223958333333336 0.013020833333333334 0.014322916666666666