0 0.8673046874999999 0.7623177083333333 0.07730468749999986 0.08199218750000004
0 0.15092447916666663 0.8176822916666667 0.09199218749999999 0.10398437499999987
0 0.6944531249999999 0.8494270833333334 0.09722656250000002 0.10187500000000001
0 0.9267317708333334 0.29170572916666665 0.03799479166666675 0.038893229166666675
0 0.17523437500000005 0.021119791666666665 0.028906249999999984 0.029010416666666667
0 0.6228906250000001 0.7224869791666667 0.06414062499999999 0.06114583333333338
0 0.3433593750000001 0.5833984375 0.04233072916666666 0.04658854166666663
0 0.5364583333333334 0.36294270833333336 0.12516927083333332 0.1289583333333333
0 0.19480468750000002 0.3953515625 0.07135416666666668 0.08014322916666661
0 0.005208333333333333 0.548828125 0.010416666666666666 0.037760416666666664
0 0.11783854166666667 0.6137760416666667 0.06963541666666666 0.07330729166666661
0 0.9618359375000001 0.6434895833333334 0.04937500000000009 0.051106770833333336
0 0.4351822916666667 0.727890625 0.04713541666666673 0.0670182291666667
0 0.5999348958333334 0.5685416666666666 0.02716145833333335 0.028463541666666686
0 0.9132291666666665 0.9493489583333333 0.04899739583333348 0.05005208333333341
0 0.3305208333333334 0.9642057291666667 0.03321614583333332 0.032447916666666764
0 0.7889843750000001 0.7292317708333332 0.029583333333333368 0.030611979166666654
0 0.4581380208333332 0.8892578125 0.025716145833333332 0.02921875000000007
0 0.30554687499999994 0.2545703125 0.03477864583333331 0.03505208333333335
0 0.10611979166666667 0.994140625 0.048177083333333336 0.01171875
0 0.97265625 0.4296875 0.0546875 0.06510416666666667
0 0.2785286458333333 0.818359375 0.025716145833333332 0.02694010416666674
0 0.9240234375000002 0.22013020833333333 0.037851562499999915 0.040117187500000005
0 0.12661458333333334 0.41695312500000004 0.027265624999999998 0.02911458333333335
0 0.8065364583333334 0.6894010416666667 0.025937500000000096 0.02781249999999987