0 0.6184895833333334 0.150390625 0.026041666666666668 0.026041666666666668
0 0.8697916666666666 0.43359375 0.024739583333333332 0.024739583333333332
0 0.7239583333333334 0.3151041666666667 0.033854166666666664 0.033854166666666664
0 0.5442708333333334 0.17057291666666666 0.026041666666666668 0.026041666666666668
0 0.1875 0.6028645833333334 0.0234375 0.0234375
0 0.3359375 0.314453125 0.02734375 0.02734375
0 0.014322916666666666 0.2552083333333333 0.028645833333333332 0.028645833333333332
0 0.018880208333333332 0.6569010416666666 0.028645833333333332 0.02734375
0 0.423828125 0.40234375 0.026041666666666668 0.026041666666666668
0 0.17513020833333334 0.5071614583333334 0.026041666666666668 0.026041666666666668
0 0.2740885416666667 0.4908854166666667 0.032552083333333336 0.032552083333333336
0 0.8489583333333334 0.767578125 0.04296875 0.040364583333333336
0 0.0032552083333333335 0.3717447916666667 0.006510416666666667 0.029947916666666668
0 0.3997395833333333 0.4388020833333333 0.0234375 0.0234375
0 0.014322916666666666 0.19661458333333334 0.028645833333333332 0.028645833333333332
0 0.517578125 0.591796875 0.041666666666666664 0.04296875
0 0.9661458333333334 0.7649739583333334 0.03125 0.029947916666666668
0 0.3020833333333333 0.83984375 0.03515625 0.03515625
0 0.8795572916666666 0.06901041666666667 0.0703125 0.06901041666666667
0 0.7037760416666666 0.21419270833333334 0.06640625 0.0703125
0 0.57421875 0.2532552083333333 0.055989583333333336 0.0625
0 0.337890625 0.016927083333333332 0.029947916666666668 0.02734375
0 0.4348958333333333 0.203125 0.06380208333333333 0.05859375
0 0.7903645833333334 0.022786458333333332 0.14583333333333334 0.045572916666666664
0 0.5188802083333334 0.5377604166666666 0.048177083333333336 0.041666666666666664
0 0.90234375 0.9453125 0.1953125 0.109375
0 0.5364583333333334 0.6998697916666666 0.11458333333333333 0.07682291666666667
0 0.7708333333333334 0.634765625 0.06770833333333333 0.07161458333333333
0 0.21028645833333334 0.9563802083333334 0.08984375 0.08723958333333333
0 0.7194010416666666 0.859375 0.09635416666666667 0.10026041666666667
0 0.7942708333333334 0.4928385416666667 0.06510416666666667 0.06901041666666667
0 0.3313802083333333 0.724609375 0.10677083333333333 0.0859375
0 0.2786458333333333 0.3860677083333333 0.06510416666666667 0.057291666666666664
0 0.6796875 0.8873697916666666 0.041666666666666664 0.04296875
0 0.11653645833333333 0.3756510416666667 0.0703125 0.06770833333333333
0 0.3470052083333333 0.966796875 0.061197916666666664 0.06640625
0 0.45703125 0.9036458333333334 0.059895833333333336 0.061197916666666664
0 0.9641927083333334 0.17578125 0.06770833333333333 0.0625
0 0.3346354166666667 0.20963541666666666 0.07421875 0.06770833333333333