0 0.07486979166666667 0.0546875 0.022135416666666668 0.026041666666666668
0 0.4153645833333333 0.294921875 0.020833333333333332 0.01953125
0 0.3522135416666667 0.20833333333333334 0.07421875 0.07552083333333333
0 0.763671875 0.30078125 0.032552083333333336 0.026041666666666668
0 0.7825520833333334 0.3723958333333333 0.013020833333333334 0.013020833333333334
0 0.94921875 0.330078125 0.013020833333333334 0.01953125
0 0.3502604166666667 0.5846354166666666 0.033854166666666664 0.03125
0 0.041015625 0.435546875 0.01953125 0.022135416666666668
0 0.2708333333333333 0.3658854166666667 0.010416666666666666 0.013020833333333334
0 0.2981770833333333 0.7421875 0.020833333333333332 0.0234375
0 0.3938802083333333 0.7864583333333334 0.022135416666666668 0.020833333333333332
0 0.4967447916666667 0.59765625 0.01953125 0.018229166666666668
0 0.158203125 0.6393229166666666 0.20963541666666666 0.234375
0 0.19856770833333334 0.7447916666666666 0.016927083333333332 0.020833333333333332
0 0.5540364583333334 0.8040364583333334 0.07421875 0.08203125
0 0.5546875 0.7454427083333334 0.013020833333333334 0.016927083333333332
0 0.6009114583333334 0.9505208333333334 0.037760416666666664 0.041666666666666664
0 0.74609375 0.861328125 0.015625 0.014322916666666666
0 0.9713541666666666 0.5846354166666666 0.0234375 0.020833333333333332
0 0.8626302083333334 0.212890625 0.016927083333333332 0.01953125
0 0.8059895833333334 0.9798177083333334 0.0234375 0.029947916666666668
0 0.337890625 0.490234375 0.022135416666666668 0.01953125
0 0.8958333333333334 0.8567708333333334 0.015625 0.015625
0 0.17317708333333334 0.9108072916666666 0.3046875 0.17838541666666666
0 0.865234375 0.8151041666666666 0.014322916666666666 0.015625