0 0.490234375 0.73046875 0.048177083333333336 0.052083333333333336
0 0.3326822916666667 0.8639322916666666 0.01953125 0.01953125
0 0.6783854166666666 0.88671875 0.036458333333333336 0.0546875
0 0.771484375 0.859375 0.01953125 0.013020833333333334
0 0.8541666666666666 0.947265625 0.015625 0.01953125
0 0.6692708333333334 0.046875 0.015625 0.013020833333333334
0 0.4602864583333333 0.2584635416666667 0.21744791666666666 0.21744791666666666
0 0.5305989583333334 0.341796875 0.01953125 0.01953125
0 0.8157552083333334 0.25390625 0.022135416666666668 0.026041666666666668
0 0.7858072916666666 0.18619791666666666 0.016927083333333332 0.020833333333333332
0 0.7682291666666666 0.384765625 0.078125 0.07682291666666667
0 0.8743489583333334 0.3216145833333333 0.048177083333333336 0.052083333333333336
0 0.869140625 0.5319010416666666 0.11067708333333333 0.12109375
0 0.61328125 0.4361979166666667 0.010416666666666666 0.013020833333333334
0 0.9635416666666666 0.8274739583333334 0.013020833333333334 0.024739583333333332
0 0.869140625 0.8235677083333334 0.01953125 0.01953125
0 0.8046875 0.8763020833333334 0.010416666666666666 0.015625
0 0.46875 0.24739583333333334 0.0390625 0.0390625
0 0.5260416666666666 0.037760416666666664 0.020833333333333332 0.020833333333333332