0 0.9641927083333334 0.016927083333333332 0.022135416666666668 0.020833333333333332
0 0.95703125 0.310546875 0.078125 0.06901041666666667
0 0.24869791666666666 0.11848958333333333 0.07552083333333333 0.08854166666666667
0 0.05859375 0.10546875 0.10416666666666667 0.11458333333333333
0 0.24348958333333334 0.4309895833333333 0.03125 0.028645833333333332
0 0.2734375 0.5091145833333334 0.026041666666666668 0.026041666666666668
0 0.3919270833333333 0.9348958333333334 0.049479166666666664 0.044270833333333336
0 0.8248697916666666 0.4264322916666667 0.014322916666666666 0.014322916666666666
0 0.0859375 0.6848958333333334 0.014322916666666666 0.014322916666666666
0 0.4420572916666667 0.8795572916666666 0.029947916666666668 0.029947916666666668
0 0.8235677083333334 0.7161458333333334 0.013020833333333334 0.014322916666666666
0 0.68359375 0.16341145833333334 0.01171875 0.013020833333333334
0 0.21028645833333334 0.9381510416666666 0.014322916666666666 0.014322916666666666
0 0.3619791666666667 0.048828125 0.014322916666666666 0.015625
0 0.2747395833333333 0.423828125 0.01171875 0.01171875
0 0.7447916666666666 0.7682291666666666 0.013020833333333334 0.013020833333333334
0 0.353515625 0.16080729166666666 0.013020833333333334 0.014322916666666666
0 0.8489583333333334 0.443359375 0.018229166666666668 0.01953125
0 0.7265625 0.7083333333333334 0.01171875 0.013020833333333334
0 0.6946614583333334 0.9127604166666666 0.01171875 0.013020833333333334
0 0.9231770833333334 0.4375 0.015625 0.015625
0 0.517578125 0.275390625 0.01171875 0.013020833333333334
0 0.2877604166666667 0.7447916666666666 0.010416666666666666 0.010416666666666666
0 0.3522135416666667 0.47265625 0.010416666666666666 0.01171875
0 0.3151041666666667 0.4153645833333333 0.010416666666666666 0.010416666666666666
0 0.5787760416666666 0.23893229166666666 0.010416666666666666 0.010416666666666666
0 0.306640625 0.26171875 0.01171875 0.01171875
0 0.310546875 0.6712239583333334 0.009114583333333334 0.009114583333333334
0 0.6236979166666666 0.267578125 0.009114583333333334 0.009114583333333334