0 0.521484375 0.21614583333333334 0.029947916666666668 0.028645833333333332
0 0.14388020833333334 0.23893229166666666 0.07161458333333333 0.061197916666666664
0 0.31640625 0.421875 0.018229166666666668 0.018229166666666668
0 0.2591145833333333 0.25390625 0.026041666666666668 0.026041666666666668
0 0.306640625 0.05859375 0.01953125 0.013020833333333334
0 0.2936197916666667 0.022786458333333332 0.01953125 0.01953125
0 0.23828125 0.15299479166666666 0.013020833333333334 0.01953125
0 0.3528645833333333 0.059244791666666664 0.020833333333333332 0.024739583333333332
0 0.4778645833333333 0.11458333333333333 0.020833333333333332 0.020833333333333332
0 0.013671875 0.08658854166666667 0.016927083333333332 0.024739583333333332
0 0.06510416666666667 0.22591145833333334 0.018229166666666668 0.022135416666666668
0 0.7350260416666666 0.6888020833333334 0.048177083333333336 0.044270833333333336
0 0.740234375 0.8125 0.02734375 0.033854166666666664
0 0.037109375 0.026692708333333332 0.014322916666666666 0.014322916666666666
0 0.4368489583333333 0.94921875 0.01953125 0.018229166666666668
0 0.26171875 0.9375 0.17447916666666666 0.1171875
0 0.4759114583333333 0.5983072916666666 0.022135416666666668 0.022135416666666668
0 0.4765625 0.13020833333333334 0.0234375 0.018229166666666668