0 0.10286458333333333 0.2584635416666667 0.033854166666666664 0.024739583333333332
0 0.6614583333333334 0.08984375 0.03125 0.03125
0 0.5481770833333334 0.48828125 0.0546875 0.049479166666666664
0 0.681640625 0.2766927083333333 0.016927083333333332 0.016927083333333332
0 0.33984375 0.361328125 0.0234375 0.016927083333333332
0 0.23177083333333334 0.3528645833333333 0.020833333333333332 0.026041666666666668
0 0.201171875 0.3209635416666667 0.01953125 0.024739583333333332
0 0.1953125 0.8606770833333334 0.026041666666666668 0.026041666666666668
0 0.08854166666666667 0.9720052083333334 0.020833333333333332 0.01953125
0 0.6588541666666666 0.6373697916666666 0.0234375 0.01953125
0 0.23502604166666666 0.8541666666666666 0.014322916666666666 0.013020833333333334
0 0.12825520833333334 0.888671875 0.016927083333333332 0.016927083333333332
0 0.7076822916666666 0.7265625 0.016927083333333332 0.010416666666666666
0 0.8873697916666666 0.3743489583333333 0.014322916666666666 0.016927083333333332
0 0.8795572916666666 0.03125 0.014322916666666666 0.018229166666666668
0 0.3743489583333333 0.8020833333333334 0.01953125 0.018229166666666668
0 0.3971354166666667 0.9016927083333334 0.013020833333333334 0.016927083333333332
0 0.8333333333333334 0.291015625 0.013020833333333334 0.01953125
0 0.76171875 0.2571614583333333 0.013020833333333334 0.01171875
0 0.8763020833333334 0.2819010416666667 0.013020833333333334 0.016927083333333332
0 0.4583333333333333 0.014973958333333334 0.015625 0.014322916666666666
0 0.6321614583333334 0.79296875 0.022135416666666668 0.0234375