0 0.708984375 0.4479166666666667 0.032552083333333336 0.036458333333333336
0 0.18684895833333334 0.220703125 0.03515625 0.029947916666666668
0 0.44140625 0.4661458333333333 0.026041666666666668 0.026041666666666668
0 0.5501302083333334 0.3333333333333333 0.024739583333333332 0.026041666666666668
0 0.2942708333333333 0.6842447916666666 0.028645833333333332 0.029947916666666668
0 0.76171875 0.5078125 0.052083333333333336 0.057291666666666664
0 0.84765625 0.513671875 0.0234375 0.022135416666666668
0 0.96484375 0.38671875 0.052083333333333336 0.0546875
0 0.8072916666666666 0.357421875 0.020833333333333332 0.022135416666666668
0 0.8014322916666666 0.650390625 0.02734375 0.03515625
0 0.81640625 0.75390625 0.044270833333333336 0.041666666666666664
0 0.9537760416666666 0.5162760416666666 0.01953125 0.022135416666666668
0 0.8639322916666666 0.1953125 0.01953125 0.018229166666666668
0 0.5299479166666666 0.904296875 0.0234375 0.02734375
0 0.4967447916666667 0.9641927083333334 0.024739583333333332 0.022135416666666668
0 0.896484375 0.8997395833333334 0.016927083333333332 0.018229166666666668
0 0.947265625 0.9479166666666666 0.05859375 0.06510416666666667
0 0.9635416666666666 0.6940104166666666 0.052083333333333336 0.052083333333333336
0 0.08072916666666667 0.7571614583333334 0.026041666666666668 0.02734375
0 0.12630208333333334 0.3333333333333333 0.015625 0.015625
0 0.5319010416666666 0.5559895833333334 0.016927083333333332 0.015625
0 0.19075520833333334 0.18033854166666666 0.014322916666666666 0.014322916666666666
0 0.17057291666666666 0.23893229166666666 0.015625 0.014322916666666666
0 0.41796875 0.5084635416666666 0.015625 0.016927083333333332
0 0.10416666666666667 0.6783854166666666 0.020833333333333332 0.018229166666666668
0 0.14778645833333334 0.94921875 0.014322916666666666 0.013020833333333334
0 0.4759114583333333 0.212890625 0.01171875 0.01171875
0 0.736328125 0.38671875 0.014322916666666666 0.013020833333333334
0 0.7233072916666666 0.4967447916666667 0.01171875 0.01171875
0 0.7278645833333334 0.544921875 0.010416666666666666 0.01171875
0 0.9830729166666666 0.5358072916666666 0.033854166666666664 0.05859375