0 0.8372395833333334 0.3541666666666667 0.028645833333333332 0.0390625
0 0.75 0.10286458333333333 0.049479166666666664 0.057291666666666664
0 0.3821614583333333 0.055338541666666664 0.029947916666666668 0.032552083333333336
0 0.3411458333333333 0.08854166666666667 0.033854166666666664 0.03125
0 0.3587239583333333 0.037109375 0.016927083333333332 0.029947916666666668
0 0.3059895833333333 0.037109375 0.026041666666666668 0.029947916666666668
0 0.5416666666666666 0.4029947916666667 0.028645833333333332 0.045572916666666664
0 0.14388020833333334 0.4166666666666667 0.016927083333333332 0.026041666666666668
0 0.6178385416666666 0.75 0.09244791666666667 0.09375
0 0.591796875 0.6458333333333334 0.024739583333333332 0.0234375
0 0.9661458333333334 0.14453125 0.020833333333333332 0.020833333333333332
0 0.9348958333333334 0.03515625 0.015625 0.018229166666666668
0 0.20768229166666666 0.7044270833333334 0.024739583333333332 0.015625
0 0.189453125 0.9205729166666666 0.029947916666666668 0.026041666666666668
0 0.9680989583333334 0.6484375 0.061197916666666664 0.08333333333333333
0 0.810546875 0.84765625 0.12369791666666667 0.1328125
0 0.513671875 0.7200520833333334 0.014322916666666666 0.018229166666666668
0 0.13346354166666666 0.8053385416666666 0.032552083333333336 0.04296875
0 0.06770833333333333 0.9680989583333334 0.026041666666666668 0.029947916666666668
0 0.11979166666666667 0.6334635416666666 0.026041666666666668 0.02734375
0 0.059244791666666664 0.7018229166666666 0.03515625 0.044270833333333336
0 0.083984375 0.8287760416666666 0.01953125 0.024739583333333332
0 0.20182291666666666 0.08528645833333333 0.013020833333333334 0.014322916666666666
0 0.5338541666666666 0.509765625 0.013020833333333334 0.014322916666666666
0 0.69140625 0.7467447916666666 0.028645833333333332 0.022135416666666668
0 0.022135416666666668 0.6901041666666666 0.020833333333333332 0.026041666666666668
0 0.51953125 0.8098958333333334 0.018229166666666668 0.018229166666666668
0 0.5240885416666666 0.015625 0.061197916666666664 0.026041666666666668