0 0.8899739583333334 0.126953125 0.06380208333333333 0.05859375
0 0.5625 0.1953125 0.028645833333333332 0.0390625
0 0.8020833333333334 0.3821614583333333 0.046875 0.048177083333333336
0 0.8489583333333334 0.4108072916666667 0.036458333333333336 0.02734375
0 0.8391927083333334 0.6412760416666666 0.016927083333333332 0.01953125
0 0.3151041666666667 0.5143229166666666 0.0234375 0.026041666666666668
0 0.3619791666666667 0.583984375 0.0390625 0.045572916666666664
0 0.6634114583333334 0.7486979166666666 0.029947916666666668 0.026041666666666668
0 0.4986979166666667 0.65234375 0.020833333333333332 0.020833333333333332
0 0.404296875 0.6770833333333334 0.01953125 0.026041666666666668
0 0.3743489583333333 0.8658854166666666 0.02734375 0.0390625
0 0.19466145833333334 0.6979166666666666 0.029947916666666668 0.028645833333333332
0 0.016927083333333332 0.8053385416666666 0.026041666666666668 0.04296875
0 0.857421875 0.6595052083333334 0.037760416666666664 0.02734375
0 0.2766927083333333 0.14518229166666666 0.02734375 0.02734375
0 0.09114583333333333 0.6028645833333334 0.018229166666666668 0.018229166666666668
0 0.16276041666666666 0.826171875 0.018229166666666668 0.01953125
0 0.48046875 0.3997395833333333 0.041666666666666664 0.033854166666666664
0 0.5169270833333334 0.2916666666666667 0.028645833333333332 0.03125
0 0.5123697916666666 0.3203125 0.014322916666666666 0.015625
0 0.7682291666666666 0.2578125 0.010416666666666666 0.0078125
0 0.6959635416666666 0.23502604166666666 0.009114583333333334 0.01171875
0 0.6809895833333334 0.026041666666666668 0.013020833333333334 0.013020833333333334
0 0.9420572916666666 0.16276041666666666 0.053385416666666664 0.06510416666666667
0 0.08984375 0.6881510416666666 0.015625 0.016927083333333332
0 0.44921875 0.681640625 0.015625 0.014322916666666666
0 0.17643229166666666 0.541015625 0.032552083333333336 0.02734375
0 0.541015625 0.4947916666666667 0.01953125 0.013020833333333334
0 0.150390625 0.6087239583333334 0.01171875 0.016927083333333332
0 0.095703125 0.49609375 0.014322916666666666 0.0234375
0 0.8209635416666666 0.041666666666666664 0.016927083333333332 0.020833333333333332
0 0.47265625 0.4557291666666667 0.013020833333333334 0.013020833333333334
0 0.501953125 0.470703125 0.006510416666666667 0.014322916666666666
0 0.5377604166666666 0.10026041666666667 0.013020833333333334 0.013020833333333334
0 0.4407552083333333 0.18880208333333334 0.01171875 0.013020833333333334
0 0.21158854166666666 0.19270833333333334 0.01953125 0.015625
0 0.5377604166666666 0.92578125 0.06510416666666667 0.078125
0 0.814453125 0.17252604166666666 0.01953125 0.01953125
0 0.955078125 0.037760416666666664 0.02734375 0.033854166666666664
0 0.2897135416666667 0.359375 0.014322916666666666 0.015625
0 0.18489583333333334 0.3470052083333333 0.013020833333333334 0.014322916666666666
0 0.2669270833333333 0.2721354166666667 0.013020833333333334 0.013020833333333334
0 0.271484375 0.7356770833333334 0.014322916666666666 0.013020833333333334
0 0.53515625 0.5338541666666666 0.013020833333333334 0.013020833333333334
0 0.2747395833333333 0.4596354166666667 0.015625 0.013020833333333334
0 0.7369791666666666 0.5065104166666666 0.013020833333333334 0.013020833333333334
0 0.6295572916666666 0.5397135416666666 0.014322916666666666 0.014322916666666666