0 0.46484375 0.9518229166666666 0.015625 0.015625
0 0.45703125 0.9348958333333334 0.015625 0.018229166666666668
0 0.2760416666666667 0.8567708333333334 0.015625 0.013020833333333334
0 0.10286458333333333 0.5442708333333334 0.0546875 0.0546875
0 0.080078125 0.48046875 0.016927083333333332 0.018229166666666668
0 0.24479166666666666 0.4153645833333333 0.028645833333333332 0.028645833333333332
0 0.203125 0.052734375 0.046875 0.037760416666666664
0 0.5501302083333334 0.408203125 0.01953125 0.022135416666666668
0 0.2766927083333333 0.0546875 0.032552083333333336 0.028645833333333332
0 0.6569010416666666 0.181640625 0.014322916666666666 0.01171875
0 0.751953125 0.763671875 0.016927083333333332 0.016927083333333332
0 0.8776041666666666 0.6373697916666666 0.013020833333333334 0.01171875
0 0.6477864583333334 0.3645833333333333 0.014322916666666666 0.013020833333333334
0 0.6295572916666666 0.5651041666666666 0.016927083333333332 0.015625
0 0.11067708333333333 0.7265625 0.010416666666666666 0.010416666666666666
0 0.4212239583333333 0.15690104166666666 0.01171875 0.01171875
0 0.1015625 0.30078125 0.013020833333333334 0.013020833333333334
0 0.6256510416666666 0.2786458333333333 0.009114583333333334 0.010416666666666666
0 0.6868489583333334 0.5983072916666666 0.01171875 0.009114583333333334
0 0.15299479166666666 0.294921875 0.01171875 0.009114583333333334
0 0.3033854166666667 0.8639322916666666 0.010416666666666666 0.01171875
0 0.419921875 0.875 0.009114583333333334 0.010416666666666666
0 0.6315104166666666 0.5625 0.014322916666666666 0.016927083333333332
0 0.220703125 0.3502604166666667 0.013020833333333334 0.014322916666666666
0 0.2109375 0.3209635416666667 0.009114583333333334 0.010416666666666666
0 0.3606770833333333 0.2805989583333333 0.013020833333333334 0.014322916666666666
0 0.05859375 0.85546875 0.013020833333333334 0.014322916666666666
0 0.9166666666666666 0.2532552083333333 0.01171875 0.01171875
0 0.3678385416666667 0.9388020833333334 0.01171875 0.013020833333333334
0 0.3841145833333333 0.18229166666666666 0.009114583333333334 0.010416666666666666
0 0.6276041666666666 0.2766927083333333 0.009114583333333334 0.010416666666666666
0 0.12369791666666667 0.8255208333333334 0.009114583333333334 0.009114583333333334
0 0.435546875 0.2825520833333333 0.0078125 0.009114583333333334
0 0.12630208333333334 0.888671875 0.009114583333333334 0.010416666666666666
0 0.5338541666666666 0.5091145833333334 0.01171875 0.013020833333333334
0 0.9088541666666666 0.3919270833333333 0.009114583333333334 0.010416666666666666
0 0.494140625 0.2779947916666667 0.009114583333333334 0.009114583333333334
0 0.693359375 0.2877604166666667 0.01171875 0.013020833333333334
0 0.16861979166666666 0.8248697916666666 0.0078125 0.009114583333333334
0 0.4322916666666667 0.4739583333333333 0.0078125 0.009114583333333334
0 0.3932291666666667 0.23307291666666666 0.0078125 0.009114583333333334
0 0.4739583333333333 0.357421875 0.0078125 0.0078125
0 0.12565104166666666 0.4192708333333333 0.009114583333333334 0.009114583333333334
0 0.12109375 0.7122395833333334 0.0078125 0.0078125
0 0.12955729166666666 0.7252604166666666 0.0078125 0.0078125
0 0.8919270833333334 0.26171875 0.010416666666666666 0.010416666666666666
0 0.059244791666666664 0.3411458333333333 0.0078125 0.009114583333333334
0 0.7395833333333334 0.4778645833333333 0.009114583333333334 0.009114583333333334
0 0.033854166666666664 0.8138020833333334 0.0078125 0.009114583333333334
0 0.75390625 0.7923177083333334 0.009114583333333334 0.010416666666666666
0 0.7389322916666666 0.177734375 0.009114583333333334 0.009114583333333334
0 0.19856770833333334 0.8626302083333334 0.0078125 0.009114583333333334
0 0.057291666666666664 0.08984375 0.009114583333333334 0.010416666666666666
0 0.8548177083333334 0.7044270833333334 0.0078125 0.0078125
0 0.9348958333333334 0.6764322916666666 0.0078125 0.009114583333333334