0 0.16080729166666666 0.5657552083333334 0.02734375 0.029947916666666668
0 0.08984375 0.6087239583333334 0.052083333333333336 0.06640625
0 0.13802083333333334 0.4537760416666667 0.03125 0.032552083333333336
0 0.115234375 0.4518229166666667 0.05078125 0.052083333333333336
0 0.283203125 0.4225260416666667 0.022135416666666668 0.01953125
0 0.14453125 0.19205729166666666 0.059895833333333336 0.053385416666666664
0 0.408203125 0.13736979166666666 0.2747395833333333 0.2669270833333333
0 0.453125 0.10807291666666667 0.026041666666666668 0.026041666666666668
0 0.4108072916666667 0.07877604166666667 0.01953125 0.01953125
0 0.5182291666666666 0.5833333333333334 0.026041666666666668 0.026041666666666668
0 0.609375 0.349609375 0.0390625 0.032552083333333336
0 0.6516927083333334 0.2786458333333333 0.045572916666666664 0.036458333333333336
0 0.640625 0.4388020833333333 0.015625 0.018229166666666668
0 0.18229166666666666 0.5813802083333334 0.06510416666666667 0.05859375
0 0.744140625 0.6927083333333334 0.18880208333333334 0.1953125
0 0.794921875 0.6705729166666666 0.016927083333333332 0.018229166666666668
0 0.73046875 0.4420572916666667 0.013020833333333334 0.01953125
0 0.8079427083333334 0.3294270833333333 0.01953125 0.013020833333333334
0 0.8196614583333334 0.3092447916666667 0.022135416666666668 0.014322916666666666
0 0.8131510416666666 0.2578125 0.048177083333333336 0.052083333333333336
0 0.6861979166666666 0.9407552083333334 0.06770833333333333 0.07682291666666667
0 0.4049479166666667 0.8997395833333334 0.28125 0.19791666666666666
0 0.58203125 0.619140625 0.015625 0.01953125
0 0.7708333333333334 0.053385416666666664 0.0234375 0.0234375
0 0.9231770833333334 0.053385416666666664 0.033854166666666664 0.03125
0 0.951171875 0.18815104166666666 0.01953125 0.01953125
0 0.4544270833333333 0.4069010416666667 0.018229166666666668 0.022135416666666668
0 0.3522135416666667 0.3463541666666667 0.014322916666666666 0.018229166666666668
0 0.4147135416666667 0.3502604166666667 0.014322916666666666 0.018229166666666668
0 0.8196614583333334 0.7552083333333334 0.053385416666666664 0.046875
0 0.98046875 0.07291666666666667 0.0390625 0.059895833333333336
0 0.9205729166666666 0.146484375 0.015625 0.014322916666666666
0 0.6243489583333334 0.20377604166666666 0.03515625 0.040364583333333336
0 0.57421875 0.24088541666666666 0.018229166666666668 0.018229166666666668
0 0.3033854166666667 0.619140625 0.052083333333333336 0.05859375
0 0.701171875 0.794921875 0.014322916666666666 0.01171875
0 0.057291666666666664 0.09895833333333333 0.013020833333333334 0.015625
0 0.24739583333333334 0.026692708333333332 0.015625 0.01953125
0 0.14388020833333334 0.041015625 0.01953125 0.01171875
0 0.16015625 0.26171875 0.015625 0.015625
0 0.3372395833333333 0.724609375 0.020833333333333332 0.022135416666666668
0 0.5826822916666666 0.10611979166666667 0.01171875 0.014322916666666666
0 0.9055989583333334 0.97265625 0.10286458333333333 0.052083333333333336
0 0.6276041666666666 0.3736979166666667 0.018229166666666668 0.018229166666666668
0 0.011067708333333334 0.024088541666666668 0.01953125 0.04296875