0 0.10026041666666667 0.3528645833333333 0.0234375 0.022135416666666668
0 0.5944010416666666 0.17317708333333334 0.7096354166666666 0.3463541666666667
0 0.026692708333333332 0.701171875 0.0234375 0.0234375
0 0.9850260416666666 0.484375 0.029947916666666668 0.059895833333333336
0 0.123046875 0.5598958333333334 0.024739583333333332 0.024739583333333332
0 0.5481770833333334 0.654296875 0.04296875 0.044270833333333336
0 0.6614583333333334 0.6959635416666666 0.03515625 0.040364583333333336
0 0.5364583333333334 0.7408854166666666 0.055989583333333336 0.053385416666666664
0 0.005859375 0.34375 0.01171875 0.049479166666666664
0 0.171875 0.9114583333333334 0.022135416666666668 0.022135416666666668
0 0.6901041666666666 0.6458333333333334 0.026041666666666668 0.026041666666666668
0 0.7233072916666666 0.6712239583333334 0.022135416666666668 0.022135416666666668
0 0.9947916666666666 0.7858072916666666 0.010416666666666666 0.01953125
0 0.8190104166666666 0.5970052083333334 0.022135416666666668 0.020833333333333332
0 0.71875 0.9381510416666666 0.029947916666666668 0.028645833333333332
0 0.9837239583333334 0.6080729166666666 0.028645833333333332 0.026041666666666668
0 0.2740885416666667 0.88671875 0.022135416666666668 0.022135416666666668
0 0.2649739583333333 0.4055989583333333 0.01953125 0.018229166666666668
0 0.12565104166666666 0.939453125 0.03125 0.03125
0 0.8821614583333334 0.2526041666666667 0.026041666666666668 0.024739583333333332
0 0.826171875 0.5729166666666666 0.020833333333333332 0.022135416666666668
0 0.068359375 0.099609375 0.02734375 0.028645833333333332
0 0.3059895833333333 0.455078125 0.020833333333333332 0.022135416666666668
0 0.8294270833333334 0.9641927083333334 0.022135416666666668 0.022135416666666668
0 0.6751302083333334 0.96484375 0.020833333333333332 0.020833333333333332
0 0.3893229166666667 0.9615885416666666 0.029947916666666668 0.028645833333333332
0 0.11263020833333333 0.2109375 0.028645833333333332 0.03125
0 0.927734375 0.880859375 0.028645833333333332 0.022135416666666668