0 0.59375 0.3098958333333333 0.0234375 0.018229166666666668
0 0.14973958333333334 0.5716145833333334 0.0234375 0.033854166666666664
0 0.3040364583333333 0.392578125 0.01953125 0.024739583333333332
0 0.3125 0.5006510416666666 0.020833333333333332 0.01953125
0 0.4674479166666667 0.533203125 0.020833333333333332 0.022135416666666668
0 0.6302083333333334 0.51953125 0.018229166666666668 0.018229166666666668
0 0.5813802083333334 0.3365885416666667 0.024739583333333332 0.022135416666666668
0 0.7779947916666666 0.09114583333333333 0.009114583333333334 0.010416666666666666
0 0.4895833333333333 0.8307291666666666 0.013020833333333334 0.010416666666666666
0 0.095703125 0.9485677083333334 0.01953125 0.01953125
0 0.033854166666666664 0.623046875 0.06510416666666667 0.07161458333333333
0 0.11197916666666667 0.5390625 0.052083333333333336 0.057291666666666664
0 0.033854166666666664 0.841796875 0.06510416666666667 0.07942708333333333
0 0.4700520833333333 0.9095052083333334 0.052083333333333336 0.05859375
0 0.8385416666666666 0.3919270833333333 0.0078125 0.013020833333333334
0 0.26171875 0.5442708333333334 0.018229166666666668 0.018229166666666668
0 0.5436197916666666 0.16731770833333334 0.016927083333333332 0.016927083333333332
0 0.9420572916666666 0.83203125 0.006510416666666667 0.0078125
0 0.92578125 0.900390625 0.013020833333333334 0.01953125
0 0.10872395833333333 0.8548177083333334 0.045572916666666664 0.05078125
0 0.078125 0.6848958333333334 0.010416666666666666 0.013020833333333334
0 0.4557291666666667 0.2747395833333333 0.036458333333333336 0.0390625
0 0.3841145833333333 0.5358072916666666 0.11458333333333333 0.11848958333333333
0 0.470703125 0.5807291666666666 0.01171875 0.013020833333333334
0 0.6471354166666666 0.177734375 0.010416666666666666 0.01171875
0 0.4680989583333333 0.2265625 0.01171875 0.010416666666666666
0 0.7102864583333334 0.990234375 0.061197916666666664 0.01953125