0 0.17122395833333334 0.2688802083333333 0.029947916666666668 0.02734375
0 0.06510416666666667 0.23697916666666666 0.033854166666666664 0.036458333333333336
0 0.08463541666666667 0.140625 0.013020833333333334 0.013020833333333334
0 0.7936197916666666 0.546875 0.032552083333333336 0.033854166666666664
0 0.7141927083333334 0.4166666666666667 0.029947916666666668 0.026041666666666668
0 0.8098958333333334 0.24544270833333334 0.033854166666666664 0.032552083333333336
0 0.6946614583333334 0.17513020833333334 0.053385416666666664 0.05859375
0 0.6770833333333334 0.07682291666666667 0.020833333333333332 0.018229166666666668
0 0.6334635416666666 0.4544270833333333 0.022135416666666668 0.020833333333333332
0 0.6712239583333334 0.4654947916666667 0.024739583333333332 0.01953125
0 0.4576822916666667 0.6731770833333334 0.03515625 0.028645833333333332
0 0.3587239583333333 0.20052083333333334 0.016927083333333332 0.018229166666666668
0 0.16666666666666666 0.7233072916666666 0.018229166666666668 0.01953125
0 0.4889322916666667 0.71484375 0.01953125 0.015625
0 0.44140625 0.501953125 0.018229166666666668 0.016927083333333332
0 0.52734375 0.88671875 0.09635416666666667 0.09375
0 0.935546875 0.896484375 0.029947916666666668 0.032552083333333336
0 0.7838541666666666 0.7161458333333334 0.2708333333333333 0.234375
0 0.8665364583333334 0.8235677083333334 0.01953125 0.01953125
0 0.3287760416666667 0.8359375 0.014322916666666666 0.013020833333333334
0 0.3834635416666667 0.8938802083333334 0.12109375 0.11588541666666667
0 0.66015625 0.9251302083333334 0.2265625 0.14973958333333334
0 0.3561197916666667 0.6204427083333334 0.022135416666666668 0.022135416666666668
0 0.130859375 0.04296875 0.01953125 0.020833333333333332
0 0.23372395833333334 0.990234375 0.032552083333333336 0.01953125
0 0.5729166666666666 0.3326822916666667 0.026041666666666668 0.024739583333333332
0 0.5833333333333334 0.3509114583333333 0.018229166666666668 0.01953125
0 0.06575520833333333 0.5279947916666666 0.014322916666666666 0.014322916666666666
0 0.103515625 0.19010416666666666 0.20442708333333334 0.3411458333333333
0 0.0703125 0.087890625 0.013020833333333334 0.01171875
0 0.3151041666666667 0.4381510416666667 0.015625 0.014322916666666666
0 0.068359375 0.111328125 0.009114583333333334 0.006510416666666667
0 0.09309895833333333 0.9713541666666666 0.13151041666666666 0.057291666666666664
0 0.19205729166666666 0.9772135416666666 0.06901041666666667 0.045572916666666664
0 0.4186197916666667 0.9498697916666666 0.014322916666666666 0.014322916666666666
0 0.564453125 0.7708333333333334 0.01171875 0.013020833333333334
0 0.4602864583333333 0.7981770833333334 0.01171875 0.010416666666666666
0 0.3841145833333333 0.7740885416666666 0.0078125 0.006510416666666667
0 0.6647135416666666 0.923828125 0.009114583333333334 0.01171875
0 0.59765625 0.6666666666666666 0.0078125 0.010416666666666666
0 0.5475260416666666 0.693359375 0.009114583333333334 0.009114583333333334
0 0.4674479166666667 0.6041666666666666 0.0078125 0.0078125
0 0.62109375 0.58984375 0.015625 0.015625
0 0.3209635416666667 0.421875 0.014322916666666666 0.013020833333333334
0 0.30859375 0.3997395833333333 0.013020833333333334 0.013020833333333334
0 0.5221354166666666 0.408203125 0.010416666666666666 0.01171875
0 0.5716145833333334 0.4322916666666667 0.013020833333333334 0.013020833333333334
0 0.3567708333333333 0.9596354166666666 0.044270833333333336 0.036458333333333336
0 0.4446614583333333 0.3190104166666667 0.029947916666666668 0.026041666666666668
0 0.4453125 0.5729166666666666 0.578125 0.5364583333333334
0 0.7688802083333334 0.9895833333333334 0.014322916666666666 0.013020833333333334
0 0.5911458333333334 0.2766927083333333 0.013020833333333334 0.016927083333333332
0 0.6953125 0.234375 0.010416666666666666 0.010416666666666666
0 0.740234375 0.2923177083333333 0.01171875 0.01171875
0 0.935546875 0.369140625 0.016927083333333332 0.014322916666666666
0 0.259765625 0.057942708333333336 0.01171875 0.01171875
0 0.224609375 0.19075520833333334 0.01171875 0.01171875
0 0.2916666666666667 0.16145833333333334 0.010416666666666666 0.010416666666666666
0 0.3040364583333333 0.22591145833333334 0.01171875 0.014322916666666666
0 0.390625 0.271484375 0.013020833333333334 0.01171875
0 0.8248697916666666 0.5416666666666666 0.01171875 0.013020833333333334