0 0.7251692708333334 0.6466796874999999 0.06928385416666671 0.08171874999999999
0 0.051718750000000036 0.48005208333333327 0.0493359375 0.05040364583333338
0 0.22785156250000002 0.121171875 0.026575520833333366 0.036953124999999996
0 0.552734375 0.9800390625 0.031184895833333393 0.02743489583333325
0 0.47757812499999996 0.8811067708333334 0.021705729166666615 0.01903645833333319
0 0.3839192708333334 0.017708333333333326 0.022786458333333332 0.019153645833333333
0 0.35092447916666664 0.02808593749999999 0.0205078125 0.023333333333333334
0 0.2786458333333333 0.005859375 0.020833333333333332 0.01171875
0 0.9594401041666666 0.05967447916666668 0.018593749999999964 0.019583333333333324
0 0.9237239583333334 0.07505208333333331 0.017617187499999964 0.016080729166666658
0 0.8776953124999999 0.1461848958333333 0.022356770833333428 0.02203125000000002
0 0.7843098958333332 0.17446614583333334 0.018138020833333417 0.02105468750000002
0 0.6282552083333334 0.20014322916666663 0.03680989583333331 0.03553385416666669
0 0.6463281250000001 0.141015625 0.01873697916666665 0.01921874999999999
0 0.6494010416666667 0.16036458333333337 0.022708333333333403 0.023216145833333313
0 0.9720052083333334 0.6692708333333334 0.055989583333333336 0.1171875