0 0.12174479166666667 0.035807291666666664 0.03515625 0.03515625
0 0.150390625 0.09505208333333333 0.016927083333333332 0.018229166666666668
0 0.21744791666666666 0.12174479166666667 0.2552083333333333 0.22526041666666666
0 0.016276041666666668 0.228515625 0.01953125 0.01953125
0 0.14127604166666666 0.3717447916666667 0.029947916666666668 0.032552083333333336
0 0.2766927083333333 0.185546875 0.01953125 0.014322916666666666
0 0.6399739583333334 0.10026041666666667 0.02734375 0.028645833333333332
0 0.486328125 0.026041666666666668 0.01953125 0.018229166666666668
0 0.375 0.5572916666666666 0.0234375 0.026041666666666668
0 0.3990885416666667 0.5703125 0.022135416666666668 0.0234375
0 0.078125 0.5319010416666666 0.10416666666666667 0.09765625
0 0.291015625 0.58984375 0.04296875 0.052083333333333336
0 0.1484375 0.6569010416666666 0.09895833333333333 0.10026041666666667
0 0.08333333333333333 0.7591145833333334 0.036458333333333336 0.044270833333333336
0 0.039713541666666664 0.6360677083333334 0.07682291666666667 0.09244791666666667
0 0.6881510416666666 0.3658854166666667 0.055989583333333336 0.059895833333333336
0 0.7825520833333334 0.255859375 0.11458333333333333 0.10546875
0 0.7526041666666666 0.4694010416666667 0.3203125 0.2799479166666667
0 0.380859375 0.744140625 0.024739583333333332 0.024739583333333332
0 0.5358072916666666 0.7376302083333334 0.022135416666666668 0.022135416666666668
0 0.51953125 0.759765625 0.015625 0.014322916666666666
0 0.984375 0.13151041666666666 0.0234375 0.020833333333333332
0 0.943359375 0.037109375 0.07161458333333333 0.06640625
0 0.6061197916666666 0.9368489583333334 0.024739583333333332 0.022135416666666668
0 0.5234375 0.10091145833333333 0.020833333333333332 0.016927083333333332
0 0.9075520833333334 0.9029947916666666 0.018229166666666668 0.016927083333333332
0 0.7096354166666666 0.055989583333333336 0.013020833333333334 0.013020833333333334
0 0.83984375 0.09114583333333333 0.013020833333333334 0.013020833333333334
0 0.8235677083333334 0.7955729166666666 0.05859375 0.057291666666666664
0 0.13541666666666666 0.7923177083333334 0.015625 0.014322916666666666
0 0.22265625 0.20572916666666666 0.018229166666666668 0.015625
0 0.7154947916666666 0.029296875 0.016927083333333332 0.01171875
0 0.84375 0.07486979166666667 0.015625 0.01171875
0 0.9498697916666666 0.056640625 0.01171875 0.01171875
0 0.3997395833333333 0.22265625 0.013020833333333334 0.013020833333333334
0 0.4153645833333333 0.3678385416666667 0.013020833333333334 0.014322916666666666
0 0.3684895833333333 0.578125 0.020833333333333332 0.015625
0 0.8131510416666666 0.5703125 0.014322916666666666 0.015625
0 0.9557291666666666 0.515625 0.013020833333333334 0.013020833333333334
0 0.16276041666666666 0.6790364583333334 0.013020833333333334 0.01171875
0 0.033854166666666664 0.7682291666666666 0.018229166666666668 0.015625
0 0.994140625 0.9856770833333334 0.01171875 0.018229166666666668
0 0.9934895833333334 0.712890625 0.013020833333333334 0.014322916666666666
0 0.978515625 0.5703125 0.01171875 0.013020833333333334
0 0.9609375 0.37890625 0.013020833333333334 0.013020833333333334
0 0.18229166666666666 0.16080729166666666 0.013020833333333334 0.01171875