0 0.7194010416666666 0.271484375 0.01953125 0.022135416666666668
0 0.8470052083333334 0.75 0.022135416666666668 0.0234375
0 0.8430989583333334 0.6549479166666666 0.01953125 0.020833333333333332
0 0.7415364583333334 0.8177083333333334 0.02734375 0.03125
0 0.64453125 0.8307291666666666 0.026041666666666668 0.033854166666666664
0 0.4322916666666667 0.8053385416666666 0.020833333333333332 0.022135416666666668
0 0.21744791666666666 0.888671875 0.03125 0.032552083333333336
0 0.7467447916666666 0.587890625 0.016927083333333332 0.016927083333333332
0 0.8684895833333334 0.6100260416666666 0.015625 0.016927083333333332
0 0.9739583333333334 0.458984375 0.049479166666666664 0.12890625
0 0.96875 0.05859375 0.057291666666666664 0.10677083333333333
0 0.814453125 0.54296875 0.016927083333333332 0.018229166666666668
0 0.8541666666666666 0.013020833333333334 0.013020833333333334 0.013020833333333334
0 0.8385416666666666 0.9231770833333334 0.01171875 0.013020833333333334
0 0.88671875 0.8776041666666666 0.01171875 0.013020833333333334
0 0.9309895833333334 0.6536458333333334 0.015625 0.015625
0 0.2610677083333333 0.3697916666666667 0.015625 0.015625
0 0.912109375 0.677734375 0.020833333333333332 0.020833333333333332
0 0.7154947916666666 0.7916666666666666 0.014322916666666666 0.015625
0 0.3313802083333333 0.6848958333333334 0.014322916666666666 0.015625
0 0.125 0.7942708333333334 0.0546875 0.057291666666666664
0 0.3717447916666667 0.9811197916666666 0.0546875 0.037760416666666664
0 0.8072916666666666 0.58203125 0.013020833333333334 0.01171875