0 0.22786458333333334 0.5540364583333334 0.08333333333333333 0.09505208333333333
0 0.2552083333333333 0.2701822916666667 0.046875 0.05078125
0 0.4869791666666667 0.3561197916666667 0.03125 0.029947916666666668
0 0.7825520833333334 0.6647135416666666 0.4322916666666667 0.4856770833333333
0 0.08984375 0.4641927083333333 0.03125 0.032552083333333336
0 0.22786458333333334 0.028645833333333332 0.018229166666666668 0.015625
0 0.19401041666666666 0.037760416666666664 0.015625 0.015625
0 0.026041666666666668 0.057942708333333336 0.015625 0.014322916666666666
0 0.046223958333333336 0.607421875 0.02734375 0.024739583333333332
0 0.016276041666666668 0.7317708333333334 0.01953125 0.020833333333333332
0 0.4166666666666667 0.8795572916666666 0.018229166666666668 0.022135416666666668
0 0.4772135416666667 0.8502604166666666 0.014322916666666666 0.015625
0 0.14518229166666666 0.38671875 0.016927083333333332 0.0234375
0 0.138671875 0.7493489583333334 0.022135416666666668 0.022135416666666668
0 0.240234375 0.8430989583333334 0.016927083333333332 0.01953125
0 0.6276041666666666 0.4928385416666667 0.0234375 0.024739583333333332
0 0.3040364583333333 0.73828125 0.08984375 0.1015625
0 0.4427083333333333 0.7467447916666666 0.015625 0.014322916666666666
0 0.08528645833333333 0.07552083333333333 0.01171875 0.013020833333333334
0 0.994140625 0.9036458333333334 0.009114583333333334 0.020833333333333332
0 0.02734375 0.4837239583333333 0.015625 0.016927083333333332
0 0.19921875 0.8756510416666666 0.015625 0.016927083333333332
0 0.19140625 0.40625 0.018229166666666668 0.015625
0 0.7786458333333334 0.2825520833333333 0.013020833333333334 0.015625
0 0.6419270833333334 0.25 0.0390625 0.044270833333333336
0 0.498046875 0.23828125 0.016927083333333332 0.015625
0 0.17252604166666666 0.011067708333333334 0.016927083333333332 0.016927083333333332
0 0.09765625 0.6751302083333334 0.0390625 0.029947916666666668
0 0.23046875 0.4075520833333333 0.020833333333333332 0.020833333333333332