0 0.7955729166666666 0.1640625 0.0625 0.059895833333333336
0 0.2552083333333333 0.24934895833333334 0.0234375 0.01953125
0 0.8365885416666666 0.6002604166666666 0.01953125 0.020833333333333332
0 0.828125 0.7330729166666666 0.0234375 0.026041666666666668
0 0.87890625 0.88671875 0.0390625 0.033854166666666664
0 0.5455729166666666 0.9108072916666666 0.0234375 0.022135416666666668
0 0.46484375 0.5149739583333334 0.018229166666666668 0.01953125
0 0.259765625 0.8580729166666666 0.014322916666666666 0.013020833333333334
0 0.3756510416666667 0.4713541666666667 0.01171875 0.010416666666666666
0 0.892578125 0.5455729166666666 0.01171875 0.013020833333333334
0 0.9674479166666666 0.560546875 0.013020833333333334 0.01171875
0 0.6178385416666666 0.4296875 0.01171875 0.013020833333333334
0 0.59375 0.09375 0.018229166666666668 0.015625
0 0.9348958333333334 0.12044270833333333 0.013020833333333334 0.014322916666666666
0 0.2975260416666667 0.166015625 0.014322916666666666 0.013020833333333334
0 0.900390625 0.4498697916666667 0.018229166666666668 0.016927083333333332
0 0.8548177083333334 0.810546875 0.01171875 0.013020833333333334
0 0.5904947916666666 0.23697916666666666 0.014322916666666666 0.013020833333333334
0 0.8717447916666666 0.8502604166666666 0.014322916666666666 0.014322916666666666
0 0.12890625 0.16145833333333334 0.010416666666666666 0.009114583333333334
0 0.06705729166666667 0.5729166666666666 0.010416666666666666 0.009114583333333334