0 0.7272135416666666 0.09895833333333333 0.032552083333333336 0.0390625
0 0.8444010416666666 0.10221354166666667 0.01953125 0.01953125
0 0.880859375 0.099609375 0.014322916666666666 0.014322916666666666
0 0.421875 0.6295572916666666 0.018229166666666668 0.01953125
0 0.5755208333333334 0.3977864583333333 0.028645833333333332 0.024739583333333332
0 0.5266927083333334 0.400390625 0.024739583333333332 0.01953125
0 0.06705729166666667 0.326171875 0.040364583333333336 0.029947916666666668
0 0.14778645833333334 0.06510416666666667 0.24088541666666666 0.11979166666666667
0 0.236328125 0.13151041666666666 0.11848958333333333 0.09114583333333333
0 0.2421875 0.517578125 0.0234375 0.022135416666666668
0 0.236328125 0.69921875 0.02734375 0.026041666666666668
0 0.23828125 0.7975260416666666 0.033854166666666664 0.02734375
0 0.020182291666666668 0.7805989583333334 0.037760416666666664 0.053385416666666664
0 0.2545572916666667 0.92578125 0.2669270833333333 0.1484375
0 0.4088541666666667 0.78515625 0.11197916666666667 0.10677083333333333
0 0.548828125 0.7623697916666666 0.02734375 0.024739583333333332
0 0.4928385416666667 0.7838541666666666 0.01953125 0.026041666666666668
0 0.8346354166666666 0.615234375 0.018229166666666668 0.016927083333333332
0 0.16015625 0.3040364583333333 0.0234375 0.022135416666666668
0 0.21223958333333334 0.2265625 0.018229166666666668 0.018229166666666668
0 0.220703125 0.2552083333333333 0.022135416666666668 0.026041666666666668
0 0.3899739583333333 0.4544270833333333 0.016927083333333332 0.020833333333333332
0 0.42578125 0.490234375 0.010416666666666666 0.014322916666666666
0 0.6803385416666666 0.10481770833333333 0.016927083333333332 0.016927083333333332
0 0.034505208333333336 0.5904947916666666 0.05078125 0.05859375
0 0.3209635416666667 0.3203125 0.014322916666666666 0.013020833333333334
0 0.48828125 0.024739583333333332 0.015625 0.013020833333333334
0 0.71875 0.6295572916666666 0.010416666666666666 0.009114583333333334
0 0.7356770833333334 0.2571614583333333 0.0078125 0.009114583333333334
0 0.3704427083333333 0.5709635416666666 0.01171875 0.014322916666666666
0 0.8854166666666666 0.615234375 0.013020833333333334 0.014322916666666666
0 0.3053385416666667 0.7884114583333334 0.016927083333333332 0.022135416666666668
0 0.6393229166666666 0.17447916666666666 0.010416666666666666 0.015625
0 0.8287760416666666 0.16666666666666666 0.01171875 0.013020833333333334
0 0.9016927083333334 0.6009114583333334 0.014322916666666666 0.01171875
0 0.90625 0.8483072916666666 0.0078125 0.009114583333333334
0 0.6087239583333334 0.17643229166666666 0.009114583333333334 0.009114583333333334
0 0.3619791666666667 0.5345052083333334 0.010416666666666666 0.014322916666666666
0 0.7057291666666666 0.474609375 0.013020833333333334 0.009114583333333334
0 0.7291666666666666 0.8489583333333334 0.0078125 0.010416666666666666
0 0.3294270833333333 0.76953125 0.013020833333333334 0.010416666666666666
0 0.022135416666666668 0.5188802083333334 0.013020833333333334 0.014322916666666666
0 0.14453125 0.373046875 0.018229166666666668 0.01953125
0 0.13997395833333334 0.7259114583333334 0.014322916666666666 0.014322916666666666
0 0.12825520833333334 0.6907552083333334 0.014322916666666666 0.01171875
0 0.78125 0.900390625 0.013020833333333334 0.01171875
0 0.8033854166666666 0.8860677083333334 0.013020833333333334 0.01171875
0 0.5696614583333334 0.7311197916666666 0.016927083333333332 0.014322916666666666
0 0.16080729166666666 0.18229166666666666 0.01171875 0.010416666666666666