0 0.24380208333333334 0.41290364583333333 0.040247395833333366 0.03697916666666664
0 0.20829427083333338 0.9350390625 0.03346354166666665 0.03256510416666666
0 0.8285937499999999 0.6022656249999999 0.03230468749999993 0.031562500000000014
0 0.5584765625000001 0.2976953125 0.024843750000000053 0.02416666666666667
0 0.1720963541666666 0.3154427083333333 0.03949218749999998 0.03600260416666664
0 0.6239192708333334 0.45119791666666664 0.041835937499999996 0.036289062500000004
0 0.5306380208333333 0.6565755208333334 0.030742187500000018 0.029674479166666618
0 0.6712630208333333 0.15705729166666668 0.04348958333333338 0.04041666666666668
0 0.31968749999999996 0.35130208333333335 0.03359374999999998 0.03518229166666664
0 0.38304687499999995 0.04445312499999998 0.03785156250000007 0.035312500000000004
0 0.294921875 0.9954427083333334 0.02734375 0.009114583333333334
0 0.6253125 0.27436197916666666 0.027890624999999947 0.027369791666666643
0 0.2403255208333334 0.5779036458333334 0.03489583333333335 0.03294270833333327
0 0.5194921875 0.7937239583333334 0.041679687499999986 0.04135416666666666
0 0.12406249999999996 0.08031250000000001 0.043138020833333325 0.032812499999999994
0 0.12824218750000002 0.25626302083333335 0.03657552083333334 0.03505208333333335
0 0.5097526041666667 0.5528385416666667 0.03307291666666664 0.033854166666666664
0 0.7561979166666667 0.43100260416666664 0.03424479166666661 0.035729166666666735
0 0.03007812500000003 0.29072916666666665 0.02967447916666666 0.026627604166666652
0 0.40809895833333343 0.8870052083333334 0.03641927083333337 0.0388802083333332
0 0.42550781249999997 0.8793489583333334 0.03256510416666666 0.03026041666666668
0 0.27373697916666667 0.7303645833333333 0.03994791666666667 0.03755208333333323
0 0.023815104166666618 0.9294791666666667 0.026328124999999997 0.026328125000000036
0 0.4505729166666666 0.07960937499999998 0.07044270833333337 0.07248697916666667
0 0.02520833333333335 0.4839192708333333 0.03697916666666667 0.033723958333333304
0 0.08437499999999994 0.6356901041666667 0.024283854166666674 0.022994791666666625
0 0.043997395833333286 0.24408854166666663 0.07657552083333334 0.0740104166666667
0 0.8174609374999999 0.501328125 0.049947916666666536 0.04786458333333332
0 0.7993619791666667 0.829921875 0.05317708333333323 0.052083333333333336
0 0.005859375 0.01171875 0.01171875 0.0234375
0 0.009114583333333334 0.8294270833333334 0.018229166666666668 0.0234375
0 0.8508723958333334 0.14105468749999997 0.05999999999999991 0.05678385416666668
0 0.41506510416666664 0.25174479166666663 0.13671875 0.14220052083333332
0 0.6211328125 0.40628906249999996 0.10947916666666664 0.1072135416666667