0 0.8717447916666666 0.5455729166666666 0.01953125 0.018229166666666668
0 0.8606770833333334 0.12239583333333333 0.06770833333333333 0.07291666666666667
0 0.7493489583333334 0.013671875 0.037760416666666664 0.024739583333333332
0 0.9778645833333334 0.10221354166666667 0.0234375 0.022135416666666668
0 0.9602864583333334 0.07877604166666667 0.01953125 0.014322916666666666
0 0.9290364583333334 0.20963541666666666 0.12630208333333334 0.15885416666666666
0 0.822265625 0.25 0.029947916666666668 0.033854166666666664
0 0.779296875 0.109375 0.016927083333333332 0.015625
0 0.6686197916666666 0.15169270833333334 0.024739583333333332 0.024739583333333332
0 0.6263020833333334 0.06315104166666667 0.018229166666666668 0.016927083333333332
0 0.9459635416666666 0.3678385416666667 0.016927083333333332 0.01953125
0 0.7747395833333334 0.5592447916666666 0.078125 0.08203125
0 0.5592447916666666 0.3873697916666667 0.01953125 0.01953125
0 0.6770833333333334 0.6588541666666666 0.09114583333333333 0.08072916666666667
0 0.595703125 0.7532552083333334 0.045572916666666664 0.048177083333333336
0 0.4342447916666667 0.18880208333333334 0.03515625 0.026041666666666668
0 0.3932291666666667 0.41015625 0.018229166666666668 0.020833333333333332
0 0.482421875 0.5442708333333334 0.02734375 0.033854166666666664
0 0.4934895833333333 0.3430989583333333 0.020833333333333332 0.01953125
0 0.13932291666666666 0.07942708333333333 0.057291666666666664 0.0546875
0 0.21484375 0.322265625 0.0390625 0.045572916666666664
0 0.2825520833333333 0.3912760416666667 0.17447916666666666 0.15755208333333334
0 0.46875 0.8209635416666666 0.026041666666666668 0.02734375
0 0.1328125 0.017578125 0.046875 0.032552083333333336
0 0.07486979166666667 0.23763020833333334 0.032552083333333336 0.032552083333333336
0 0.031901041666666664 0.076171875 0.05078125 0.048177083333333336
0 0.8951822916666666 0.9798177083333334 0.01953125 0.01953125
0 0.5260416666666666 0.10416666666666667 0.013020833333333334 0.013020833333333334
0 0.3079427083333333 0.19270833333333334 0.014322916666666666 0.013020833333333334
0 0.37890625 0.16796875 0.013020833333333334 0.013020833333333334
0 0.14192708333333334 0.2923177083333333 0.013020833333333334 0.014322916666666666
0 0.15885416666666666 0.22005208333333334 0.013020833333333334 0.013020833333333334
0 0.3502604166666667 0.8776041666666666 0.015625 0.015625
0 0.505859375 0.935546875 0.014322916666666666 0.014322916666666666
0 0.525390625 0.7063802083333334 0.014322916666666666 0.014322916666666666
0 0.5696614583333334 0.80859375 0.01171875 0.013020833333333334