0 0.26953125 0.53125 0.041666666666666664 0.052083333333333336
0 0.4602864583333333 0.8619791666666666 0.032552083333333336 0.036458333333333336
0 0.8046875 0.8151041666666666 0.026041666666666668 0.026041666666666668
0 0.8372395833333334 0.6484375 0.026041666666666668 0.026041666666666668
0 0.8723958333333334 0.6197916666666666 0.018229166666666668 0.018229166666666668
0 0.904296875 0.86328125 0.01953125 0.018229166666666668
0 0.943359375 0.87890625 0.029947916666666668 0.03125
0 0.986328125 0.6536458333333334 0.024739583333333332 0.028645833333333332
0 0.890625 0.419921875 0.015625 0.016927083333333332
0 0.7604166666666666 0.24934895833333334 0.0234375 0.02734375
0 0.4752604166666667 0.4427083333333333 0.0234375 0.03125
0 0.318359375 0.6673177083333334 0.029947916666666668 0.037760416666666664
0 0.2819010416666667 0.521484375 0.3580729166666667 0.3059895833333333
0 0.41796875 0.5182291666666666 0.020833333333333332 0.020833333333333332
0 0.3157552083333333 0.970703125 0.022135416666666668 0.01953125
0 0.041015625 0.89453125 0.01953125 0.020833333333333332
0 0.20572916666666666 0.8196614583333334 0.078125 0.08203125
0 0.9459635416666666 0.7076822916666666 0.014322916666666666 0.014322916666666666
0 0.9609375 0.056640625 0.018229166666666668 0.016927083333333332
0 0.97265625 0.015625 0.020833333333333332 0.020833333333333332
0 0.8971354166666666 0.0078125 0.018229166666666668 0.015625
0 0.3580729166666667 0.1640625 0.018229166666666668 0.018229166666666668
0 0.3229166666666667 0.026041666666666668 0.0234375 0.026041666666666668
0 0.541015625 0.203125 0.06640625 0.07291666666666667
0 0.5390625 0.396484375 0.0234375 0.01953125
0 0.154296875 0.150390625 0.024739583333333332 0.024739583333333332
0 0.046875 0.115234375 0.020833333333333332 0.024739583333333332
0 0.07161458333333333 0.087890625 0.07552083333333333 0.07421875
0 0.2740885416666667 0.10026041666666667 0.016927083333333332 0.018229166666666668
0 0.4114583333333333 0.935546875 0.013020833333333334 0.014322916666666666
0 0.3548177083333333 0.9251302083333334 0.016927083333333332 0.014322916666666666
0 0.4251302083333333 0.8743489583333334 0.014322916666666666 0.014322916666666666
0 0.23177083333333334 0.9876302083333334 0.057291666666666664 0.022135416666666668
0 0.055338541666666664 0.513671875 0.016927083333333332 0.016927083333333332
0 0.17057291666666666 0.11783854166666667 0.015625 0.016927083333333332
0 0.9427083333333334 0.744140625 0.013020833333333334 0.014322916666666666
0 0.9772135416666666 0.625 0.014322916666666666 0.015625
0 0.7083333333333334 0.142578125 0.015625 0.016927083333333332