0 0.3235677083333333 0.017578125 0.061197916666666664 0.032552083333333336
0 0.031901041666666664 0.095703125 0.032552083333333336 0.032552083333333336
0 0.3125 0.2942708333333333 0.026041666666666668 0.026041666666666668
0 0.3567708333333333 0.14127604166666666 0.018229166666666668 0.01953125
0 0.5188802083333334 0.3352864583333333 0.022135416666666668 0.022135416666666668
0 0.8372395833333334 0.3470052083333333 0.03125 0.01953125
0 0.3287760416666667 0.6412760416666666 0.029947916666666668 0.02734375
0 0.39453125 0.4309895833333333 0.018229166666666668 0.013020833333333334
0 0.86328125 0.17122395833333334 0.018229166666666668 0.01953125
0 0.7747395833333334 0.83984375 0.026041666666666668 0.036458333333333336
0 0.873046875 0.841796875 0.02734375 0.01953125
0 0.3489583333333333 0.8912760416666666 0.0234375 0.024739583333333332
0 0.4720052083333333 0.8704427083333334 0.01953125 0.01953125
0 0.486328125 0.9876302083333334 0.022135416666666668 0.01953125
0 0.619140625 0.9622395833333334 0.014322916666666666 0.020833333333333332
0 0.01171875 0.8971354166666666 0.018229166666666668 0.018229166666666668
0 0.7376302083333334 0.6048177083333334 0.01953125 0.016927083333333332
0 0.115234375 0.6907552083333334 0.01171875 0.016927083333333332