0 0.787109375 0.48046875 0.09765625 0.11197916666666667
0 0.5013020833333334 0.4654947916666667 0.026041666666666668 0.032552083333333336
0 0.69140625 0.4986979166666667 0.036458333333333336 0.033854166666666664
0 0.5514322916666666 0.13346354166666666 0.016927083333333332 0.01953125
0 0.6458333333333334 0.7291666666666666 0.0234375 0.026041666666666668
0 0.7779947916666666 0.8352864583333334 0.024739583333333332 0.024739583333333332
0 0.8990885416666666 0.9609375 0.024739583333333332 0.028645833333333332
0 0.5423177083333334 0.7272135416666666 0.045572916666666664 0.055989583333333336
0 0.5638020833333334 0.78125 0.041666666666666664 0.0390625
0 0.517578125 0.8704427083333334 0.032552083333333336 0.04296875
0 0.26171875 0.21614583333333334 0.0546875 0.0546875
0 0.15104166666666666 0.055338541666666664 0.028645833333333332 0.032552083333333336
0 0.2923177083333333 0.625 0.037760416666666664 0.0390625
0 0.22786458333333334 0.751953125 0.026041666666666668 0.032552083333333336
0 0.15559895833333334 0.6907552083333334 0.02734375 0.02734375
0 0.059244791666666664 0.052083333333333336 0.016927083333333332 0.026041666666666668
0 0.06966145833333333 0.1015625 0.048177083333333336 0.057291666666666664
0 0.4635416666666667 0.234375 0.0234375 0.026041666666666668
0 0.09765625 0.8736979166666666 0.0390625 0.049479166666666664
0 0.16536458333333334 0.9453125 0.125 0.1015625
0 0.018880208333333332 0.8821614583333334 0.02734375 0.032552083333333336
0 0.529296875 0.4928385416666667 0.01953125 0.016927083333333332
0 0.40625 0.400390625 0.020833333333333332 0.01953125
0 0.3743489583333333 0.3287760416666667 0.01953125 0.01953125
0 0.9908854166666666 0.014973958333333334 0.015625 0.024739583333333332
0 0.6731770833333334 0.2643229166666667 0.018229166666666668 0.018229166666666668
0 0.6920572916666666 0.109375 0.016927083333333332 0.018229166666666668
0 0.62890625 0.11393229166666667 0.020833333333333332 0.016927083333333332
0 0.3697916666666667 0.7669270833333334 0.015625 0.015625
0 0.2916666666666667 0.142578125 0.015625 0.016927083333333332
0 0.2845052083333333 0.4602864583333333 0.016927083333333332 0.014322916666666666
0 0.2994791666666667 0.365234375 0.013020833333333334 0.01171875
0 0.240234375 0.04296875 0.01171875 0.010416666666666666
0 0.15690104166666666 0.020182291666666668 0.016927083333333332 0.016927083333333332
0 0.14778645833333334 0.6328125 0.014322916666666666 0.015625
0 0.13671875 0.765625 0.015625 0.013020833333333334