0 0.583984375 0.4921875 0.04296875 0.0390625
0 0.15625 0.806640625 0.026041666666666668 0.029947916666666668
0 0.19921875 0.3411458333333333 0.03125 0.028645833333333332
0 0.13151041666666666 0.287109375 0.015625 0.01953125
0 0.055338541666666664 0.3802083333333333 0.01953125 0.0234375
0 0.4147135416666667 0.3561197916666667 0.032552083333333336 0.037760416666666664
0 0.3125 0.640625 0.026041666666666668 0.028645833333333332
0 0.6712239583333334 0.5169270833333334 0.053385416666666664 0.07552083333333333
0 0.28125 0.73046875 0.015625 0.018229166666666668
0 0.2877604166666667 0.8736979166666666 0.052083333333333336 0.06510416666666667
0 0.6100260416666666 0.8736979166666666 0.16015625 0.16145833333333334
0 0.046223958333333336 0.7825520833333334 0.06640625 0.07291666666666667
0 0.3098958333333333 0.18294270833333334 0.09895833333333333 0.11067708333333333
0 0.3658854166666667 0.046223958333333336 0.09114583333333333 0.08463541666666667
0 0.8372395833333334 0.2825520833333333 0.057291666666666664 0.0625
0 0.8020833333333334 0.055989583333333336 0.028645833333333332 0.026041666666666668
0 0.6087239583333334 0.146484375 0.20182291666666666 0.21223958333333334
0 0.7395833333333334 0.3424479166666667 0.020833333333333332 0.026041666666666668
0 0.4798177083333333 0.2760416666666667 0.009114583333333334 0.015625
0 0.6842447916666666 0.3131510416666667 0.014322916666666666 0.01953125
0 0.765625 0.5494791666666666 0.046875 0.0546875
0 0.212890625 0.8216145833333334 0.016927083333333332 0.013020833333333334
0 0.3854166666666667 0.5201822916666666 0.015625 0.016927083333333332
0 0.6282552083333334 0.6061197916666666 0.01953125 0.01953125
0 0.7734375 0.6458333333333334 0.018229166666666668 0.026041666666666668
0 0.849609375 0.568359375 0.01953125 0.01953125
0 0.9778645833333334 0.2552083333333333 0.0234375 0.020833333333333332
0 0.8990885416666666 0.853515625 0.02734375 0.032552083333333336
0 0.06315104166666667 0.6881510416666666 0.022135416666666668 0.024739583333333332
0 0.8600260416666666 0.7760416666666666 0.024739583333333332 0.020833333333333332
0 0.050130208333333336 0.921875 0.016927083333333332 0.013020833333333334
0 0.033203125 0.9602864583333334 0.014322916666666666 0.022135416666666668
0 0.5110677083333334 0.828125 0.01953125 0.020833333333333332
0 0.2421875 0.055338541666666664 0.015625 0.016927083333333332
0 0.12760416666666666 0.020182291666666668 0.018229166666666668 0.01953125
0 0.703125 0.00390625 0.026041666666666668 0.0078125
0 0.26171875 0.34765625 0.015625 0.010416666666666666