0 0.5520833333333334 0.07552083333333333 0.03125 0.03125
0 0.9270833333333334 0.10091145833333333 0.0390625 0.045572916666666664
0 0.9661458333333334 0.18619791666666666 0.026041666666666668 0.03125
0 0.6842447916666666 0.2708333333333333 0.03515625 0.044270833333333336
0 0.572265625 0.4036458333333333 0.045572916666666664 0.0390625
0 0.3860677083333333 0.2682291666666667 0.024739583333333332 0.0234375
0 0.4967447916666667 0.3684895833333333 0.014322916666666666 0.0078125
0 0.4615885416666667 0.37890625 0.01953125 0.0234375
0 0.2109375 0.62109375 0.052083333333333336 0.052083333333333336
0 0.11653645833333333 0.61328125 0.032552083333333336 0.0625
0 0.8111979166666666 0.13671875 0.028645833333333332 0.026041666666666668
0 0.763671875 0.21940104166666666 0.014322916666666666 0.022135416666666668
0 0.8743489583333334 0.5299479166666666 0.01171875 0.013020833333333334
0 0.9720052083333334 0.833984375 0.024739583333333332 0.024739583333333332
0 0.9694010416666666 0.7565104166666666 0.01953125 0.015625
0 0.3736979166666667 0.9055989583333334 0.0390625 0.040364583333333336
0 0.328125 0.8561197916666666 0.026041666666666668 0.032552083333333336
0 0.7408854166666666 0.7102864583333334 0.020833333333333332 0.014322916666666666
0 0.4889322916666667 0.720703125 0.022135416666666668 0.01953125
0 0.900390625 0.7923177083333334 0.01171875 0.016927083333333332
0 0.8255208333333334 0.4466145833333333 0.0078125 0.0078125
0 0.060546875 0.173828125 0.01953125 0.022135416666666668
0 0.12760416666666666 0.205078125 0.015625 0.01953125
0 0.6536458333333334 0.10416666666666667 0.013020833333333334 0.013020833333333334
0 0.8958333333333334 0.287109375 0.010416666666666666 0.014322916666666666
0 0.22330729166666666 0.9016927083333334 0.040364583333333336 0.045572916666666664
0 0.046875 0.1171875 0.013020833333333334 0.013020833333333334
0 0.71875 0.56640625 0.013020833333333334 0.013020833333333334
0 0.6790364583333334 0.5364583333333334 0.01171875 0.013020833333333334
0 0.23502604166666666 0.7486979166666666 0.016927083333333332 0.013020833333333334
0 0.1015625 0.6731770833333334 0.010416666666666666 0.013020833333333334
0 0.6848958333333334 0.3138020833333333 0.0234375 0.0234375
0 0.6354166666666666 0.2916666666666667 0.013020833333333334 0.015625
0 0.6627604166666666 0.23697916666666666 0.013020833333333334 0.013020833333333334
0 0.3645833333333333 0.6796875 0.013020833333333334 0.013020833333333334
0 0.27734375 0.9173177083333334 0.0234375 0.01953125
0 0.3235677083333333 0.8841145833333334 0.016927083333333332 0.015625
0 0.298828125 0.8235677083333334 0.01171875 0.014322916666666666
0 0.30859375 0.75 0.010416666666666666 0.013020833333333334
0 0.9049479166666666 0.88671875 0.015625 0.015625
0 0.9140625 0.7858072916666666 0.013020833333333334 0.016927083333333332
0 0.9088541666666666 0.474609375 0.013020833333333334 0.014322916666666666
0 0.21419270833333334 0.275390625 0.016927083333333332 0.016927083333333332
0 0.033203125 0.3385416666666667 0.01171875 0.015625
0 0.6178385416666666 0.880859375 0.024739583333333332 0.032552083333333336