0 0.8684895833333334 0.3938802083333333 0.018229166666666668 0.01953125
0 0.8391927083333334 0.5794270833333334 0.01953125 0.026041666666666668
0 0.7630208333333334 0.4049479166666667 0.049479166666666664 0.0390625
0 0.8352864583333334 0.3072916666666667 0.01953125 0.015625
0 0.818359375 0.275390625 0.11328125 0.11848958333333333
0 0.7532552083333334 0.26171875 0.016927083333333332 0.0234375
0 0.5904947916666666 0.146484375 0.16015625 0.16276041666666666
0 0.4127604166666667 0.099609375 0.0703125 0.06380208333333333
0 0.447265625 0.28125 0.022135416666666668 0.015625
0 0.408203125 0.2779947916666667 0.022135416666666668 0.022135416666666668
0 0.7239583333333334 0.7233072916666666 0.036458333333333336 0.02734375
0 0.69140625 0.7174479166666666 0.028645833333333332 0.036458333333333336
0 0.3157552083333333 0.4108072916666667 0.08463541666666667 0.07682291666666667
0 0.380859375 0.4895833333333333 0.01953125 0.0234375
0 0.2864583333333333 0.24153645833333334 0.06510416666666667 0.06640625
0 0.2506510416666667 0.193359375 0.01953125 0.016927083333333332
0 0.23372395833333334 0.4036458333333333 0.02734375 0.026041666666666668
0 0.3444010416666667 0.6002604166666666 0.06380208333333333 0.06510416666666667
0 0.3040364583333333 0.87109375 0.016927083333333332 0.020833333333333332
0 0.24739583333333334 0.880859375 0.1171875 0.14192708333333334
0 0.041666666666666664 0.8834635416666666 0.03125 0.032552083333333336
0 0.5169270833333334 0.638671875 0.020833333333333332 0.02734375
0 0.5846354166666666 0.9635416666666666 0.0390625 0.0390625
0 0.5462239583333334 0.9733072916666666 0.014322916666666666 0.01953125
0 0.60546875 0.419921875 0.013020833333333334 0.01953125
0 0.390625 0.3984375 0.013020833333333334 0.015625
0 0.4680989583333333 0.4075520833333333 0.01171875 0.018229166666666668
0 0.5494791666666666 0.43359375 0.018229166666666668 0.018229166666666668
0 0.9342447916666666 0.013020833333333334 0.01953125 0.013020833333333334
0 0.689453125 0.039713541666666664 0.01171875 0.014322916666666666
0 0.8841145833333334 0.09114583333333333 0.22135416666666666 0.16927083333333334
0 0.7890625 0.033203125 0.0234375 0.02734375
0 0.76171875 0.9186197916666666 0.026041666666666668 0.014322916666666666
0 0.7356770833333334 0.9576822916666666 0.026041666666666668 0.024739583333333332
0 0.13346354166666666 0.09765625 0.032552083333333336 0.0390625
0 0.07486979166666667 0.12044270833333333 0.01953125 0.01953125
0 0.037109375 0.203125 0.016927083333333332 0.0234375
0 0.015625 0.042317708333333336 0.020833333333333332 0.032552083333333336
0 0.01171875 0.2513020833333333 0.013020833333333334 0.020833333333333332
0 0.15234375 0.19140625 0.018229166666666668 0.013020833333333334
0 0.712890625 0.8802083333333334 0.01953125 0.015625
0 0.994140625 0.576171875 0.009114583333333334 0.01953125
0 0.5950520833333334 0.2975260416666667 0.018229166666666668 0.009114583333333334
0 0.416015625 0.5208333333333334 0.014322916666666666 0.013020833333333334
0 0.2825520833333333 0.47265625 0.018229166666666668 0.018229166666666668
0 0.37890625 0.720703125 0.015625 0.016927083333333332
0 0.3059895833333333 0.248046875 0.013020833333333334 0.014322916666666666
0 0.3098958333333333 0.76171875 0.015625 0.013020833333333334
0 0.583984375 0.9095052083333334 0.022135416666666668 0.009114583333333334
0 0.15755208333333334 0.8626302083333334 0.010416666666666666 0.01953125
0 0.15690104166666666 0.4147135416666667 0.055989583333333336 0.06901041666666667
0 0.142578125 0.2506510416666667 0.024739583333333332 0.01953125
0 0.01953125 0.3092447916666667 0.026041666666666668 0.045572916666666664