0 0.029947916666666668 0.3248697916666667 0.03125 0.029947916666666668
0 0.3984375 0.16731770833333334 0.0546875 0.05859375
0 0.72265625 0.16015625 0.026041666666666668 0.03125
0 0.939453125 0.21809895833333334 0.032552083333333336 0.03515625
0 0.61328125 0.6015625 0.028645833333333332 0.028645833333333332
0 0.642578125 0.4140625 0.022135416666666668 0.026041666666666668
0 0.8190104166666666 0.6302083333333334 0.0234375 0.0234375
0 0.19205729166666666 0.681640625 0.029947916666666668 0.02734375
0 0.6015625 0.8763020833333334 0.026041666666666668 0.026041666666666668
0 0.4342447916666667 0.8873697916666666 0.016927083333333332 0.016927083333333332
0 0.04296875 0.029296875 0.020833333333333332 0.022135416666666668
0 0.8138020833333334 0.8151041666666666 0.078125 0.07291666666666667
0 0.7135416666666666 0.908203125 0.018229166666666668 0.014322916666666666
0 0.7473958333333334 0.4837239583333333 0.0234375 0.024739583333333332
0 0.5078125 0.9446614583333334 0.015625 0.014322916666666666