0 0.537109375 0.17122395833333334 0.01953125 0.01953125
0 0.5442708333333334 0.517578125 0.028645833333333332 0.02734375
0 0.677734375 0.5514322916666666 0.01953125 0.016927083333333332
0 0.9016927083333334 0.79296875 0.040364583333333336 0.041666666666666664
0 0.41015625 0.7278645833333334 0.015625 0.015625
0 0.19075520833333334 0.9440104166666666 0.037760416666666664 0.036458333333333336
0 0.10026041666666667 0.89453125 0.12239583333333333 0.11458333333333333
0 0.4264322916666667 0.14388020833333334 0.016927083333333332 0.016927083333333332
0 0.9166666666666666 0.3515625 0.015625 0.013020833333333334
0 0.7506510416666666 0.24348958333333334 0.014322916666666666 0.015625
0 0.20768229166666666 0.5260416666666666 0.014322916666666666 0.013020833333333334
0 0.031901041666666664 0.3483072916666667 0.01953125 0.016927083333333332
0 0.10481770833333333 0.18489583333333334 0.014322916666666666 0.015625
0 0.06315104166666667 0.203125 0.014322916666666666 0.013020833333333334
0 0.064453125 0.4075520833333333 0.01171875 0.010416666666666666
0 0.06315104166666667 0.4459635416666667 0.01171875 0.009114583333333334
0 0.4147135416666667 0.9850260416666666 0.016927083333333332 0.014322916666666666
0 0.197265625 0.6145833333333334 0.01171875 0.010416666666666666
0 0.22591145833333334 0.6647135416666666 0.014322916666666666 0.009114583333333334
0 0.5865885416666666 0.310546875 0.009114583333333334 0.01171875
0 0.8567708333333334 0.11067708333333333 0.010416666666666666 0.0078125
0 0.404296875 0.2740885416666667 0.01171875 0.01171875
0 0.689453125 0.904296875 0.009114583333333334 0.009114583333333334
0 0.6204427083333334 0.9674479166666666 0.014322916666666666 0.010416666666666666
0 0.44921875 0.8658854166666666 0.013020833333333334 0.010416666666666666
0 0.23046875 0.4147135416666667 0.010416666666666666 0.01171875
0 0.5572916666666666 0.8958333333333334 0.013020833333333334 0.0078125
0 0.431640625 0.6295572916666666 0.01171875 0.009114583333333334
0 0.4661458333333333 0.48828125 0.010416666666666666 0.010416666666666666
0 0.2779947916666667 0.026041666666666668 0.009114583333333334 0.0078125
0 0.7356770833333334 0.7434895833333334 0.11458333333333333 0.11979166666666667
0 0.7903645833333334 0.76171875 0.013020833333333334 0.013020833333333334
0 0.12174479166666667 0.9817708333333334 0.009114583333333334 0.010416666666666666
0 0.09440104166666667 0.7415364583333334 0.009114583333333334 0.01171875
0 0.3678385416666667 0.9733072916666666 0.014322916666666666 0.01171875
0 0.6106770833333334 0.578125 0.010416666666666666 0.013020833333333334