0 0.11848958333333333 0.24934895833333334 0.0234375 0.01953125
0 0.1171875 0.3372395833333333 0.018229166666666668 0.015625
0 0.21158854166666666 0.3209635416666667 0.016927083333333332 0.014322916666666666
0 0.19791666666666666 0.4752604166666667 0.026041666666666668 0.0234375
0 0.9010416666666666 0.3131510416666667 0.033854166666666664 0.032552083333333336
0 0.9713541666666666 0.3893229166666667 0.03125 0.036458333333333336
0 0.6848958333333334 0.7180989583333334 0.046875 0.048177083333333336
0 0.19856770833333334 0.6028645833333334 0.01953125 0.018229166666666668
0 0.173828125 0.6276041666666666 0.040364583333333336 0.0390625
0 0.06770833333333333 0.6126302083333334 0.018229166666666668 0.016927083333333332
0 0.97265625 0.7356770833333334 0.018229166666666668 0.018229166666666668
0 0.9615885416666666 0.9095052083333334 0.014322916666666666 0.014322916666666666
0 0.2545572916666667 0.9694010416666666 0.022135416666666668 0.024739583333333332
0 0.6796875 0.3020833333333333 0.026041666666666668 0.026041666666666668
0 0.009114583333333334 0.912109375 0.015625 0.022135416666666668
0 0.044921875 0.041666666666666664 0.014322916666666666 0.015625
0 0.16471354166666666 0.5618489583333334 0.014322916666666666 0.014322916666666666
0 0.6295572916666666 0.3951822916666667 0.022135416666666668 0.022135416666666668
0 0.6796875 0.072265625 0.018229166666666668 0.016927083333333332
0 0.038411458333333336 0.3645833333333333 0.016927083333333332 0.015625
0 0.029947916666666668 0.4231770833333333 0.057291666666666664 0.07291666666666667
0 0.763671875 0.5852864583333334 0.016927083333333332 0.016927083333333332
0 0.685546875 0.005208333333333333 0.016927083333333332 0.0078125
0 0.212890625 0.16731770833333334 0.014322916666666666 0.014322916666666666
0 0.015625 0.9661458333333334 0.013020833333333334 0.013020833333333334
0 0.5690104166666666 0.7428385416666666 0.013020833333333334 0.01171875
0 0.6139322916666666 0.9029947916666666 0.01171875 0.014322916666666666
0 0.6080729166666666 0.333984375 0.015625 0.016927083333333332
0 0.031901041666666664 0.375 0.014322916666666666 0.010416666666666666
0 0.056640625 0.3274739583333333 0.01171875 0.01171875
0 0.6354166666666666 0.552734375 0.03125 0.03515625
0 0.73828125 0.6100260416666666 0.018229166666666668 0.01953125
0 0.8229166666666666 0.5963541666666666 0.020833333333333332 0.020833333333333332
0 0.8854166666666666 0.021484375 0.078125 0.040364583333333336
0 0.8854166666666666 0.3359375 0.020833333333333332 0.018229166666666668
0 0.9029947916666666 0.99609375 0.01953125 0.0078125
0 0.67578125 0.8912760416666666 0.0078125 0.009114583333333334
0 0.8619791666666666 0.8177083333333334 0.010416666666666666 0.010416666666666666