0 0.7291666666666666 0.3203125 0.026041666666666668 0.028645833333333332
0 0.3639322916666667 0.3756510416666667 0.04296875 0.04296875
0 0.091796875 0.802734375 0.022135416666666668 0.016927083333333332
0 0.138671875 0.8873697916666666 0.016927083333333332 0.016927083333333332
0 0.22916666666666666 0.9290364583333334 0.041666666666666664 0.04296875
0 0.5397135416666666 0.7180989583333334 0.045572916666666664 0.04296875
0 0.88671875 0.17903645833333334 0.0234375 0.032552083333333336
0 0.3645833333333333 0.189453125 0.013020833333333334 0.014322916666666666
0 0.833984375 0.9029947916666666 0.014322916666666666 0.016927083333333332
0 0.6731770833333334 0.904296875 0.015625 0.014322916666666666
0 0.2981770833333333 0.1484375 0.013020833333333334 0.013020833333333334
0 0.74609375 0.3313802083333333 0.015625 0.01171875