0 0.3111979166666667 0.2845052083333333 0.03125 0.032552083333333336
0 0.4296875 0.3489583333333333 0.0390625 0.0390625
0 0.08268229166666667 0.015625 0.04296875 0.028645833333333332
0 0.5286458333333334 0.6165364583333334 0.0546875 0.053385416666666664
0 0.7552083333333334 0.513671875 0.10416666666666667 0.10026041666666667
0 0.654296875 0.5201822916666666 0.02734375 0.029947916666666668
0 0.072265625 0.7259114583333334 0.016927083333333332 0.014322916666666666
0 0.94140625 0.7428385416666666 0.03125 0.032552083333333336
0 0.12174479166666667 0.3138020833333333 0.24088541666666666 0.3020833333333333
0 0.24869791666666666 0.25 0.0234375 0.0234375
0 0.4173177083333333 0.619140625 0.11848958333333333 0.13671875
0 0.20572916666666666 0.5970052083333334 0.018229166666666668 0.01953125
0 0.416015625 0.4322916666666667 0.01953125 0.018229166666666668
0 0.6770833333333334 0.3326822916666667 0.026041666666666668 0.01953125
0 0.720703125 0.2903645833333333 0.022135416666666668 0.020833333333333332
0 0.9016927083333334 0.6588541666666666 0.032552083333333336 0.033854166666666664
0 0.5924479166666666 0.6223958333333334 0.018229166666666668 0.018229166666666668
0 0.6458333333333334 0.6953125 0.0234375 0.020833333333333332
0 0.95703125 0.8365885416666666 0.026041666666666668 0.024739583333333332
0 0.9192708333333334 0.9244791666666666 0.16145833333333334 0.15104166666666666
0 0.724609375 0.3151041666666667 0.016927083333333332 0.020833333333333332
0 0.51953125 0.98046875 0.020833333333333332 0.013020833333333334
0 0.197265625 0.458984375 0.016927083333333332 0.016927083333333332
0 0.18359375 0.5032552083333334 0.015625 0.01171875
0 0.2981770833333333 0.48046875 0.015625 0.015625
0 0.06510416666666667 0.7200520833333334 0.013020833333333334 0.018229166666666668
0 0.443359375 0.8665364583333334 0.014322916666666666 0.014322916666666666
0 0.5579427083333334 0.7994791666666666 0.014322916666666666 0.015625
0 0.6940104166666666 0.7845052083333334 0.015625 0.016927083333333332
0 0.908203125 0.90625 0.014322916666666666 0.015625
0 0.6015625 0.125 0.015625 0.018229166666666668
0 0.705078125 0.12239583333333333 0.037760416666666664 0.036458333333333336
0 0.24088541666666666 0.986328125 0.015625 0.014322916666666666
0 0.3763020833333333 0.8470052083333334 0.018229166666666668 0.016927083333333332
0 0.4759114583333333 0.7845052083333334 0.014322916666666666 0.014322916666666666
0 0.15559895833333334 0.2760416666666667 0.016927083333333332 0.015625
0 0.15885416666666666 0.02734375 0.015625 0.015625