0 0.3033854166666667 0.5833333333333334 0.036458333333333336 0.03125
0 0.3567708333333333 0.08854166666666667 0.033854166666666664 0.03125
0 0.6842447916666666 0.9453125 0.03515625 0.028645833333333332
0 0.119140625 0.6946614583333334 0.02734375 0.022135416666666668
0 0.24869791666666666 0.48828125 0.020833333333333332 0.026041666666666668
0 0.2610677083333333 0.12825520833333334 0.016927083333333332 0.016927083333333332
0 0.685546875 0.4264322916666667 0.024739583333333332 0.01953125
0 0.6334635416666666 0.7174479166666666 0.01953125 0.0234375
0 0.12630208333333334 0.5865885416666666 0.013020833333333334 0.014322916666666666
0 0.11263020833333333 0.41796875 0.08463541666666667 0.10677083333333333
0 0.8860677083333334 0.9127604166666666 0.016927083333333332 0.015625
0 0.08984375 0.020182291666666668 0.020833333333333332 0.014322916666666666
0 0.7623697916666666 0.9309895833333334 0.01953125 0.015625