0 0.8561197916666666 0.7174479166666666 0.032552083333333336 0.0390625
0 0.7571614583333334 0.13997395833333334 0.01953125 0.01953125
0 0.8209635416666666 0.035807291666666664 0.022135416666666668 0.01953125
0 0.6608072916666666 0.7330729166666666 0.08463541666666667 0.09895833333333333
0 0.357421875 0.4049479166666667 0.05859375 0.06770833333333333
0 0.3157552083333333 0.4407552083333333 0.01953125 0.016927083333333332
0 0.248046875 0.8606770833333334 0.016927083333333332 0.026041666666666668
0 0.2799479166666667 0.8125 0.026041666666666668 0.018229166666666668
0 0.115234375 0.4134114583333333 0.048177083333333336 0.045572916666666664
0 0.042317708333333336 0.09895833333333333 0.01953125 0.0234375
0 0.8209635416666666 0.59375 0.022135416666666668 0.028645833333333332
0 0.8138020833333334 0.7037760416666666 0.026041666666666668 0.024739583333333332
0 0.59375 0.4244791666666667 0.0234375 0.015625
0 0.5755208333333334 0.017578125 0.03125 0.022135416666666668
0 0.6803385416666666 0.8899739583333334 0.01953125 0.022135416666666668
0 0.55078125 0.8040364583333334 0.015625 0.01953125
0 0.14322916666666666 0.9016927083333334 0.078125 0.08463541666666667
0 0.763671875 0.23502604166666666 0.014322916666666666 0.016927083333333332
0 0.205078125 0.9876302083333334 0.04296875 0.024739583333333332
0 0.6477864583333334 0.9127604166666666 0.01953125 0.018229166666666668
0 0.59765625 0.89453125 0.015625 0.015625
0 0.8782552083333334 0.5403645833333334 0.01953125 0.018229166666666668
0 0.8515625 0.4225260416666667 0.015625 0.01953125
0 0.17708333333333334 0.271484375 0.013020833333333334 0.01953125
0 0.2669270833333333 0.09309895833333333 0.013020833333333334 0.01953125