0 0.7864583333333334 0.4576822916666667 0.057291666666666664 0.05859375
0 0.9733072916666666 0.43359375 0.053385416666666664 0.0546875
0 0.029296875 0.5970052083333334 0.055989583333333336 0.05859375
0 0.359375 0.5462239583333334 0.0390625 0.045572916666666664
0 0.4049479166666667 0.8255208333333334 0.06510416666666667 0.057291666666666664
0 0.6399739583333334 0.5546875 0.07161458333333333 0.06510416666666667
0 0.23958333333333334 0.9602864583333334 0.020833333333333332 0.022135416666666668
0 0.20963541666666666 0.9850260416666666 0.013020833333333334 0.01171875
0 0.4609375 0.791015625 0.020833333333333332 0.016927083333333332
0 0.3567708333333333 0.4212239583333333 0.018229166666666668 0.01953125
0 0.4954427083333333 0.7434895833333334 0.016927083333333332 0.013020833333333334
0 0.5397135416666666 0.8984375 0.01171875 0.010416666666666666
0 0.478515625 0.4368489583333333 0.014322916666666666 0.01171875
0 0.5716145833333334 0.8020833333333334 0.010416666666666666 0.010416666666666666
0 0.7864583333333334 0.8880208333333334 0.010416666666666666 0.010416666666666666
0 0.24348958333333334 0.8723958333333334 0.010416666666666666 0.010416666666666666
0 0.8815104166666666 0.39453125 0.0078125 0.010416666666666666
0 0.896484375 0.8404947916666666 0.014322916666666666 0.01171875
0 0.6302083333333334 0.66796875 0.010416666666666666 0.010416666666666666