0 0.10546875 0.220703125 0.078125 0.07682291666666667
0 0.057942708333333336 0.13020833333333334 0.016927083333333332 0.018229166666666668
0 0.09375 0.09765625 0.041666666666666664 0.036458333333333336
0 0.3151041666666667 0.357421875 0.020833333333333332 0.022135416666666668
0 0.173828125 0.5247395833333334 0.024739583333333332 0.026041666666666668
0 0.15364583333333334 0.4505208333333333 0.026041666666666668 0.026041666666666668
0 0.3391927083333333 0.6171875 0.053385416666666664 0.059895833333333336
0 0.7578125 0.4440104166666667 0.0234375 0.026041666666666668
0 0.8912760416666666 0.677734375 0.10286458333333333 0.09244791666666667
0 0.578125 0.15494791666666666 0.0234375 0.020833333333333332
0 0.5201822916666666 0.9114583333333334 0.032552083333333336 0.033854166666666664
0 0.380859375 0.6731770833333334 0.01953125 0.020833333333333332
0 0.5143229166666666 0.5494791666666666 0.020833333333333332 0.0234375
0 0.50390625 0.8470052083333334 0.013020833333333334 0.014322916666666666
0 0.6223958333333334 0.955078125 0.11197916666666667 0.08723958333333333
0 0.419921875 0.751953125 0.01953125 0.01953125
0 0.5305989583333334 0.8365885416666666 0.01953125 0.01953125
0 0.15755208333333334 0.9537760416666666 0.028645833333333332 0.024739583333333332
0 0.2838541666666667 0.8541666666666666 0.026041666666666668 0.026041666666666668
0 0.2526041666666667 0.8170572916666666 0.044270833333333336 0.045572916666666664
0 0.22200520833333334 0.958984375 0.09244791666666667 0.07942708333333333
0 0.513671875 0.7942708333333334 0.20963541666666666 0.21875
0 0.4127604166666667 0.6100260416666666 0.020833333333333332 0.022135416666666668
0 0.384765625 0.552734375 0.014322916666666666 0.014322916666666666
0 0.275390625 0.5924479166666666 0.04296875 0.052083333333333336
0 0.9375 0.939453125 0.052083333333333336 0.055989583333333336
0 0.966796875 0.890625 0.016927083333333332 0.015625
0 0.701171875 0.3880208333333333 0.016927083333333332 0.015625
0 0.6165364583333334 0.17447916666666666 0.014322916666666666 0.015625
0 0.873046875 0.123046875 0.014322916666666666 0.014322916666666666
0 0.7845052083333334 0.7428385416666666 0.014322916666666666 0.016927083333333332
0 0.875 0.33203125 0.013020833333333334 0.010416666666666666
0 0.7897135416666666 0.055338541666666664 0.13411458333333334 0.11067708333333333
0 0.051432291666666664 0.546875 0.01171875 0.015625
0 0.22200520833333334 0.7044270833333334 0.014322916666666666 0.013020833333333334
0 0.3678385416666667 0.9557291666666666 0.014322916666666666 0.013020833333333334
0 0.004557291666666667 0.34765625 0.006510416666666667 0.013020833333333334
0 0.2786458333333333 0.14713541666666666 0.015625 0.018229166666666668
0 0.20703125 0.365234375 0.013020833333333334 0.014322916666666666
0 0.23372395833333334 0.314453125 0.01171875 0.01171875
0 0.2591145833333333 0.3541666666666667 0.013020833333333334 0.013020833333333334
0 0.7369791666666666 0.2962239583333333 0.015625 0.016927083333333332
0 0.9453125 0.28125 0.015625 0.015625
0 0.9479166666666666 0.4466145833333333 0.015625 0.015625
0 0.9934895833333334 0.4329427083333333 0.013020833333333334 0.014322916666666666
0 0.09765625 0.548828125 0.046875 0.048177083333333336
0 0.041666666666666664 0.451171875 0.013020833333333334 0.01171875
0 0.13411458333333334 0.125 0.018229166666666668 0.015625
0 0.15625 0.013671875 0.015625 0.01171875
0 0.4029947916666667 0.10546875 0.08723958333333333 0.109375
0 0.06380208333333333 0.8841145833333334 0.013020833333333334 0.013020833333333334
0 0.6751302083333334 0.3359375 0.01171875 0.013020833333333334
0 0.8444010416666666 0.2864583333333333 0.061197916666666664 0.07291666666666667
0 0.16080729166666666 0.41796875 0.05859375 0.0625
0 0.8385416666666666 0.4739583333333333 0.046875 0.052083333333333336
0 0.748046875 0.5924479166666666 0.014322916666666666 0.013020833333333334
0 0.2513020833333333 0.14453125 0.018229166666666668 0.018229166666666668
0 0.6302083333333334 0.06901041666666667 0.15885416666666666 0.13802083333333334
0 0.3248697916666667 0.9928385416666666 0.016927083333333332 0.01171875
0 0.91015625 0.15234375 0.0078125 0.010416666666666666
0 0.9609375 0.15755208333333334 0.010416666666666666 0.0078125
0 0.7473958333333334 0.17252604166666666 0.015625 0.016927083333333332
0 0.4505208333333333 0.5631510416666666 0.010416666666666666 0.009114583333333334
0 0.5032552083333334 0.8372395833333334 0.009114583333333334 0.0078125
0 0.3046875 0.8138020833333334 0.010416666666666666 0.010416666666666666
0 0.014973958333333334 0.9251302083333334 0.02734375 0.07682291666666667
0 0.3125 0.52734375 0.0078125 0.0078125
0 0.12760416666666666 0.6673177083333334 0.041666666666666664 0.055989583333333336