0 0.7083333333333334 0.5455729166666666 0.026041666666666668 0.0234375
0 0.9830729166666666 0.16341145833333334 0.013020833333333334 0.014322916666666666
0 0.953125 0.2109375 0.033854166666666664 0.036458333333333336
0 0.705078125 0.18033854166666666 0.01171875 0.01171875
0 0.6588541666666666 0.068359375 0.013020833333333334 0.014322916666666666
0 0.572265625 0.2265625 0.02734375 0.028645833333333332
0 0.5625 0.044270833333333336 0.015625 0.015625
0 0.4654947916666667 0.126953125 0.06380208333333333 0.06640625
0 0.2532552083333333 0.11197916666666667 0.11328125 0.109375
0 0.4440104166666667 0.8046875 0.03125 0.03125
0 0.451171875 0.6295572916666666 0.03515625 0.03515625
0 0.109375 0.5813802083333334 0.018229166666666668 0.016927083333333332
0 0.039713541666666664 0.6731770833333334 0.07682291666666667 0.10677083333333333
0 0.009765625 0.7421875 0.01953125 0.03125
0 0.012369791666666666 0.5546875 0.014322916666666666 0.015625
0 0.18684895833333334 0.5859375 0.014322916666666666 0.013020833333333334
0 0.15234375 0.7897135416666666 0.015625 0.014322916666666666
0 0.724609375 0.22395833333333334 0.016927083333333332 0.018229166666666668
0 0.11328125 0.4505208333333333 0.010416666666666666 0.013020833333333334
0 0.10807291666666667 0.6875 0.013020833333333334 0.013020833333333334
0 0.2760416666666667 0.8118489583333334 0.010416666666666666 0.01171875
0 0.6354166666666666 0.6217447916666666 0.020833333333333332 0.01171875
0 0.453125 0.8346354166666666 0.013020833333333334 0.013020833333333334
0 0.24088541666666666 0.5807291666666666 0.013020833333333334 0.013020833333333334
0 0.615234375 0.6998697916666666 0.009114583333333334 0.01171875
0 0.07552083333333333 0.4602864583333333 0.0078125 0.009114583333333334
0 0.310546875 0.5852864583333334 0.009114583333333334 0.009114583333333334
0 0.3932291666666667 0.5358072916666666 0.0078125 0.006510416666666667
0 0.384765625 0.5514322916666666 0.009114583333333334 0.009114583333333334