0 0.7506510416666666 0.11848958333333333 0.01953125 0.0234375
0 0.6627604166666666 0.1171875 0.015625 0.018229166666666668
0 0.6790364583333334 0.21158854166666666 0.014322916666666666 0.016927083333333332
0 0.5247395833333334 0.19791666666666666 0.0234375 0.026041666666666668
0 0.6868489583333334 0.9010416666666666 0.032552083333333336 0.033854166666666664
0 0.6106770833333334 0.9713541666666666 0.036458333333333336 0.03125
0 0.2819010416666667 0.6848958333333334 0.048177083333333336 0.046875
0 0.3971354166666667 0.19856770833333334 0.018229166666666668 0.01953125
0 0.3723958333333333 0.173828125 0.0390625 0.040364583333333336
0 0.3873697916666667 0.06770833333333333 0.016927083333333332 0.018229166666666668
0 0.2643229166666667 0.97265625 0.018229166666666668 0.018229166666666668
0 0.09049479166666667 0.9615885416666666 0.014322916666666666 0.014322916666666666
0 0.030598958333333332 0.2545572916666667 0.024739583333333332 0.022135416666666668
0 0.6979166666666666 0.6796875 0.026041666666666668 0.026041666666666668
0 0.087890625 0.009114583333333334 0.022135416666666668 0.015625
0 0.9583333333333334 0.044921875 0.015625 0.014322916666666666
0 0.4381510416666667 0.16471354166666666 0.014322916666666666 0.014322916666666666
0 0.6048177083333334 0.6295572916666666 0.022135416666666668 0.022135416666666668
0 0.927734375 0.6796875 0.016927083333333332 0.018229166666666668
0 0.6354166666666666 0.038411458333333336 0.015625 0.016927083333333332
0 0.5768229166666666 0.029947916666666668 0.07291666666666667 0.057291666666666664
0 0.4147135416666667 0.763671875 0.016927083333333332 0.016927083333333332
0 0.9947916666666666 0.685546875 0.0078125 0.016927083333333332
0 0.8326822916666666 0.212890625 0.014322916666666666 0.014322916666666666
0 0.033854166666666664 0.015625 0.013020833333333334 0.013020833333333334
0 0.2571614583333333 0.5690104166666666 0.01171875 0.013020833333333334
0 0.09700520833333333 0.6139322916666666 0.014322916666666666 0.01171875
0 0.666015625 0.6080729166666666 0.016927083333333332 0.015625
0 0.625 0.031901041666666664 0.010416666666666666 0.014322916666666666
0 0.6725260416666666 0.056640625 0.01171875 0.01171875
0 0.447265625 0.6354166666666666 0.03515625 0.03125
0 0.3899739583333333 0.73828125 0.01953125 0.018229166666666668
0 0.4036458333333333 0.8229166666666666 0.020833333333333332 0.020833333333333332
0 0.978515625 0.8854166666666666 0.040364583333333336 0.078125
0 0.6640625 0.8854166666666666 0.018229166666666668 0.020833333333333332
0 0.00390625 0.9029947916666666 0.0078125 0.01953125
0 0.10872395833333333 0.67578125 0.009114583333333334 0.0078125
0 0.18229166666666666 0.8619791666666666 0.010416666666666666 0.010416666666666666