0 0.9244791666666666 0.48828125 0.10416666666666667 0.1171875
0 0.8098958333333334 0.052083333333333336 0.044270833333333336 0.0390625
0 0.7942708333333334 0.09114583333333333 0.0390625 0.0390625
0 0.84375 0.33984375 0.018229166666666668 0.0234375
0 0.3997395833333333 0.462890625 0.020833333333333332 0.02734375
0 0.3873697916666667 0.3795572916666667 0.01953125 0.022135416666666668
0 0.2786458333333333 0.24088541666666666 0.0234375 0.026041666666666668
0 0.6536458333333334 0.3294270833333333 0.0703125 0.0703125
0 0.69140625 0.3977864583333333 0.10677083333333333 0.11588541666666667
0 0.703125 0.49609375 0.14322916666666666 0.13020833333333334
0 0.921875 0.8118489583333334 0.018229166666666668 0.01953125
0 0.9192708333333334 0.9622395833333334 0.0234375 0.020833333333333332
0 0.9934895833333334 0.4563802083333333 0.010416666666666666 0.024739583333333332
0 0.23046875 0.6666666666666666 0.020833333333333332 0.026041666666666668
0 0.16666666666666666 0.6028645833333334 0.044270833333333336 0.046875
0 0.8346354166666666 0.7454427083333334 0.0234375 0.01953125
0 0.08658854166666667 0.20377604166666666 0.01953125 0.024739583333333332
0 0.3411458333333333 0.3177083333333333 0.07291666666666667 0.07552083333333333
0 0.048177083333333336 0.7877604166666666 0.0859375 0.13020833333333334
0 0.283203125 0.15755208333333334 0.01953125 0.026041666666666668
0 0.4733072916666667 0.2877604166666667 0.016927083333333332 0.015625
0 0.357421875 0.6100260416666666 0.09244791666666667 0.10026041666666667
0 0.3190104166666667 0.5240885416666666 0.018229166666666668 0.016927083333333332
0 0.037760416666666664 0.068359375 0.052083333333333336 0.05859375
0 0.9537760416666666 0.396484375 0.016927083333333332 0.016927083333333332
0 0.9388020833333334 0.875 0.013020833333333334 0.018229166666666668
0 0.7799479166666666 0.6419270833333334 0.015625 0.015625
0 0.6510416666666666 0.7434895833333334 0.018229166666666668 0.015625
0 0.5182291666666666 0.7259114583333334 0.013020833333333334 0.016927083333333332
0 0.5026041666666666 0.72265625 0.018229166666666668 0.018229166666666668
0 0.21419270833333334 0.3391927083333333 0.022135416666666668 0.024739583333333332
0 0.234375 0.2506510416666667 0.013020833333333334 0.014322916666666666
0 0.043619791666666664 0.4752604166666667 0.016927083333333332 0.015625
0 0.22200520833333334 0.83984375 0.016927083333333332 0.015625
0 0.3359375 0.9140625 0.013020833333333334 0.013020833333333334
0 0.17643229166666666 0.9583333333333334 0.016927083333333332 0.015625
0 0.7233072916666666 0.11458333333333333 0.014322916666666666 0.018229166666666668
0 0.859375 0.01953125 0.015625 0.015625
0 0.9934895833333334 0.5833333333333334 0.010416666666666666 0.033854166666666664