0 0.302734375 0.318359375 0.024739583333333332 0.02734375
0 0.5182291666666666 0.7005208333333334 0.0546875 0.049479166666666664
0 0.4674479166666667 0.4108072916666667 0.0234375 0.022135416666666668
0 0.052083333333333336 0.8014322916666666 0.033854166666666664 0.029947916666666668
0 0.228515625 0.9759114583333334 0.045572916666666664 0.04296875
0 0.51953125 0.810546875 0.015625 0.016927083333333332
0 0.794921875 0.8463541666666666 0.01953125 0.020833333333333332
0 0.6927083333333334 0.701171875 0.0234375 0.024739583333333332
0 0.7421875 0.5533854166666666 0.20572916666666666 0.19791666666666666
0 0.9518229166666666 0.6770833333333334 0.0234375 0.028645833333333332
0 0.9694010416666666 0.6100260416666666 0.029947916666666668 0.037760416666666664
0 0.6295572916666666 0.1640625 0.040364583333333336 0.0390625
0 0.6829427083333334 0.11458333333333333 0.055989583333333336 0.06510416666666667
0 0.7604166666666666 0.18880208333333334 0.020833333333333332 0.020833333333333332
0 0.5950520833333334 0.4485677083333333 0.0234375 0.029947916666666668
0 0.12434895833333333 0.77734375 0.045572916666666664 0.049479166666666664
0 0.21940104166666666 0.5611979166666666 0.01953125 0.0234375
0 0.12044270833333333 0.19856770833333334 0.016927083333333332 0.014322916666666666
0 0.39453125 0.050130208333333336 0.026041666666666668 0.024739583333333332
0 0.4602864583333333 0.947265625 0.14453125 0.08984375
0 0.748046875 0.9915364583333334 0.029947916666666668 0.014322916666666666
0 0.80859375 0.9212239583333334 0.07291666666666667 0.07682291666666667
0 0.462890625 0.7936197916666666 0.07161458333333333 0.06901041666666667
0 0.4147135416666667 0.2578125 0.05859375 0.06510416666666667
0 0.546875 0.3001302083333333 0.14583333333333334 0.14973958333333334
0 0.498046875 0.2421875 0.024739583333333332 0.026041666666666668
0 0.62890625 0.8860677083333334 0.06510416666666667 0.05859375
0 0.259765625 0.763671875 0.061197916666666664 0.05078125
0 0.8151041666666666 0.30078125 0.020833333333333332 0.020833333333333332
0 0.537109375 0.026041666666666668 0.05078125 0.044270833333333336
0 0.2845052083333333 0.6477864583333334 0.040364583333333336 0.037760416666666664
0 0.5559895833333334 0.6048177083333334 0.06770833333333333 0.06901041666666667
0 0.5065104166666666 0.439453125 0.049479166666666664 0.05078125
0 0.5494791666666666 0.46484375 0.08854166666666667 0.09375
0 0.16536458333333334 0.5032552083333334 0.013020833333333334 0.014322916666666666
0 0.3665364583333333 0.9016927083333334 0.037760416666666664 0.03515625
0 0.3444010416666667 0.3932291666666667 0.016927083333333332 0.015625
0 0.3040364583333333 0.4759114583333333 0.014322916666666666 0.014322916666666666
0 0.6796875 0.18815104166666666 0.015625 0.016927083333333332
0 0.09635416666666667 0.5729166666666666 0.013020833333333334 0.015625
0 0.9915364583333334 0.904296875 0.016927083333333332 0.022135416666666668
0 0.166015625 0.4830729166666667 0.014322916666666666 0.015625
0 0.1796875 0.72265625 0.010416666666666666 0.010416666666666666
0 0.046875 0.3782552083333333 0.013020833333333334 0.01171875
0 0.7311197916666666 0.146484375 0.01171875 0.01171875
0 0.8098958333333334 0.22916666666666666 0.015625 0.013020833333333334