0 0.016927083333333332 0.035807291666666664 0.020833333333333332 0.022135416666666668
0 0.310546875 0.04296875 0.06901041666666667 0.078125
0 0.11848958333333333 0.7513020833333334 0.08854166666666667 0.07552083333333333
0 0.10546875 0.94140625 0.11458333333333333 0.10416666666666667
0 0.4309895833333333 0.7565104166666666 0.028645833333333332 0.03125
0 0.5091145833333334 0.7265625 0.026041666666666668 0.026041666666666668
0 0.9348958333333334 0.6080729166666666 0.044270833333333336 0.049479166666666664
0 0.4264322916666667 0.17513020833333334 0.014322916666666666 0.014322916666666666
0 0.6848958333333334 0.9140625 0.014322916666666666 0.014322916666666666
0 0.8795572916666666 0.5579427083333334 0.029947916666666668 0.029947916666666668
0 0.7161458333333334 0.17643229166666666 0.014322916666666666 0.013020833333333334
0 0.16341145833333334 0.31640625 0.013020833333333334 0.01171875
0 0.9381510416666666 0.7897135416666666 0.014322916666666666 0.014322916666666666
0 0.048828125 0.6380208333333334 0.015625 0.014322916666666666
0 0.423828125 0.7252604166666666 0.01171875 0.01171875
0 0.7682291666666666 0.2552083333333333 0.013020833333333334 0.013020833333333334
0 0.16080729166666666 0.646484375 0.014322916666666666 0.013020833333333334
0 0.443359375 0.15104166666666666 0.01953125 0.018229166666666668
0 0.7083333333333334 0.2734375 0.013020833333333334 0.01171875
0 0.9127604166666666 0.3053385416666667 0.013020833333333334 0.01171875
0 0.4375 0.07682291666666667 0.015625 0.015625
0 0.275390625 0.482421875 0.013020833333333334 0.01171875
0 0.7447916666666666 0.7122395833333334 0.010416666666666666 0.010416666666666666
0 0.47265625 0.6477864583333334 0.01171875 0.010416666666666666
0 0.4153645833333333 0.6848958333333334 0.010416666666666666 0.010416666666666666
0 0.23893229166666666 0.4212239583333333 0.010416666666666666 0.010416666666666666
0 0.26171875 0.693359375 0.01171875 0.01171875
0 0.6712239583333334 0.689453125 0.009114583333333334 0.009114583333333334
0 0.267578125 0.3763020833333333 0.009114583333333334 0.009114583333333334