0 0.061197916666666664 0.8697916666666666 0.0234375 0.026041666666666668
0 0.11979166666666667 0.8776041666666666 0.015625 0.020833333333333332
0 0.0625 0.560546875 0.0390625 0.032552083333333336
0 0.318359375 0.8815104166666666 0.022135416666666668 0.0234375
0 0.5501302083333334 0.927734375 0.048177083333333336 0.053385416666666664
0 0.5247395833333334 0.8098958333333334 0.013020833333333334 0.015625
0 0.640625 0.7877604166666666 0.015625 0.020833333333333332
0 0.27734375 0.4954427083333333 0.026041666666666668 0.01953125
0 0.091796875 0.7350260416666666 0.01953125 0.009114583333333334
0 0.3528645833333333 0.8372395833333334 0.018229166666666668 0.013020833333333334
0 0.21940104166666666 0.9322916666666666 0.01171875 0.013020833333333334
0 0.173828125 0.3645833333333333 0.02734375 0.03125
0 0.20247395833333334 0.4791666666666667 0.01953125 0.026041666666666668
0 0.4010416666666667 0.3671875 0.026041666666666668 0.0234375
0 0.3470052083333333 0.337890625 0.01953125 0.016927083333333332
0 0.3151041666666667 0.375 0.14583333333333334 0.15625
0 0.228515625 0.16927083333333334 0.14973958333333334 0.1484375
0 0.10677083333333333 0.2942708333333333 0.015625 0.026041666666666668
0 0.5462239583333334 0.5045572916666666 0.022135416666666668 0.024739583333333332
0 0.4680989583333333 0.51953125 0.016927083333333332 0.020833333333333332
0 0.65234375 0.6731770833333334 0.018229166666666668 0.015625
0 0.8404947916666666 0.5735677083333334 0.01953125 0.01953125
0 0.8229166666666666 0.474609375 0.015625 0.016927083333333332
0 0.8522135416666666 0.28125 0.061197916666666664 0.06510416666666667
0 0.7643229166666666 0.5377604166666666 0.08072916666666667 0.078125
0 0.9381510416666666 0.07161458333333333 0.08463541666666667 0.07291666666666667
0 0.9837239583333334 0.13736979166666666 0.01953125 0.01953125
0 0.9869791666666666 0.17513020833333334 0.013020833333333334 0.022135416666666668
0 0.4270833333333333 0.18880208333333334 0.013020833333333334 0.018229166666666668
0 0.6158854166666666 0.018880208333333332 0.026041666666666668 0.022135416666666668
0 0.20768229166666666 0.8203125 0.016927083333333332 0.018229166666666668
0 0.798828125 0.8522135416666666 0.02734375 0.022135416666666668
0 0.07552083333333333 0.607421875 0.013020833333333334 0.01171875
0 0.11458333333333333 0.10677083333333333 0.013020833333333334 0.013020833333333334
0 0.7610677083333334 0.7037760416666666 0.016927083333333332 0.01953125
0 0.8860677083333334 0.458984375 0.006510416666666667 0.014322916666666666
0 0.8313802083333334 0.455078125 0.01171875 0.016927083333333332
0 0.07552083333333333 0.447265625 0.14322916666666666 0.17578125
0 0.5123697916666666 0.7096354166666666 0.01171875 0.0078125
0 0.990234375 0.5052083333333334 0.006510416666666667 0.013020833333333334