0 0.48046875 0.212890625 0.11197916666666667 0.09765625
0 0.4654947916666667 0.4986979166666667 0.032552083333333336 0.026041666666666668
0 0.4986979166666667 0.30859375 0.033854166666666664 0.036458333333333336
0 0.13346354166666666 0.4485677083333333 0.01953125 0.016927083333333332
0 0.7291666666666666 0.3541666666666667 0.026041666666666668 0.0234375
0 0.8352864583333334 0.22200520833333334 0.024739583333333332 0.024739583333333332
0 0.9609375 0.10091145833333333 0.028645833333333332 0.024739583333333332
0 0.7272135416666666 0.4576822916666667 0.055989583333333336 0.045572916666666664
0 0.78125 0.4361979166666667 0.0390625 0.041666666666666664
0 0.8704427083333334 0.482421875 0.04296875 0.032552083333333336
0 0.21614583333333334 0.73828125 0.0546875 0.0546875
0 0.055338541666666664 0.8489583333333334 0.032552083333333336 0.028645833333333332
0 0.625 0.7076822916666666 0.0390625 0.037760416666666664
0 0.751953125 0.7721354166666666 0.032552083333333336 0.026041666666666668
0 0.6907552083333334 0.8444010416666666 0.02734375 0.02734375
0 0.052083333333333336 0.9407552083333334 0.026041666666666668 0.016927083333333332
0 0.1015625 0.9303385416666666 0.057291666666666664 0.048177083333333336
0 0.234375 0.5364583333333334 0.026041666666666668 0.0234375
0 0.8736979166666666 0.90234375 0.049479166666666664 0.0390625
0 0.9453125 0.8346354166666666 0.1015625 0.125
0 0.8821614583333334 0.9811197916666666 0.032552083333333336 0.02734375
0 0.4928385416666667 0.470703125 0.016927083333333332 0.01953125
0 0.400390625 0.59375 0.01953125 0.020833333333333332
0 0.3287760416666667 0.6256510416666666 0.01953125 0.01953125
0 0.014973958333333334 0.009114583333333334 0.024739583333333332 0.015625
0 0.2643229166666667 0.3268229166666667 0.018229166666666668 0.018229166666666668
0 0.109375 0.3079427083333333 0.018229166666666668 0.016927083333333332
0 0.11393229166666667 0.37109375 0.016927083333333332 0.020833333333333332
0 0.7669270833333334 0.6302083333333334 0.015625 0.015625
0 0.142578125 0.7083333333333334 0.016927083333333332 0.015625
0 0.4602864583333333 0.7154947916666666 0.014322916666666666 0.016927083333333332
0 0.365234375 0.7005208333333334 0.01171875 0.013020833333333334
0 0.04296875 0.759765625 0.010416666666666666 0.01171875
0 0.020182291666666668 0.8430989583333334 0.016927083333333332 0.016927083333333332
0 0.6328125 0.8522135416666666 0.015625 0.014322916666666666
0 0.765625 0.86328125 0.013020833333333334 0.015625