0 0.014322916666666666 0.034505208333333336 0.028645833333333332 0.032552083333333336
0 0.373046875 0.013671875 0.032552083333333336 0.02734375
0 0.3009114583333334 0.33522135416666665 0.029257812500000036 0.029361979166666646
0 0.5867968750000001 0.46886718750000006 0.03298177083333339 0.033372395833333325
0 0.13972656249999993 0.8167447916666667 0.03173177083333334 0.032981770833333236
0 0.6680859374999999 0.5529036458333333 0.03467447916666674 0.03467447916666666
0 0.7273307291666665 0.5336197916666667 0.02959635416666669 0.02880208333333334
0 0.16536458333333334 0.006510416666666667 0.03125 0.013020833333333334
0 0.760390625 0.61765625 0.03522135416666661 0.035481770833333336
0 0.4855338541666668 0.6913671875 0.039518229166666696 0.038033854166666714
0 0.6308854166666666 0.29871093750000005 0.028033854166666632 0.028906249999999984
0 0.18105468749999995 0.7271875 0.03467447916666666 0.03604166666666675
0 0.4147135416666667 0.9954427083333334 0.03515625 0.009114583333333334
0 0.7231901041666667 0.6589843750000001 0.03647135416666666 0.03562499999999994
0 0.9753255208333332 0.48126302083333333 0.03789062499999988 0.03730468749999997
0 0.48622395833333343 0.829140625 0.039375000000000014 0.03604166666666675
0 0.755859375 0.98828125 0.029947916666666668 0.0234375
0 0.11699218750000002 0.24911458333333333 0.03773437499999999 0.03834635416666665
0 0.6116015625000001 0.8594531249999999 0.029947916666666668 0.031132812500000107
0 0.33260416666666676 0.057773437500000004 0.0336197916666667 0.03350260416666667
0 0.5399609375000001 0.8566927083333334 0.02880208333333334 0.032981770833333236
0 0.012369791666666666 0.142578125 0.024739583333333332 0.053385416666666664
0 0.14523437499999994 0.48126302083333333 0.050937500000000004 0.0533463541666667
0 0.18105468749999995 0.6300520833333333 0.05222656250000002 0.0710416666666666
0 0.3133203125 0.9118098958333333 0.039218750000000004 0.03819010416666657
0 0.9284765624999999 0.43166666666666664 0.030416666666666536 0.030638020833333297
0 0.6997786458333334 0.7251171875 0.047018229166666536 0.053046875000000014
0 0.4724479166666666 0.1995182291666667 0.02791666666666674 0.026458333333333323
0 0.16727864583333338 0.09515624999999998 0.048828125 0.042369791666666656
0 0.22789062499999999 0.16782552083333332 0.08937499999999998 0.08705729166666669
0 0.21136718750000005 0.6803515625 0.04520833333333337 0.04125000000000001
0 0.8951822916666666 0.047526041666666664 0.10546875 0.09505208333333333