0 0.3815104166666667 0.4563802083333333 0.052083333333333336 0.045572916666666664
0 0.0859375 0.8229166666666666 0.015625 0.018229166666666668
0 0.087890625 0.7259114583333334 0.014322916666666666 0.016927083333333332
0 0.13997395833333334 0.7747395833333334 0.02734375 0.028645833333333332
0 0.091796875 0.24153645833333334 0.05859375 0.05859375
0 0.3072916666666667 0.90234375 0.09895833333333333 0.10416666666666667
0 0.4967447916666667 0.9348958333333334 0.022135416666666668 0.0234375
0 0.6627604166666666 0.9381510416666666 0.020833333333333332 0.01953125
0 0.4798177083333333 0.21875 0.053385416666666664 0.06510416666666667
0 0.8125 0.7747395833333334 0.033854166666666664 0.033854166666666664
0 0.8561197916666666 0.6959635416666666 0.024739583333333332 0.022135416666666668
0 0.9290364583333334 0.74609375 0.03515625 0.033854166666666664
0 0.5364583333333334 0.9108072916666666 0.015625 0.01171875
0 0.74609375 0.5638020833333334 0.16927083333333334 0.18229166666666666
0 0.6263020833333334 0.4908854166666667 0.018229166666666668 0.015625
0 0.66015625 0.189453125 0.0234375 0.01953125
0 0.384765625 0.7649739583333334 0.01953125 0.016927083333333332
0 0.359375 0.5625 0.018229166666666668 0.020833333333333332
0 0.22721354166666666 0.2532552083333333 0.15234375 0.14713541666666666
0 0.93359375 0.4765625 0.036458333333333336 0.036458333333333336
0 0.9765625 0.5475260416666666 0.033854166666666664 0.032552083333333336
0 0.798828125 0.20638020833333334 0.045572916666666664 0.048177083333333336
0 0.8365885416666666 0.09505208333333333 0.048177083333333336 0.0390625
0 0.8587239583333334 0.12434895833333333 0.016927083333333332 0.022135416666666668
0 0.8854166666666666 0.10416666666666667 0.020833333333333332 0.020833333333333332
0 0.5149739583333334 0.14127604166666666 0.02734375 0.024739583333333332
0 0.12825520833333334 0.169921875 0.01953125 0.016927083333333332
0 0.3645833333333333 0.07682291666666667 0.018229166666666668 0.015625
0 0.23697916666666666 0.09440104166666667 0.015625 0.014322916666666666
0 0.4615885416666667 0.498046875 0.014322916666666666 0.014322916666666666
0 0.3346354166666667 0.054036458333333336 0.015625 0.014322916666666666
0 0.4244791666666667 0.125 0.018229166666666668 0.013020833333333334
0 0.5423177083333334 0.8912760416666666 0.01171875 0.01171875
0 0.8372395833333334 0.400390625 0.015625 0.016927083333333332
0 0.15690104166666666 0.251953125 0.014322916666666666 0.016927083333333332
0 0.318359375 0.15364583333333334 0.014322916666666666 0.015625
0 0.2662760416666667 0.103515625 0.014322916666666666 0.01171875
0 0.2747395833333333 0.043619791666666664 0.0078125 0.01171875
0 0.020833333333333332 0.08723958333333333 0.013020833333333334 0.013020833333333334
0 0.93359375 0.443359375 0.015625 0.016927083333333332