0 0.3157552083333333 0.12760416666666666 0.024739583333333332 0.026041666666666668
0 0.154296875 0.279296875 0.022135416666666668 0.016927083333333332
0 0.041015625 0.4016927083333333 0.02734375 0.01953125
0 0.4596354166666667 0.3958333333333333 0.020833333333333332 0.020833333333333332
0 0.4635416666666667 0.6028645833333334 0.3229166666666667 0.3125
0 0.6979166666666666 0.5950520833333334 0.036458333333333336 0.036458333333333336
0 0.7291666666666666 0.5032552083333334 0.020833333333333332 0.01953125
0 0.013020833333333334 0.7903645833333334 0.018229166666666668 0.020833333333333332
0 0.4303385416666667 0.7916666666666666 0.037760416666666664 0.03125
0 0.20833333333333334 0.8203125 0.026041666666666668 0.028645833333333332
0 0.8131510416666666 0.669921875 0.21223958333333334 0.17838541666666666
0 0.7682291666666666 0.03515625 0.018229166666666668 0.015625
0 0.043619791666666664 0.07291666666666667 0.022135416666666668 0.020833333333333332
0 0.12109375 0.15950520833333334 0.020833333333333332 0.022135416666666668
0 0.6412760416666666 0.3665364583333333 0.01953125 0.016927083333333332
0 0.8841145833333334 0.744140625 0.018229166666666668 0.016927083333333332
0 0.8860677083333334 0.205078125 0.20963541666666666 0.3684895833333333
0 0.056640625 0.13997395833333334 0.01171875 0.009114583333333334
0 0.15299479166666666 0.23567708333333334 0.014322916666666666 0.013020833333333334
0 0.18229166666666666 0.43359375 0.013020833333333334 0.013020833333333334
0 0.24739583333333334 0.421875 0.015625 0.015625
0 0.322265625 0.046875 0.01171875 0.0078125
0 0.2955729166666667 0.034505208333333336 0.0078125 0.006510416666666667
0 0.5696614583333334 0.052083333333333336 0.009114583333333334 0.010416666666666666
0 0.6087239583333334 0.3125 0.01171875 0.010416666666666666
0 0.6510416666666666 0.4095052083333333 0.013020833333333334 0.01171875
0 0.4563802083333333 0.2779947916666667 0.09765625 0.10546875
0 0.5729166666666666 0.3372395833333333 0.20052083333333334 0.203125
0 0.6959635416666666 0.23307291666666666 0.014322916666666666 0.018229166666666668
0 0.64453125 0.16536458333333334 0.010416666666666666 0.010416666666666666
0 0.7180989583333334 0.21809895833333334 0.009114583333333334 0.009114583333333334
0 0.7259114583333334 0.208984375 0.01171875 0.01171875
0 0.7057291666666666 0.4108072916666667 0.018229166666666668 0.016927083333333332
0 0.716796875 0.6236979166666666 0.01171875 0.013020833333333334
0 0.3470052083333333 0.6263020833333334 0.016927083333333332 0.015625
0 0.55859375 0.5872395833333334 0.010416666666666666 0.010416666666666666
0 0.6608072916666666 0.5729166666666666 0.01171875 0.010416666666666666
0 0.650390625 0.8951822916666666 0.014322916666666666 0.014322916666666666
0 0.6399739583333334 0.8600260416666666 0.014322916666666666 0.01171875
0 0.23958333333333334 0.7884114583333334 0.013020833333333334 0.014322916666666666
0 0.2923177083333333 0.7076822916666666 0.014322916666666666 0.01953125
0 0.9876302083333334 0.9231770833333334 0.024739583333333332 0.044270833333333336