0 0.21875 0.7708333333333334 0.052083333333333336 0.0625
0 0.6276041666666666 0.58984375 0.028645833333333332 0.026041666666666668
0 0.3684895833333333 0.3665364583333333 0.026041666666666668 0.024739583333333332
0 0.4010416666666667 0.4544270833333333 0.026041666666666668 0.020833333333333332
0 0.07877604166666667 0.716796875 0.032552083333333336 0.032552083333333336
0 0.06315104166666667 0.8170572916666666 0.02734375 0.024739583333333332
0 0.12434895833333333 0.833984375 0.01953125 0.01953125
0 0.365234375 0.09830729166666667 0.032552083333333336 0.032552083333333336
0 0.236328125 0.853515625 0.01953125 0.01953125
0 0.3587239583333333 0.865234375 0.01953125 0.022135416666666668
0 0.90234375 0.16015625 0.10416666666666667 0.1171875
0 0.8470052083333334 0.8528645833333334 0.032552083333333336 0.03125
0 0.9453125 0.6204427083333334 0.052083333333333336 0.05078125
0 0.9576822916666666 0.501953125 0.01953125 0.01953125
0 0.050130208333333336 0.6321614583333334 0.024739583333333332 0.01953125
0 0.07747395833333333 0.6028645833333334 0.04296875 0.0390625
0 0.5670572916666666 0.5006510416666666 0.01953125 0.016927083333333332
0 0.958984375 0.6907552083333334 0.01953125 0.01953125
0 0.3033854166666667 0.7923177083333334 0.020833333333333332 0.022135416666666668
0 0.3385416666666667 0.79296875 0.013020833333333334 0.018229166666666668
0 0.7154947916666666 0.7415364583333334 0.016927083333333332 0.018229166666666668
0 0.16731770833333334 0.5983072916666666 0.01171875 0.01171875
0 0.14518229166666666 0.2779947916666667 0.013020833333333334 0.014322916666666666
0 0.8170572916666666 0.3313802083333333 0.013020833333333334 0.014322916666666666
0 0.34765625 0.052083333333333336 0.014322916666666666 0.015625
0 0.44140625 0.4466145833333333 0.013020833333333334 0.013020833333333334
0 0.34765625 0.5833333333333334 0.010416666666666666 0.010416666666666666
0 0.3372395833333333 0.5358072916666666 0.010416666666666666 0.010416666666666666
0 0.7486979166666666 0.5455729166666666 0.013020833333333334 0.013020833333333334
0 0.294921875 0.4290364583333333 0.010416666666666666 0.010416666666666666
0 0.375 0.6549479166666666 0.010416666666666666 0.010416666666666666
0 0.619140625 0.4309895833333333 0.010416666666666666 0.010416666666666666
0 0.5553385416666666 0.37890625 0.010416666666666666 0.010416666666666666
0 0.5930989583333334 0.4635416666666667 0.01171875 0.01171875
0 0.150390625 0.4811197916666667 0.010416666666666666 0.010416666666666666
0 0.4993489583333333 0.2955729166666667 0.010416666666666666 0.010416666666666666
0 0.3359375 0.14518229166666666 0.010416666666666666 0.010416666666666666