0 0.8190104166666666 0.20572916666666666 0.020833333333333332 0.018229166666666668
0 0.8951822916666666 0.21158854166666666 0.02734375 0.029947916666666668
0 0.8248697916666666 0.2734375 0.032552083333333336 0.041666666666666664
0 0.791015625 0.3951822916666667 0.04296875 0.045572916666666664
0 0.6796875 0.5774739583333334 0.10416666666666667 0.10807291666666667
0 0.22330729166666666 0.4453125 0.02734375 0.028645833333333332
0 0.6653645833333334 0.7721354166666666 0.0234375 0.018229166666666668
0 0.478515625 0.8450520833333334 0.10807291666666667 0.11197916666666667
0 0.662109375 0.947265625 0.08463541666666667 0.07421875
0 0.9544270833333334 0.3893229166666667 0.08854166666666667 0.0859375
0 0.5950520833333334 0.22916666666666666 0.013020833333333334 0.013020833333333334
0 0.4153645833333333 0.431640625 0.020833333333333332 0.01953125
0 0.3352864583333333 0.17317708333333334 0.016927083333333332 0.015625
0 0.255859375 0.2962239583333333 0.01171875 0.014322916666666666
0 0.0078125 0.8196614583333334 0.013020833333333334 0.01953125
0 0.931640625 0.865234375 0.03515625 0.032552083333333336
0 0.619140625 0.435546875 0.022135416666666668 0.022135416666666668
0 0.06901041666666667 0.9654947916666666 0.018229166666666668 0.01953125
0 0.5579427083333334 0.5813802083333334 0.016927083333333332 0.01953125
0 0.9654947916666666 0.6959635416666666 0.014322916666666666 0.01171875
0 0.876953125 0.9296875 0.01953125 0.020833333333333332
0 0.23763020833333334 0.11979166666666667 0.016927083333333332 0.015625
0 0.16927083333333334 0.4069010416666667 0.010416666666666666 0.009114583333333334
0 0.7669270833333334 0.4641927083333333 0.018229166666666668 0.014322916666666666
0 0.9244791666666666 0.5325520833333334 0.013020833333333334 0.018229166666666668
0 0.8873697916666666 0.6920572916666666 0.014322916666666666 0.014322916666666666
0 0.4270833333333333 0.15625 0.015625 0.015625
0 0.51953125 0.19856770833333334 0.015625 0.014322916666666666
0 0.130859375 0.4466145833333333 0.01171875 0.010416666666666666
0 0.11328125 0.5182291666666666 0.013020833333333334 0.010416666666666666
0 0.427734375 0.4733072916666667 0.01171875 0.009114583333333334
0 0.6490885416666666 0.455078125 0.01171875 0.014322916666666666