0 0.7161458333333334 0.2916666666666667 0.03125 0.028645833333333332
0 0.775390625 0.294921875 0.01953125 0.029947916666666668
0 0.7688802083333334 0.2506510416666667 0.01953125 0.01953125
0 0.818359375 0.12369791666666667 0.01953125 0.026041666666666668
0 0.912109375 0.05859375 0.01953125 0.020833333333333332
0 0.9479166666666666 0.08333333333333333 0.013020833333333334 0.015625
0 0.970703125 0.12239583333333333 0.05859375 0.0546875
0 0.8274739583333334 0.5944010416666666 0.07161458333333333 0.07421875
0 0.6549479166666666 0.4524739583333333 0.14322916666666666 0.14973958333333334
0 0.6770833333333334 0.4850260416666667 0.018229166666666668 0.01953125
0 0.3489583333333333 0.08919270833333333 0.026041666666666668 0.029947916666666668
0 0.4694010416666667 0.4446614583333333 0.01953125 0.016927083333333332
0 0.6920572916666666 0.8352864583333334 0.05078125 0.048177083333333336
0 0.9270833333333334 0.8658854166666666 0.049479166666666664 0.0390625
0 0.9381510416666666 0.7584635416666666 0.01953125 0.01953125
0 0.794921875 0.8841145833333334 0.01953125 0.0234375
0 0.7623697916666666 0.6555989583333334 0.01953125 0.022135416666666668
0 0.5149739583333334 0.75 0.2799479166666667 0.296875
0 0.3684895833333333 0.4602864583333333 0.026041666666666668 0.022135416666666668
0 0.17317708333333334 0.3365885416666667 0.026041666666666668 0.022135416666666668
0 0.05859375 0.123046875 0.03125 0.045572916666666664
0 0.11393229166666667 0.9765625 0.02734375 0.026041666666666668
0 0.6875 0.07682291666666667 0.09114583333333333 0.08072916666666667
0 0.8763020833333334 0.013020833333333334 0.0390625 0.020833333333333332
0 0.345703125 0.1171875 0.37109375 0.22916666666666666
0 0.5963541666666666 0.013020833333333334 0.0390625 0.026041666666666668
0 0.022786458333333332 0.7434895833333334 0.01171875 0.0234375
0 0.049479166666666664 0.041015625 0.013020833333333334 0.016927083333333332
0 0.21419270833333334 0.5989583333333334 0.016927083333333332 0.013020833333333334
0 0.4388020833333333 0.5514322916666666 0.015625 0.016927083333333332
0 0.4134114583333333 0.62109375 0.014322916666666666 0.013020833333333334
0 0.8352864583333334 0.1953125 0.040364583333333336 0.03125
0 0.689453125 0.21484375 0.055989583333333336 0.0390625
0 0.865234375 0.2623697916666667 0.14713541666666666 0.13932291666666666
0 0.024739583333333332 0.30078125 0.018229166666666668 0.010416666666666666