0 0.6884895833333333 0.5420182291666666 0.17709635416666666 0.20769531249999998
0 0.4106640625 0.7381640625 0.0384505208333333 0.04809895833333341
0 0.6991276041666666 0.7268619791666667 0.03602864583333343 0.040091145833333286
0 0.19539062499999993 0.4809114583333334 0.05910156249999998 0.05251302083333339
0 0.6054817708333333 0.9168359375 0.04894531250000004 0.06269531250000011
0 0.07591145833333328 0.4087890625000001 0.045247395833333336 0.04540364583333334
0 0.5096875000000001 0.23683593749999998 0.07951822916666673 0.08092447916666663
0 0.13618489583333337 0.17763020833333334 0.029140624999999993 0.027200520833333314
0 0.9779166666666667 0.6353645833333333 0.038138020833333286 0.03713541666666664
0 0.8142968750000001 0.32914062499999996 0.038749999999999986 0.03904947916666668
0 0.03608072916666664 0.4459244791666667 0.036289062500000004 0.03730468749999997
0 0.6087109375 0.7440755208333334 0.034010416666666675 0.031002604166666597