0 0.5716145833333334 0.2760416666666667 0.020833333333333332 0.020833333333333332
0 0.46875 0.15950520833333334 0.033854166666666664 0.03515625
0 0.291015625 0.3684895833333333 0.13932291666666666 0.13020833333333334
0 0.19661458333333334 0.3854166666666667 0.020833333333333332 0.020833333333333332
0 0.12239583333333333 0.390625 0.015625 0.015625
0 0.010416666666666666 0.025390625 0.013020833333333334 0.01171875
0 0.4055989583333333 0.673828125 0.08723958333333333 0.07942708333333333
0 0.3470052083333333 0.6354166666666666 0.016927083333333332 0.015625
0 0.2584635416666667 0.5071614583333334 0.014322916666666666 0.014322916666666666
0 0.2975260416666667 0.8502604166666666 0.029947916666666668 0.0234375
0 0.17838541666666666 0.7682291666666666 0.018229166666666668 0.015625
0 0.4420572916666667 0.98828125 0.029947916666666668 0.015625
0 0.4811197916666667 0.0859375 0.01953125 0.020833333333333332
0 0.17838541666666666 0.7252604166666666 0.013020833333333334 0.010416666666666666
0 0.9602864583333334 0.8359375 0.01171875 0.010416666666666666
0 0.6536458333333334 0.470703125 0.010416666666666666 0.009114583333333334
0 0.9654947916666666 0.6451822916666666 0.04296875 0.045572916666666664
0 0.3509114583333333 0.5188802083333334 0.014322916666666666 0.01171875
0 0.013020833333333334 0.021484375 0.022135416666666668 0.020833333333333332
0 0.44140625 0.990234375 0.024739583333333332 0.01953125
0 0.6529947916666666 0.47265625 0.010416666666666666 0.010416666666666666
0 0.3580729166666667 0.4361979166666667 0.01171875 0.013020833333333334
0 0.662109375 0.7838541666666666 0.006510416666666667 0.006510416666666667
0 0.109375 0.6399739583333334 0.010416666666666666 0.010416666666666666
0 0.5546875 0.42578125 0.01171875 0.013020833333333334
0 0.13671875 0.6080729166666666 0.006510416666666667 0.005208333333333333
0 0.4661458333333333 0.07356770833333333 0.010416666666666666 0.010416666666666666
0 0.5852864583333334 0.3092447916666667 0.033854166666666664 0.033854166666666664