0 0.6087239583333334 0.064453125 0.07161458333333333 0.06901041666666667
0 0.4069010416666667 0.3072916666666667 0.032552083333333336 0.033854166666666664
0 0.3919270833333333 0.3776041666666667 0.028645833333333332 0.028645833333333332
0 0.3912760416666667 0.4889322916666667 0.05078125 0.045572916666666664
0 0.6881510416666666 0.0234375 0.03515625 0.0390625
0 0.76171875 0.11328125 0.0390625 0.036458333333333336
0 0.6712239583333334 0.2513020833333333 0.037760416666666664 0.026041666666666668
0 0.9212239583333334 0.2740885416666667 0.032552083333333336 0.032552083333333336
0 0.5774739583333334 0.5904947916666666 0.029947916666666668 0.037760416666666664
0 0.17252604166666666 0.8001302083333334 0.09765625 0.08723958333333333
0 0.018880208333333332 0.8001302083333334 0.01953125 0.016927083333333332
0 0.126953125 0.923828125 0.07161458333333333 0.06901041666666667
0 0.3450520833333333 0.8990885416666666 0.06510416666666667 0.05859375
0 0.4401041666666667 0.9095052083333334 0.020833333333333332 0.024739583333333332
0 0.7259114583333334 0.7760416666666666 0.032552083333333336 0.033854166666666664
0 0.931640625 0.7688802083333334 0.02734375 0.01953125
0 0.9485677083333334 0.87109375 0.09505208333333333 0.09114583333333333
0 0.07942708333333333 0.255859375 0.013020833333333334 0.014322916666666666
0 0.3001302083333333 0.623046875 0.014322916666666666 0.014322916666666666
0 0.13671875 0.6393229166666666 0.015625 0.013020833333333334
0 0.13733072916666667 0.6391666666666667 0.011419270833333347 0.010403645833333345
0 0.27661458333333333 0.28490885416666667 0.010533854166666634 0.01024739583333334
0 0.4638671875 0.37940104166666666 0.009518229166666595 0.009635416666666638
0 0.5288151041666667 0.2705078125 0.016848958333333403 0.016093750000000018
0 0.3115234375 0.11755208333333333 0.012578125000000032 0.011419270833333347
0 0.30981770833333333 0.03567708333333333 0.03119791666666664 0.03044270833333333
0 0.62109375 0.46826822916666666 0.010690104166666714 0.01005208333333337
0 0.017109375 0.17725260416666666 0.011028645833333331 0.010533854166666634
0 0.18897135416666666 0.533203125 0.011249999999999982 0.010494791666666595
0 0.49389322916666667 0.239375 0.009088541666666691 0.008919270833333362
0 0.43091145833333333 0.75 0.011380208333333345 0.010859374999999893
0 0.18872395833333333 0.5478515625 0.011692708333333357 0.011601562499999959
0 0.8237369791666667 0.6176822916666667 0.011549479166666524 0.011380208333333345
0 0.396484375 0.06865885416666666 0.012526041666666673 0.01321614583333334
0 0.552734375 0.5302734375 0.010898437500000005 0.010403645833333345
0 0.5126953125 0.42505208333333333 0.011640625000000071 0.011249999999999982
0 0.8842838541666667 0.022721354166666666 0.00997395833333344 0.00977864583333333
0 0.8803776041666667 0.0687890625 0.01151041666666656 0.010455729166666669
0 0.7470703125 0.6708984375 0.01053385416666656 0.010403645833333345
0 0.38671875 0.207890625 0.008815104166666643 0.008854166666666682
0 0.43115885416666666 0.3251953125 0.010208333333333375 0.01045572916666663
0 0.6352604166666667 0.60546875 0.008880208333333398 0.009414062500000023
0 0.55859375 0.2294921875 0.01036458333333338 0.01024739583333334
0 0.787109375 0.21752604166666667 0.009518229166666595 0.009296874999999982
0 0.229375 0.7221744791666667 0.008151041666666655 0.008346354166666773
0 0.31372395833333333 0.09502604166666667 0.009596354166666673 0.009231770833333338
0 0.4892578125 0.6396484375 0.008541666666666595 0.008476562499999988
0 0.14977864583333333 0.42505208333333333 0.01223958333333334 0.011692708333333357
0 0.8349609375 0.32983072916666667 0.008984375000000119 0.00898437499999997
0 0.7114322916666667 0.6669921875 0.009817708333333286 0.009674479166666675
0 0.6635807291666667 0.49096354166666667 0.007721354166666676 0.008346354166666625
0 0.82421875 0.53125 0.007096354166666726 0.007604166666666708
0 0.6342838541666667 0.513671875 0.0078125 0.007760416666666714
0 0.3505859375 0.0158984375 0.011380208333333345 0.01049479166666667
0 0.2362109375 0.1524609375 0.0083463541666667 0.00805989583333333
0 0.5766666666666667 0.0902734375 0.008216145833333263 0.00858072916666667
0 0.063046875 0.0123828125 0.009166666666666675 0.009335937499999999
0 0.17712239583333333 0.18872395833333333 0.012864583333333327 0.012291666666666664
0 0.431640625 0.5278385416666667 0.00809895833333337 0.008619791666666673