0 0.06901041666666667 0.5182291666666666 0.0390625 0.0390625
0 0.193359375 0.7975260416666666 0.037760416666666664 0.037760416666666664
0 0.038411458333333336 0.755859375 0.029947916666666668 0.032552083333333336
0 0.09244791666666667 0.9303385416666666 0.033854166666666664 0.04296875
0 0.24544270833333334 0.8424479166666666 0.024739583333333332 0.0234375
0 0.1015625 0.587890625 0.018229166666666668 0.016927083333333332
0 0.3639322916666667 0.46875 0.022135416666666668 0.020833333333333332
0 0.3033854166666667 0.5963541666666666 0.018229166666666668 0.0234375
0 0.6399739583333334 0.453125 0.048177083333333336 0.059895833333333336
0 0.6126302083333334 0.2916666666666667 0.01953125 0.020833333333333332
0 0.7434895833333334 0.609375 0.033854166666666664 0.0390625
0 0.8567708333333334 0.6907552083333334 0.16927083333333334 0.16276041666666666
0 0.82421875 0.4921875 0.026041666666666668 0.026041666666666668
0 0.8111979166666666 0.4173177083333333 0.013020833333333334 0.01953125
0 0.8763020833333334 0.443359375 0.0390625 0.045572916666666664
0 0.7513020833333334 0.2701822916666667 0.015625 0.014322916666666666
0 0.3795572916666667 0.24283854166666666 0.01953125 0.014322916666666666
0 0.15885416666666666 0.016276041666666668 0.0234375 0.024739583333333332
0 0.9453125 0.15950520833333334 0.020833333333333332 0.024739583333333332
0 0.6184895833333334 0.6165364583333334 0.018229166666666668 0.024739583333333332
0 0.3255208333333333 0.08658854166666667 0.026041666666666668 0.02734375
0 0.392578125 0.17838541666666666 0.014322916666666666 0.018229166666666668
0 0.3645833333333333 0.19270833333333334 0.013020833333333334 0.013020833333333334
0 0.3515625 0.14192708333333334 0.010416666666666666 0.013020833333333334
0 0.7701822916666666 0.9895833333333334 0.01953125 0.018229166666666668