0 0.654296875 0.23046875 0.037760416666666664 0.0234375
0 0.65234375 0.5559895833333334 0.1484375 0.171875
0 0.24674479166666666 0.2942708333333333 0.022135416666666668 0.0234375
0 0.75 0.24088541666666666 0.026041666666666668 0.028645833333333332
0 0.73046875 0.20442708333333334 0.018229166666666668 0.018229166666666668
0 0.9798177083333334 0.6087239583333334 0.022135416666666668 0.024739583333333332
0 0.9453125 0.76171875 0.044270833333333336 0.044270833333333336
0 0.947265625 0.853515625 0.02734375 0.022135416666666668
0 0.5572916666666666 0.341796875 0.026041666666666668 0.02734375
0 0.2825520833333333 0.20638020833333334 0.015625 0.016927083333333332
0 0.23958333333333334 0.24479166666666666 0.018229166666666668 0.018229166666666668
0 0.275390625 0.505859375 0.09244791666666667 0.11067708333333333
0 0.12434895833333333 0.7174479166666666 0.12369791666666667 0.12760416666666666
0 0.19791666666666666 0.802734375 0.018229166666666668 0.01953125
0 0.125 0.5442708333333334 0.0234375 0.026041666666666668
0 0.037109375 0.9088541666666666 0.03515625 0.0390625
0 0.018880208333333332 0.8170572916666666 0.016927083333333332 0.016927083333333332
0 0.8177083333333334 0.038411458333333336 0.018229166666666668 0.022135416666666668
0 0.115234375 0.4557291666666667 0.014322916666666666 0.018229166666666668
0 0.220703125 0.8489583333333334 0.016927083333333332 0.015625
0 0.771484375 0.208984375 0.014322916666666666 0.014322916666666666
0 0.7395833333333334 0.255859375 0.020833333333333332 0.022135416666666668
0 0.7473958333333334 0.353515625 0.010416666666666666 0.01171875
0 0.7109375 0.3932291666666667 0.013020833333333334 0.015625
0 0.9505208333333334 0.927734375 0.09375 0.14453125
0 0.7994791666666666 0.9615885416666666 0.06770833333333333 0.06901041666666667
0 0.4856770833333333 0.7180989583333334 0.010416666666666666 0.01171875
0 0.3841145833333333 0.3470052083333333 0.013020833333333334 0.01171875
0 0.38671875 0.697265625 0.0078125 0.009114583333333334
0 0.34765625 0.6861979166666666 0.010416666666666666 0.0078125
0 0.35546875 0.728515625 0.0078125 0.009114583333333334
0 0.3372395833333333 0.77734375 0.0078125 0.0078125
0 0.705078125 0.8268229166666666 0.01171875 0.013020833333333334
0 0.7669270833333334 0.744140625 0.013020833333333334 0.014322916666666666
0 0.8111979166666666 0.8248697916666666 0.013020833333333334 0.01171875
0 0.22981770833333334 0.2845052083333333 0.01953125 0.022135416666666668
0 0.169921875 0.2682291666666667 0.014322916666666666 0.015625
0 0.14453125 0.2545572916666667 0.010416666666666666 0.01171875
0 0.3567708333333333 0.203125 0.010416666666666666 0.010416666666666666
0 0.013020833333333334 0.53125 0.013020833333333334 0.015625
0 0.016927083333333332 0.951171875 0.015625 0.016927083333333332
0 0.19270833333333334 0.9654947916666666 0.013020833333333334 0.01171875
0 0.14322916666666666 0.9459635416666666 0.010416666666666666 0.01171875
0 0.4303385416666667 0.966796875 0.009114583333333334 0.009114583333333334
0 0.435546875 0.97265625 0.009114583333333334 0.0078125
0 0.4069010416666667 0.96484375 0.006510416666666667 0.0078125
0 0.341796875 0.9524739583333334 0.006510416666666667 0.006510416666666667
0 0.4876302083333333 0.57421875 0.014322916666666666 0.015625
0 0.6178385416666666 0.6888020833333334 0.009114583333333334 0.010416666666666666
0 0.619140625 0.7096354166666666 0.009114583333333334 0.010416666666666666
0 0.7044270833333334 0.6608072916666666 0.010416666666666666 0.01171875
0 0.7513020833333334 0.9036458333333334 0.010416666666666666 0.010416666666666666
0 0.9915364583333334 0.4720052083333333 0.009114583333333334 0.01171875
0 0.8860677083333334 0.55859375 0.009114583333333334 0.010416666666666666
0 0.9505208333333334 0.9127604166666666 0.0078125 0.0078125
0 0.9290364583333334 0.8997395833333334 0.016927083333333332 0.015625
0 0.9381510416666666 0.958984375 0.01171875 0.01171875
0 0.951171875 0.3932291666666667 0.014322916666666666 0.015625
0 0.857421875 0.232421875 0.01171875 0.01171875
0 0.7890625 0.1796875 0.013020833333333334 0.013020833333333334
0 0.7858072916666666 0.22786458333333334 0.014322916666666666 0.013020833333333334