0 0.4869791666666667 0.3092447916666667 0.10677083333333333 0.11848958333333333
0 0.6940104166666666 0.55859375 0.07291666666666667 0.07552083333333333
0 0.040364583333333336 0.48828125 0.028645833333333332 0.033854166666666664
0 0.013671875 0.19791666666666666 0.02734375 0.0625
0 0.837890625 0.11328125 0.01953125 0.020833333333333332
0 0.326171875 0.7311197916666666 0.014322916666666666 0.014322916666666666
0 0.4778645833333333 0.2936197916666667 0.0078125 0.009114583333333334
0 0.546875 0.3704427083333333 0.013020833333333334 0.01171875
0 0.056640625 0.2506510416666667 0.009114583333333334 0.01171875
0 0.08333333333333333 0.2513020833333333 0.020833333333333332 0.026041666666666668
0 0.07356770833333333 0.498046875 0.022135416666666668 0.029947916666666668
0 0.265625 0.5442708333333334 0.015625 0.018229166666666668
0 0.6106770833333334 0.7076822916666666 0.018229166666666668 0.01953125
0 0.5045572916666666 0.6490885416666666 0.01953125 0.016927083333333332
0 0.8274739583333334 0.022786458333333332 0.013020833333333334 0.014322916666666666
0 0.3098958333333333 0.8684895833333334 0.01171875 0.01171875
0 0.015625 0.6223958333333334 0.009114583333333334 0.009114583333333334
0 0.012369791666666666 0.8138020833333334 0.009114583333333334 0.009114583333333334
0 0.4596354166666667 0.6569010416666666 0.0078125 0.0078125
0 0.07096354166666667 0.712890625 0.010416666666666666 0.009114583333333334
0 0.154296875 0.27734375 0.009114583333333334 0.009114583333333334
0 0.5397135416666666 0.4850260416666667 0.0078125 0.009114583333333334
0 0.453125 0.646484375 0.0078125 0.009114583333333334
0 0.4869791666666667 0.34375 0.009114583333333334 0.009114583333333334
0 0.7180989583333334 0.8606770833333334 0.0078125 0.009114583333333334
0 0.4889322916666667 0.5852864583333334 0.0078125 0.0078125
0 0.615234375 0.28125 0.009114583333333334 0.009114583333333334
0 0.19856770833333334 0.4876302083333333 0.0078125 0.0078125
0 0.6067708333333334 0.064453125 0.0078125 0.009114583333333334
0 0.4518229166666667 0.876953125 0.0078125 0.0078125
0 0.59765625 0.3372395833333333 0.010416666666666666 0.010416666666666666
0 0.2565104166666667 0.5944010416666666 0.0078125 0.0078125
0 0.17252604166666666 0.3658854166666667 0.0078125 0.0078125
0 0.8313802083333334 0.8274739583333334 0.0078125 0.0078125