0 0.248046875 0.6145833333333334 0.032552083333333336 0.036458333333333336
0 0.2669270833333333 0.7571614583333334 0.018229166666666668 0.01953125
0 0.3997395833333333 0.748046875 0.013020833333333334 0.014322916666666666
0 0.322265625 0.82421875 0.016927083333333332 0.020833333333333332
0 0.4381510416666667 0.7864583333333334 0.022135416666666668 0.0234375
0 0.5540364583333334 0.8216145833333334 0.016927083333333332 0.015625
0 0.5944010416666666 0.8815104166666666 0.01953125 0.0234375
0 0.703125 0.8040364583333334 0.018229166666666668 0.016927083333333332
0 0.650390625 0.7063802083333334 0.009114583333333334 0.009114583333333334
0 0.9524739583333334 0.8919270833333334 0.037760416666666664 0.041666666666666664
0 0.837890625 0.9889322916666666 0.014322916666666666 0.014322916666666666
0 0.9381510416666666 0.9772135416666666 0.06901041666666667 0.040364583333333336
0 0.05078125 0.712890625 0.026041666666666668 0.040364583333333336
0 0.939453125 0.07421875 0.01171875 0.013020833333333334
0 0.7122395833333334 0.013020833333333334 0.033854166666666664 0.0234375
0 0.8483072916666666 0.02734375 0.022135416666666668 0.018229166666666668
0 0.94091796875 0.07574462890625 0.0094146728515625 0.00867462158203125