0 0.314453125 0.22330729166666666 0.02734375 0.037760416666666664
0 0.043619791666666664 0.23958333333333334 0.01953125 0.018229166666666668
0 0.3515625 0.31640625 0.015625 0.015625
0 0.396484375 0.046223958333333336 0.024739583333333332 0.024739583333333332
0 0.5598958333333334 0.92578125 0.020833333333333332 0.018229166666666668
0 0.1484375 0.3684895833333333 0.015625 0.015625
0 0.9752604166666666 0.5384114583333334 0.018229166666666668 0.016927083333333332
0 0.8098958333333334 0.9303385416666666 0.013020833333333334 0.016927083333333332
0 0.703125 0.169921875 0.013020833333333334 0.01171875
0 0.5234375 0.19921875 0.013020833333333334 0.015625
0 0.51953125 0.388671875 0.010416666666666666 0.01953125
0 0.837890625 0.5638020833333334 0.016927083333333332 0.015625
0 0.2936197916666667 0.6354166666666666 0.014322916666666666 0.010416666666666666
0 0.599609375 0.9518229166666666 0.006510416666666667 0.010416666666666666
0 0.08919270833333333 0.392578125 0.01171875 0.01171875