0 0.20638020833333334 0.5006510416666666 0.014322916666666666 0.009114583333333334
0 0.21354166666666666 0.4694010416666667 0.14322916666666666 0.14973958333333334
0 0.28125 0.3704427083333333 0.020833333333333332 0.029947916666666668
0 0.23046875 0.3046875 0.15885416666666666 0.15104166666666666
0 0.17122395833333334 0.22200520833333334 0.02734375 0.02734375
0 0.043619791666666664 0.23893229166666666 0.024739583333333332 0.022135416666666668
0 0.5091145833333334 0.4661458333333333 0.044270833333333336 0.0390625
0 0.4759114583333333 0.31640625 0.032552083333333336 0.0390625
0 0.6106770833333334 0.5520833333333334 0.0234375 0.0234375
0 0.5638020833333334 0.7044270833333334 0.03125 0.033854166666666664
0 0.3717447916666667 0.4921875 0.032552083333333336 0.026041666666666668
0 0.3489583333333333 0.9075520833333334 0.036458333333333336 0.028645833333333332
0 0.3502604166666667 0.8736979166666666 0.026041666666666668 0.020833333333333332
0 0.228515625 0.794921875 0.045572916666666664 0.045572916666666664
0 0.208984375 0.7682291666666666 0.01953125 0.018229166666666668
0 0.07291666666666667 0.8001302083333334 0.13541666666666666 0.17317708333333334
0 0.21875 0.6373697916666666 0.03125 0.032552083333333336
0 0.2903645833333333 0.5729166666666666 0.10416666666666667 0.09895833333333333
0 0.357421875 0.73046875 0.016927083333333332 0.018229166666666668
0 0.455078125 0.5833333333333334 0.022135416666666668 0.020833333333333332
0 0.3815104166666667 0.033203125 0.052083333333333336 0.045572916666666664
0 0.6516927083333334 0.4778645833333333 0.01953125 0.026041666666666668
0 0.7630208333333334 0.388671875 0.020833333333333332 0.016927083333333332
0 0.6940104166666666 0.185546875 0.026041666666666668 0.024739583333333332
0 0.599609375 0.3522135416666667 0.01953125 0.01953125
0 0.896484375 0.697265625 0.032552083333333336 0.032552083333333336
0 0.8697916666666666 0.9270833333333334 0.052083333333333336 0.0546875
0 0.8170572916666666 0.84765625 0.33984375 0.3020833333333333
0 0.85546875 0.9915364583333334 0.0234375 0.014322916666666666
0 0.6263020833333334 0.7688802083333334 0.018229166666666668 0.01953125
0 0.453125 0.041015625 0.0390625 0.037760416666666664
0 0.07942708333333333 0.20182291666666666 0.020833333333333332 0.018229166666666668
0 0.04296875 0.171875 0.06510416666666667 0.08854166666666667
0 0.560546875 0.44140625 0.014322916666666666 0.013020833333333334
0 0.9329427083333334 0.3509114583333333 0.06901041666666667 0.06901041666666667
0 0.9837239583333334 0.6373697916666666 0.01953125 0.01953125
0 0.8932291666666666 0.14388020833333334 0.046875 0.05859375
0 0.9192708333333334 0.061197916666666664 0.03125 0.0234375
0 0.3235677083333333 0.7936197916666666 0.016927083333333332 0.022135416666666668
0 0.4921875 0.09244791666666667 0.015625 0.015625
0 0.3899739583333333 0.24153645833333334 0.048177083333333336 0.045572916666666664
0 0.3665364583333333 0.15234375 0.022135416666666668 0.0234375
0 0.271484375 0.18424479166666666 0.01171875 0.01171875
0 0.3001302083333333 0.12760416666666666 0.032552083333333336 0.026041666666666668
0 0.6243489583333334 0.87890625 0.04296875 0.046875
0 0.9622395833333334 0.6438802083333334 0.07552083333333333 0.17057291666666666
0 0.5182291666666666 0.2766927083333333 0.03125 0.029947916666666668
0 0.357421875 0.015625 0.01953125 0.015625
0 0.7688802083333334 0.13020833333333334 0.014322916666666666 0.015625