0 0.20833333333333334 0.318359375 0.09635416666666667 0.08984375
0 0.5625 0.8678385416666666 0.026041666666666668 0.024739583333333332
0 0.6432291666666666 0.8053385416666666 0.020833333333333332 0.01953125
0 0.049479166666666664 0.177734375 0.018229166666666668 0.016927083333333332
0 0.6907552083333334 0.09895833333333333 0.07942708333333333 0.07291666666666667
0 0.8313802083333334 0.5266927083333334 0.01953125 0.016927083333333332
0 0.7194010416666666 0.21614583333333334 0.016927083333333332 0.015625
0 0.17317708333333334 0.083984375 0.013020833333333334 0.014322916666666666
0 0.4010416666666667 0.0703125 0.018229166666666668 0.015625
0 0.21809895833333334 0.5533854166666666 0.022135416666666668 0.020833333333333332
0 0.3932291666666667 0.21419270833333334 0.013020833333333334 0.014322916666666666
0 0.5670572916666666 0.09375 0.014322916666666666 0.013020833333333334
0 0.5182291666666666 0.06575520833333333 0.015625 0.01171875
0 0.9303385416666666 0.10416666666666667 0.016927083333333332 0.018229166666666668
0 0.013671875 0.6744791666666666 0.014322916666666666 0.013020833333333334
0 0.125 0.908203125 0.010416666666666666 0.01171875
0 0.5735677083333334 0.87890625 0.014322916666666666 0.013020833333333334
0 0.5865885416666666 0.5703125 0.3606770833333333 0.3177083333333333
0 0.2779947916666667 0.9108072916666666 0.014322916666666666 0.014322916666666666
0 0.951171875 0.6158854166666666 0.016927083333333332 0.015625
0 0.984375 0.4270833333333333 0.03125 0.0625
0 0.9055989583333334 0.2994791666666667 0.016927083333333332 0.018229166666666668
0 0.302734375 0.14908854166666666 0.016927083333333332 0.014322916666666666
0 0.11979166666666667 0.2916666666666667 0.018229166666666668 0.013020833333333334