0 0.24348958333333334 0.4127604166666667 0.040364583333333336 0.036458333333333336
0 0.20833333333333334 0.9348958333333334 0.033854166666666664 0.032552083333333336
0 0.8287760416666666 0.6022135416666666 0.032552083333333336 0.03125
0 0.55859375 0.2975260416666667 0.024739583333333332 0.024739583333333332
0 0.171875 0.3157552083333333 0.0390625 0.036458333333333336
0 0.6236979166666666 0.451171875 0.041666666666666664 0.036458333333333336
0 0.5305989583333334 0.65625 0.03125 0.029947916666666668
0 0.6712239583333334 0.15690104166666666 0.04296875 0.040364583333333336
0 0.3196614583333333 0.3515625 0.033854166666666664 0.03515625
0 0.3828125 0.044270833333333336 0.037760416666666664 0.03515625
0 0.294921875 0.9954427083333334 0.02734375 0.009114583333333334
0 0.625 0.2740885416666667 0.02734375 0.02734375
0 0.240234375 0.578125 0.03515625 0.032552083333333336
0 0.51953125 0.7936197916666666 0.041666666666666664 0.041666666666666664
0 0.12434895833333333 0.080078125 0.04296875 0.032552083333333336
0 0.12825520833333334 0.2565104166666667 0.036458333333333336 0.03515625
0 0.509765625 0.552734375 0.032552083333333336 0.033854166666666664
0 0.7565104166666666 0.4309895833333333 0.033854166666666664 0.03515625
0 0.029947916666666668 0.291015625 0.029947916666666668 0.026041666666666668
0 0.408203125 0.88671875 0.036458333333333336 0.0390625
0 0.42578125 0.8795572916666666 0.032552083333333336 0.029947916666666668
0 0.2734375 0.73046875 0.040364583333333336 0.037760416666666664
0 0.024088541666666668 0.9296875 0.026041666666666668 0.026041666666666668
0 0.4505208333333333 0.07942708333333333 0.0703125 0.07291666666666667
0 0.025390625 0.4837239583333333 0.036458333333333336 0.033854166666666664
0 0.08463541666666667 0.6354166666666666 0.024739583333333332 0.0234375
0 0.044270833333333336 0.244140625 0.07682291666666667 0.07421875
0 0.8177083333333334 0.5013020833333334 0.049479166666666664 0.048177083333333336
0 0.7994791666666666 0.830078125 0.053385416666666664 0.052083333333333336
0 0.005859375 0.01171875 0.01171875 0.0234375
0 0.009114583333333334 0.8294270833333334 0.018229166666666668 0.0234375
0 0.8509114583333334 0.14127604166666666 0.059895833333333336 0.057291666666666664
0 0.4153645833333333 0.251953125 0.13671875 0.14192708333333334
0 0.62109375 0.40625 0.109375 0.10677083333333333