0 0.85546875 0.5221354166666666 0.0390625 0.0390625
0 0.9381510416666666 0.7213541666666666 0.12109375 0.18229166666666666
0 0.7903645833333334 0.5384114583333334 0.026041666666666668 0.024739583333333332
0 0.8600260416666666 0.19856770833333334 0.03515625 0.045572916666666664
0 0.796875 0.349609375 0.013020833333333334 0.014322916666666666
0 0.7076822916666666 0.23111979166666666 0.27734375 0.2825520833333333
0 0.6341145833333334 0.19661458333333334 0.028645833333333332 0.026041666666666668
0 0.7877604166666666 0.09049479166666667 0.020833333333333332 0.016927083333333332
0 0.3567708333333333 0.4029947916666667 0.06510416666666667 0.07421875
0 0.3509114583333333 0.24609375 0.4049479166666667 0.4479166666666667
0 0.06705729166666667 0.020833333333333332 0.02734375 0.026041666666666668
0 0.009765625 0.201171875 0.01953125 0.024739583333333332
0 0.2740885416666667 0.5325520833333334 0.10026041666666667 0.11458333333333333
0 0.3743489583333333 0.6907552083333334 0.06640625 0.08203125
0 0.5930989583333334 0.9583333333333334 0.01953125 0.020833333333333332
0 0.7291666666666666 0.9283854166666666 0.22916666666666666 0.13020833333333334
0 0.2513020833333333 0.7239583333333334 0.026041666666666668 0.026041666666666668
0 0.12825520833333334 0.68359375 0.24088541666666666 0.2604166666666667
0 0.018229166666666668 0.7356770833333334 0.036458333333333336 0.0625
0 0.01171875 0.3567708333333333 0.013020833333333334 0.018229166666666668
0 0.83984375 0.5944010416666666 0.013020833333333334 0.01953125
0 0.9583333333333334 0.3255208333333333 0.08072916666666667 0.13541666666666666
0 0.927734375 0.1015625 0.01953125 0.0234375
0 0.5234375 0.8470052083333334 0.0234375 0.01953125
0 0.6341145833333334 0.60546875 0.013020833333333334 0.018229166666666668
0 0.4446614583333333 0.9303385416666666 0.014322916666666666 0.009114583333333334
0 0.4329427083333333 0.21614583333333334 0.01171875 0.018229166666666668
0 0.7513020833333334 0.05859375 0.06510416666666667 0.06770833333333333
0 0.646484375 0.064453125 0.061197916666666664 0.061197916666666664
0 0.051432291666666664 0.3587239583333333 0.014322916666666666 0.016927083333333332
0 0.050130208333333336 0.9348958333333334 0.01953125 0.026041666666666668
0 0.033854166666666664 0.8040364583333334 0.013020833333333334 0.01953125
0 0.7141927083333334 0.18815104166666666 0.014322916666666666 0.014322916666666666
0 0.796875 0.19466145833333334 0.0078125 0.009114583333333334
0 0.6888020833333334 0.13020833333333334 0.010416666666666666 0.010416666666666666
0 0.0546875 0.2962239583333333 0.010416666666666666 0.01171875
0 0.004557291666666667 0.3899739583333333 0.009114583333333334 0.009114583333333334
0 0.10677083333333333 0.5442708333333334 0.013020833333333334 0.013020833333333334
0 0.14518229166666666 0.6243489583333334 0.01171875 0.01171875
0 0.08658854166666667 0.8404947916666666 0.17317708333333334 0.16276041666666666
0 0.4557291666666667 0.6302083333333334 0.013020833333333334 0.013020833333333334
0 0.712890625 0.4342447916666667 0.01171875 0.01171875
0 0.78125 0.6256510416666666 0.013020833333333334 0.009114583333333334
0 0.12955729166666666 0.3997395833333333 0.01171875 0.013020833333333334