0 0.84765625 0.15364583333333334 0.19010416666666666 0.1875
0 0.126953125 0.09375 0.05859375 0.0546875
0 0.4186197916666667 0.021484375 0.029947916666666668 0.02734375
0 0.5885416666666666 0.06966145833333333 0.033854166666666664 0.032552083333333336
0 0.4908854166666667 0.29296875 0.06770833333333333 0.059895833333333336
0 0.2955729166666667 0.15559895833333334 0.0234375 0.022135416666666668
0 0.2981770833333333 0.12239583333333333 0.018229166666666668 0.015625
0 0.208984375 0.2591145833333333 0.06640625 0.06770833333333333
0 0.044921875 0.3072916666666667 0.055989583333333336 0.0546875
0 0.0546875 0.3763020833333333 0.020833333333333332 0.015625
0 0.034505208333333336 0.23372395833333334 0.06640625 0.07161458333333333
0 0.15755208333333334 0.5559895833333334 0.052083333333333336 0.046875
0 0.5625 0.5885416666666666 0.044270833333333336 0.041666666666666664
0 0.7819010416666666 0.6510416666666666 0.032552083333333336 0.0390625
0 0.34375 0.685546875 0.036458333333333336 0.03515625
0 0.19140625 0.7122395833333334 0.028645833333333332 0.028645833333333332
0 0.265625 0.7506510416666666 0.03125 0.029947916666666668
0 0.15885416666666666 0.7578125 0.015625 0.015625
0 0.091796875 0.876953125 0.029947916666666668 0.029947916666666668
0 0.484375 0.763671875 0.020833333333333332 0.01953125
0 0.60546875 0.818359375 0.10416666666666667 0.10286458333333333
0 0.76171875 0.8020833333333334 0.013020833333333334 0.013020833333333334
0 0.892578125 0.892578125 0.07161458333333333 0.06640625
0 0.7220052083333334 0.3932291666666667 0.061197916666666664 0.057291666666666664
0 0.5384114583333334 0.23111979166666666 0.016927083333333332 0.016927083333333332
0 0.2545572916666667 0.8326822916666666 0.045572916666666664 0.037760416666666664
0 0.173828125 0.9921875 0.01953125 0.013020833333333334
0 0.654296875 0.8821614583333334 0.053385416666666664 0.045572916666666664
0 0.5071614583333334 0.38671875 0.014322916666666666 0.013020833333333334
0 0.6477864583333334 0.10677083333333333 0.061197916666666664 0.0546875
0 0.24348958333333334 0.5546875 0.018229166666666668 0.013020833333333334
0 0.15104166666666666 0.607421875 0.015625 0.01171875
0 0.06770833333333333 0.6015625 0.015625 0.013020833333333334
0 0.4654947916666667 0.8216145833333334 0.014322916666666666 0.013020833333333334
0 0.912109375 0.46875 0.13671875 0.14322916666666666
0 0.12825520833333334 0.8170572916666666 0.25390625 0.2721354166666667
0 0.345703125 0.8802083333333334 0.01171875 0.013020833333333334
0 0.14192708333333334 0.146484375 0.013020833333333334 0.01171875
0 0.3977864583333333 0.3040364583333333 0.01171875 0.01171875
0 0.3860677083333333 0.3873697916666667 0.009114583333333334 0.009114583333333334
0 0.486328125 0.9661458333333334 0.009114583333333334 0.010416666666666666
0 0.4772135416666667 0.9830729166666666 0.009114583333333334 0.010416666666666666
0 0.3626302083333333 0.966796875 0.009114583333333334 0.009114583333333334
0 0.5748697916666666 0.875 0.014322916666666666 0.010416666666666666
0 0.494140625 0.9205729166666666 0.01171875 0.010416666666666666
0 0.16471354166666666 0.8177083333333334 0.01171875 0.010416666666666666
0 0.2890625 0.8170572916666666 0.015625 0.01171875
0 0.5201822916666666 0.451171875 0.006510416666666667 0.006510416666666667
0 0.466796875 0.06640625 0.009114583333333334 0.0078125
0 0.17513020833333334 0.109375 0.009114583333333334 0.010416666666666666
0 0.1875 0.12369791666666667 0.0078125 0.0078125
0 0.18815104166666666 0.10221354166666667 0.009114583333333334 0.009114583333333334
0 0.026041666666666668 0.3333333333333333 0.013020833333333334 0.010416666666666666
0 0.103515625 0.345703125 0.009114583333333334 0.006510416666666667
0 0.15234375 0.2994791666666667 0.0078125 0.0078125
0 0.17317708333333334 0.40234375 0.0078125 0.0078125
0 0.22395833333333334 0.4251302083333333 0.010416666666666666 0.009114583333333334
0 0.197265625 0.4055989583333333 0.006510416666666667 0.006510416666666667
0 0.15104166666666666 0.4459635416666667 0.0078125 0.006510416666666667
0 0.078125 0.4544270833333333 0.0078125 0.0078125
0 0.10546875 0.5397135416666666 0.0078125 0.009114583333333334
0 0.11393229166666667 0.5989583333333334 0.009114583333333334 0.0078125
0 0.21549479166666666 0.7259114583333334 0.014322916666666666 0.014322916666666666
0 0.23828125 0.7141927083333334 0.013020833333333334 0.01171875
0 0.031901041666666664 0.796875 0.01171875 0.010416666666666666