0 0.0625 0.4615885416666667 0.033854166666666664 0.03515625
0 0.9244791666666666 0.9674479166666666 0.0703125 0.0625
0 0.5930989583333334 0.08203125 0.016927083333333332 0.020833333333333332
0 0.9010416666666666 0.373046875 0.013020833333333334 0.014322916666666666
0 0.123046875 0.7708333333333334 0.01953125 0.018229166666666668
0 0.024739583333333332 0.62109375 0.013020833333333334 0.013020833333333334
0 0.46875 0.521484375 0.013020833333333334 0.01171875
0 0.66015625 0.8196614583333334 0.013020833333333334 0.014322916666666666
0 0.18424479166666666 0.016276041666666668 0.016927083333333332 0.016927083333333332
0 0.228515625 0.5755208333333334 0.01171875 0.010416666666666666
0 0.88671875 0.1796875 0.013020833333333334 0.015625
0 0.024088541666666668 0.09049479166666667 0.01171875 0.01171875
0 0.857421875 0.470703125 0.01171875 0.014322916666666666
0 0.17317708333333334 0.951171875 0.015625 0.01953125
0 0.853515625 0.2708333333333333 0.014322916666666666 0.013020833333333334
0 0.7102864583333334 0.07421875 0.01171875 0.010416666666666666
0 0.8528645833333334 0.23502604166666666 0.010416666666666666 0.01171875
0 0.83203125 0.25390625 0.013020833333333334 0.010416666666666666
0 0.076171875 0.70703125 0.014322916666666666 0.013020833333333334
0 0.78125 0.6380208333333334 0.010416666666666666 0.010416666666666666
0 0.9947916666666666 0.7838541666666666 0.010416666666666666 0.036458333333333336
0 0.6901041666666666 0.011067708333333334 0.010416666666666666 0.01171875
0 0.03634114583333333 0.564453125 0.01024739583333333 0.00947916666666663
0 0.30078125 0.49048177083333333 0.014231770833333343 0.01307291666666662
0 0.15845052083333333 0.7749088541666667 0.008984375000000008 0.00858072916666656
0 0.052122395833333335 0.41455729166666666 0.009674479166666675 0.008919270833333362
0 0.4033203125 0.34106770833333333 0.010286458333333304 0.009895833333333362
0 0.7817447916666667 0.638671875 0.00819010416666662 0.007877604166666607
0 0.1698046875 0.7514713541666667 0.009062499999999992 0.008645833333333464
0 0.06231770833333333 0.5659244791666667 0.009023437500000009 0.008645833333333316
0 0.16247395833333333 0.6005859375 0.009023437500000009 0.008736979166666714
0 0.0757421875 0.6435546875 0.008098958333333331 0.00819010416666662
0 0.14001302083333333 0.8427734375 0.008645833333333316 0.008710937500000071
0 0.7055729166666667 0.4755859375 0.008815104166666643 0.008671874999999959
0 0.5634765625 0.5703125 0.008125000000000012 0.007968750000000005
0 0.6669921875 0.39916666666666667 0.009674479166666675 0.009375000000000059
0 0.38305989583333333 0.5205078125 0.008815104166666643 0.008919270833333362
0 0.736328125 0.42944010416666667 0.008710937500000071 0.008671874999999959
0 0.14123697916666667 0.58984375 0.007226562500000015 0.0072005208333332975
0 0.24450520833333333 0.23986979166666667 0.0082552083333333 0.00800781249999997
0 0.61328125 0.26319010416666666 0.008476562499999988 0.008411458333333307
0 0.6318359375 0.4921875 0.008281250000000018 0.008216145833333263
0 0.5170963541666667 0.2247265625 0.008619791666666673 0.007721354166666676
0 0.8627994791666667 0.5210026041666667 0.00819010416666662 0.008255208333333375
0 0.1502734375 0.5395572916666667 0.008255208333333338 0.007721354166666601
0 0.5634765625 0.20739583333333333 0.008450520833333345 0.008190104166666693
0 0.6123046875 0.759765625 0.007486979166666667 0.00790364583333325
0 0.8022526041666667 0.9223697916666667 0.008619791666666524 0.008984375000000119