0 0.2805989583333333 0.4772135416666667 0.040364583333333336 0.040364583333333336
0 0.059244791666666664 0.349609375 0.053385416666666664 0.05859375
0 0.13802083333333334 0.3268229166666667 0.015625 0.026041666666666668
0 0.029296875 0.251953125 0.01953125 0.01953125
0 0.302734375 0.15755208333333334 0.05859375 0.06510416666666667
0 0.5794270833333334 0.01171875 0.026041666666666668 0.020833333333333332
0 0.6165364583333334 0.014322916666666666 0.03515625 0.026041666666666668
0 0.6236979166666666 0.4635416666666667 0.033854166666666664 0.0390625
0 0.6256510416666666 0.369140625 0.06640625 0.05859375
0 0.400390625 0.3821614583333333 0.032552083333333336 0.032552083333333336
0 0.5872395833333334 0.2916666666666667 0.0234375 0.018229166666666668
0 0.5696614583333334 0.7864583333333334 0.01953125 0.020833333333333332
0 0.89453125 0.61328125 0.026041666666666668 0.026041666666666668
0 0.880859375 0.8346354166666666 0.053385416666666664 0.052083333333333336
0 0.11393229166666667 0.9140625 0.11067708333333333 0.13020833333333334
0 0.4264322916666667 0.9602864583333334 0.11067708333333333 0.061197916666666664
0 0.4518229166666667 0.010416666666666666 0.015625 0.018229166666666668
0 0.4537760416666667 0.6067708333333334 0.016927083333333332 0.013020833333333334
0 0.07942708333333333 0.7252604166666666 0.0234375 0.026041666666666668
0 0.052083333333333336 0.7115885416666666 0.013020833333333334 0.01171875
0 0.7662760416666666 0.8515625 0.022135416666666668 0.020833333333333332
0 0.5598958333333334 0.6588541666666666 0.013020833333333334 0.013020833333333334
0 0.744140625 0.9296875 0.014322916666666666 0.018229166666666668
0 0.15755208333333334 0.859375 0.015625 0.015625
0 0.783203125 0.49609375 0.016927083333333332 0.013020833333333334
0 0.4114583333333333 0.12174479166666667 0.013020833333333334 0.01953125
0 0.322265625 0.03125 0.014322916666666666 0.015625
0 0.611328125 0.8365885416666666 0.014322916666666666 0.014322916666666666
0 0.4993489583333333 0.8671875 0.014322916666666666 0.013020833333333334