0 0.38791147867838544 0.9733702341715494 0.023643672466278076 0.02328058083852132
0 0.57421875 0.9934895833333334 0.020833333333333332 0.013020833333333334
0 0.17261950174967447 0.9432977040608724 0.024006764094034832 0.022746622562408447
0 0.35032081604003906 0.7245883941650391 0.021796176830927532 0.022212664286295574
0 0.7501487731933594 0.7826830546061198 0.02847065528233846 0.02847065528233846
0 0.9797935485839844 0.8189067840576172 0.026356180508931477 0.026142597198486328
0 0.695471445719401 0.3380880355834961 0.024967888991038006 0.025843580563863117
0 0.7378463745117188 0.7006670633951823 0.020803014437357586 0.023643672466278076
0 0.3721917470296224 0.09784952799479167 0.020728260278701782 0.020087510347366333
0 0.8034591674804688 0.11356925964355469 0.020407885313034058 0.020963201920191448
0 0.6681327819824219 0.21506404876708984 0.024583439032236736 0.025651355584462483
0 0.4439557393391927 0.8462454477945963 0.021048635244369507 0.02171074350674947
0 0.27787335713704425 0.5626068115234375 0.020407885313034058 0.01993800203005473
0 0.28539148966471356 0.4443670908610026 0.019329289595286053 0.019329289595286053
0 0.14869817097981772 0.034628868103027344 0.03284911314646403 0.031717121601104736
0 0.2696717580159505 0.38866456349690753 0.019404043753941853 0.020247697830200195
0 0.035242716471354164 0.7239049275716146 0.027082363764444988 0.0252455472946167
0 0.5054677327473959 0.40165042877197266 0.027381380399068195 0.027594963709513348
0 0.2867584228515625 0.15218512217203775 0.018592427174250286 0.01925453543663025
0 0.56561279296875 0.6733283996582031 0.020247697830200195 0.023109714190165203
0 0.8116607666015625 0.3435557683308919 0.021134068568547566 0.02266118923823039
0 0.7597173055013021 0.579010009765625 0.022298097610473633 0.022575755914052326
0 0.3783429463704427 0.6726449330647787 0.024284422397613525 0.02516011397043864
0 0.8499348958333334 0.8387273152669271 0.020407885313034058 0.020728260278701782
0 0.14664777119954428 0.39208189646402997 0.020407885313034058 0.020322451988856
0 0.287441889444987 0.9016062418619791 0.020803014437357586 0.020642826954523723
0 0.08376884460449219 0.7368907928466797 0.03453642129898071 0.03361801306406657
0 0.8854751586914062 0.6835803985595703 0.04154195388158163 0.041072070598602295
0 0.21704483032226562 0.5646572113037109 0.026868780453999836 0.020322451988856
0 0.26147015889485675 0.6767457326253256 0.020803014437357586 0.01993800203005473
0 0.45899200439453125 0.031040668487548828 0.019105027119318645 0.023366014162699383
0 0.2580528259277344 0.7348403930664062 0.03701398770014445 0.034002463022867836
0 0.21977869669596353 0.9289449055989584 0.01822933554649353 0.018592427174250286
0 0.8909428914388021 0.6500905354817709 0.0346645712852478 0.03374616305033366
0 0.45830853780110675 0.9720033009847006 0.019329289595286053 0.021134068568547566
0 0.7187093098958334 0.20139471689860025 0.06347695986429851 0.06544192632039388
0 0.15621630350748697 0.18943405151367188 0.060614943504333496 0.07210572560628255
0 0.3475869496663411 0.25948937733968097 0.05993147691090902 0.05425016085306803
0 0.5123023986816406 0.1931931177775065 0.026142597198486328 0.024583439032236736
0 0.041666666666666664 0.026692708333333332 0.08072916666666667 0.053385416666666664
0 0.4719778696695964 0.6849473317464193 0.07449785868326823 0.07723172505696614
0 0.7317708333333334 0.014973958333333334 0.0703125 0.029947916666666668
0 0.18423843383789062 0.07529513041178386 0.05352397759755453 0.05813737710316976
0 0.712890625 0.9837239583333334 0.032552083333333336 0.032552083333333336
0 0.662665049235026 0.7840499877929688 0.08269945780436198 0.1067062218983968
0 0.9661242167154948 0.3510739008585612 0.05856454372406006 0.06168286005655924