0 0.4694010416666667 0.345703125 0.037760416666666664 0.032552083333333336
0 0.20182291666666666 0.4388020833333333 0.10416666666666667 0.09375
0 0.3333333333333333 0.6875 0.026041666666666668 0.026041666666666668
0 0.4830729166666667 0.5266927083333334 0.015625 0.016927083333333332
0 0.7565104166666666 0.58984375 0.0234375 0.026041666666666668
0 0.712890625 0.3196614583333333 0.07161458333333333 0.05859375
0 0.908203125 0.873046875 0.032552083333333336 0.032552083333333336
0 0.3815104166666667 0.8294270833333334 0.018229166666666668 0.015625
0 0.5826822916666666 0.169921875 0.01953125 0.01953125
0 0.20052083333333334 0.859375 0.015625 0.015625
0 0.25390625 0.7467447916666666 0.013020833333333334 0.01171875
0 0.5305989583333334 0.9342447916666666 0.016927083333333332 0.016927083333333332
0 0.6009114583333334 0.8821614583333334 0.01171875 0.014322916666666666
0 0.6432291666666666 0.517578125 0.018229166666666668 0.014322916666666666
0 0.578125 0.5559895833333334 0.015625 0.015625
0 0.9537760416666666 0.314453125 0.016927083333333332 0.014322916666666666
0 0.0972265625 0.912109375 0.01489583333333333 0.014114583333333227
0 0.6030338541666667 0.8823307291666667 0.014674479166666643 0.013372395833333309
0 0.8540104166666667 0.0622265625 0.01524739583333338 0.014062499999999997
0 0.5795963541666667 0.5571354166666667 0.011380208333333345 0.010651041666666602
0 0.8696354166666667 0.9126041666666667 0.011471354166666595 0.010572916666666524
0 0.7270572916666667 0.26807291666666666 0.011289062500000094 0.010286458333333304
0 0.6274479166666667 0.876953125 0.010820312499999929 0.010729166666666679
0 0.447265625 0.42993489583333333 0.01191406249999997 0.011471354166666595
0 0.7631901041666667 0.6743229166666667 0.012669270833333357 0.011966145833333405
0 0.271484375 0.7509765625 0.009062499999999973 0.009088541666666691
0 0.20421875 0.31860677083333333 0.015013020833333298 0.013906250000000009
0 0.43604166666666666 0.7490234375 0.014179687499999982 0.012239583333333451
0 0.028385416666666666 0.693359375 0.01489583333333333 0.013424479166666595
0 0.4462890625 0.29272135416666667 0.012630208333333393 0.012057291666666655
0 0.6206119791666667 0.46069010416666667 0.015195312499999947 0.01445312500000003
0 0.7666015625 0.5732421875 0.012291666666666737 0.011380208333333345
0 0.44678385416666666 0.6674869791666667 0.011249999999999982 0.010130208333333298
0 0.5044010416666667 0.8388671875 0.009817708333333286 0.009817708333333286
0 0.7548828125 0.7666015625 0.011067708333333334 0.01036458333333338
0 0.24975260416666667 0.7846744791666667 0.008320312499999982 0.008255208333333227
0 0.3330078125 0.74609375 0.008776041666666679 0.008854166666666607
0 0.44994791666666667 0.46436197916666666 0.01005208333333337 0.009674479166666602
0 0.8090885416666667 0.6821354166666667 0.008346354166666773 0.008372395833333416
0 0.9204166666666667 0.7451171875 0.00929687500000013 0.008815104166666643
0 0.6040104166666667 0.6665104166666667 0.009296874999999982 0.008580729166666634
0 0.6088932291666667 0.15173177083333333 0.01200520833333337 0.010859375000000004
0 0.5283203125 0.775390625 0.00916666666666662 0.008710937500000071
0 0.38305989583333333 0.8837890625 0.010091145833333334 0.010091145833333334
0 0.662109375 0.908203125 0.008815104166666643 0.008736979166666714