0 0.78125 0.263671875 0.046875 0.048177083333333336
0 0.8671875 0.19205729166666666 0.026041666666666668 0.022135416666666668
0 0.87890625 0.16341145833333334 0.0234375 0.022135416666666668
0 0.9928385416666666 0.16276041666666666 0.01171875 0.015625
0 0.9466145833333334 0.404296875 0.015625 0.016927083333333332
0 0.7819010416666666 0.4915364583333333 0.024739583333333332 0.024739583333333332
0 0.9596354166666666 0.693359375 0.015625 0.016927083333333332
0 0.9830729166666666 0.787109375 0.03125 0.06380208333333333
0 0.17317708333333334 0.146484375 0.036458333333333336 0.03515625
0 0.07682291666666667 0.19791666666666666 0.020833333333333332 0.015625
0 0.08072916666666667 0.5358072916666666 0.018229166666666668 0.014322916666666666
0 0.185546875 0.9759114583333334 0.07942708333333333 0.045572916666666664
0 0.17903645833333334 0.880859375 0.014322916666666666 0.014322916666666666
0 0.7565104166666666 0.044921875 0.013020833333333334 0.01171875
0 0.17838541666666666 0.044921875 0.026041666666666668 0.022135416666666668
0 0.13541666666666666 0.5130208333333334 0.013020833333333334 0.010416666666666666
0 0.12044270833333333 0.421875 0.01171875 0.010416666666666666
0 0.900390625 0.736328125 0.014322916666666666 0.016927083333333332
0 0.12760416666666666 0.0078125 0.01171875 0.01171875
0 0.873046875 0.6595052083333334 0.01171875 0.013020833333333334
0 0.3125 0.9036458333333334 0.01171875 0.010416666666666666
0 0.10481770833333333 0.4075520833333333 0.015625 0.016927083333333332
0 0.9739583333333334 0.7565104166666666 0.016927083333333332 0.018229166666666668
0 0.8151041666666666 0.875 0.010416666666666666 0.010416666666666666
0 0.2877604166666667 0.087890625 0.010416666666666666 0.01171875