0 0.3834635416666667 0.5279947916666666 0.053385416666666664 0.048177083333333336
0 0.4661458333333333 0.8626302083333334 0.013020833333333334 0.016927083333333332
0 0.4869791666666667 0.9544270833333334 0.015625 0.018229166666666668
0 0.4361979166666667 0.9016927083333334 0.21875 0.19401041666666666
0 0.3828125 0.7200520833333334 0.0234375 0.0234375
0 0.30078125 0.689453125 0.013020833333333334 0.014322916666666666
0 0.4557291666666667 0.5625 0.0390625 0.0390625
0 0.7779947916666666 0.5188802083333334 0.01953125 0.016927083333333332
0 0.78515625 0.23567708333333334 0.018229166666666668 0.0234375
0 0.7063802083333334 0.6888020833333334 0.016927083333333332 0.018229166666666668
0 0.7291666666666666 0.8509114583333334 0.018229166666666668 0.01953125
0 0.6575520833333334 0.5755208333333334 0.013020833333333334 0.018229166666666668
0 0.8958333333333334 0.8203125 0.028645833333333332 0.028645833333333332
0 0.7890625 0.7936197916666666 0.010416666666666666 0.01171875
0 0.8834635416666666 0.7877604166666666 0.014322916666666666 0.015625
0 0.8639322916666666 0.4713541666666667 0.016927083333333332 0.018229166666666668
0 0.962890625 0.7220052083333334 0.05859375 0.09505208333333333
0 0.9791666666666666 0.3958333333333333 0.015625 0.015625
0 0.9680989583333334 0.3977864583333333 0.06380208333333333 0.15494791666666666
0 0.030598958333333332 0.7766927083333334 0.01953125 0.01953125
0 0.10872395833333333 0.7350260416666666 0.014322916666666666 0.014322916666666666
0 0.072265625 0.8352864583333334 0.02734375 0.029947916666666668
0 0.13020833333333334 0.96875 0.018229166666666668 0.020833333333333332
0 0.044921875 0.5403645833333334 0.01953125 0.018229166666666668
0 0.056640625 0.3841145833333333 0.05078125 0.052083333333333336
0 0.3372395833333333 0.248046875 0.026041666666666668 0.024739583333333332
0 0.423828125 0.09895833333333333 0.053385416666666664 0.0625
0 0.20703125 0.19466145833333334 0.4114583333333333 0.3893229166666667
0 0.435546875 0.15755208333333334 0.024739583333333332 0.0234375
0 0.5475260416666666 0.068359375 0.06640625 0.06380208333333333
0 0.787109375 0.035807291666666664 0.016927083333333332 0.016927083333333332
0 0.7884114583333334 0.8984375 0.01171875 0.013020833333333334
0 0.177734375 0.9934895833333334 0.014322916666666666 0.010416666666666666
0 0.14518229166666666 0.8313802083333334 0.01171875 0.014322916666666666
0 0.3138020833333333 0.7552083333333334 0.010416666666666666 0.013020833333333334
0 0.267578125 0.8151041666666666 0.01171875 0.010416666666666666
0 0.4290364583333333 0.892578125 0.01171875 0.01171875
0 0.634765625 0.7298177083333334 0.04296875 0.048177083333333336
0 0.91015625 0.927734375 0.013020833333333334 0.014322916666666666
0 0.8131510416666666 0.6243489583333334 0.01171875 0.01171875
0 0.884765625 0.626953125 0.01171875 0.01171875
0 0.78515625 0.6354166666666666 0.010416666666666666 0.010416666666666666
0 0.7662760416666666 0.4348958333333333 0.01171875 0.013020833333333334
0 0.8216145833333334 0.4954427083333333 0.013020833333333334 0.01171875
0 0.74609375 0.4720052083333333 0.010416666666666666 0.009114583333333334
0 0.736328125 0.3841145833333333 0.01171875 0.013020833333333334
0 0.712890625 0.408203125 0.009114583333333334 0.009114583333333334
0 0.8352864583333334 0.501953125 0.18619791666666666 0.22526041666666666
0 0.9915364583333334 0.26953125 0.014322916666666666 0.013020833333333334
0 0.9856770833333334 0.224609375 0.013020833333333334 0.014322916666666666
0 0.865234375 0.009765625 0.01953125 0.016927083333333332
0 0.5358072916666666 0.2669270833333333 0.01171875 0.013020833333333334
0 0.07356770833333333 0.20377604166666666 0.014322916666666666 0.01171875
0 0.31640625 0.4010416666666667 0.013020833333333334 0.013020833333333334
0 0.2734375 0.3697916666666667 0.015625 0.018229166666666668
0 0.2760416666666667 0.634765625 0.013020833333333334 0.01171875
0 0.16080729166666666 0.447265625 0.009114583333333334 0.01171875
0 0.19791666666666666 0.5677083333333334 0.010416666666666666 0.013020833333333334