0 0.6497395833333334 0.4986979166666667 0.0703125 0.052083333333333336
0 0.19270833333333334 0.580078125 0.046875 0.05078125
0 0.166015625 0.7252604166666666 0.13671875 0.14583333333333334
0 0.140625 0.6985677083333334 0.033854166666666664 0.032552083333333336
0 0.400390625 0.7018229166666666 0.01953125 0.020833333333333332
0 0.5286458333333334 0.716796875 0.11458333333333333 0.11067708333333333
0 0.3919270833333333 0.7942708333333334 0.0234375 0.018229166666666668
0 0.8704427083333334 0.580078125 0.07421875 0.05859375
0 0.8359375 0.8111979166666666 0.06510416666666667 0.06510416666666667
0 0.5462239583333334 0.8470052083333334 0.01953125 0.01953125
0 0.693359375 0.541015625 0.01953125 0.01953125