0 0.2766927083333333 0.18489583333333334 0.02734375 0.018229166666666668
0 0.014973958333333334 0.3990885416666667 0.016927083333333332 0.022135416666666668
0 0.033203125 0.4713541666666667 0.05078125 0.041666666666666664
0 0.16471354166666666 0.208984375 0.01953125 0.01953125
0 0.296875 0.099609375 0.020833333333333332 0.016927083333333332
0 0.6875 0.21875 0.109375 0.10416666666666667
0 0.9212239583333334 0.130859375 0.032552083333333336 0.032552083333333336
0 0.84765625 0.232421875 0.026041666666666668 0.024739583333333332
0 0.91796875 0.3268229166666667 0.15625 0.1640625
0 0.8274739583333334 0.24869791666666666 0.014322916666666666 0.020833333333333332
0 0.9173177083333334 0.6217447916666666 0.07942708333333333 0.06380208333333333
0 0.6998697916666666 0.470703125 0.01953125 0.01953125
0 0.34765625 0.71875 0.041666666666666664 0.036458333333333336
0 0.11458333333333333 0.07096354166666667 0.018229166666666668 0.016927083333333332
0 0.5240885416666666 0.8736979166666666 0.01953125 0.018229166666666668
0 0.02734375 0.740234375 0.015625 0.022135416666666668
0 0.3274739583333333 0.3587239583333333 0.024739583333333332 0.01953125
0 0.705078125 0.5865885416666666 0.024739583333333332 0.01953125
0 0.388671875 0.3359375 0.029947916666666668 0.026041666666666668
0 0.8802083333333334 0.7805989583333334 0.015625 0.022135416666666668
0 0.13411458333333334 0.5787760416666666 0.018229166666666668 0.022135416666666668
0 0.296875 0.11588541666666667 0.0234375 0.018229166666666668
0 0.275390625 0.201171875 0.029947916666666668 0.022135416666666668
0 0.3274739583333333 0.3736979166666667 0.022135416666666668 0.015625
0 0.19075520833333334 0.607421875 0.014322916666666666 0.014322916666666666
0 0.33203125 0.7513020833333334 0.049479166666666664 0.033854166666666664
0 0.78125 0.9283854166666666 0.026041666666666668 0.020833333333333332
0 0.33203125 0.552734375 0.018229166666666668 0.01171875
0 0.3919270833333333 0.6875 0.015625 0.015625
0 0.5045572916666666 0.7161458333333334 0.014322916666666666 0.015625