0 0.09505208333333333 0.4615885416666667 0.044270833333333336 0.037760416666666664
0 0.11002604166666667 0.8802083333333334 0.022135416666666668 0.020833333333333332
0 0.17252604166666666 0.9921875 0.01953125 0.0078125
0 0.16927083333333334 0.6341145833333334 0.026041666666666668 0.03125
0 0.15559895833333334 0.7571614583333334 0.022135416666666668 0.01953125
0 0.020833333333333332 0.7369791666666666 0.036458333333333336 0.08072916666666667
0 0.007161458333333333 0.6796875 0.01171875 0.018229166666666668
0 0.22786458333333334 0.3391927083333333 0.020833333333333332 0.022135416666666668
0 0.15494791666666666 0.095703125 0.03125 0.03515625
0 0.6555989583333334 0.7578125 0.06901041666666667 0.0703125
0 0.4661458333333333 0.6028645833333334 0.2265625 0.2552083333333333
0 0.63671875 0.5319010416666666 0.0234375 0.029947916666666668
0 0.509765625 0.11783854166666667 0.048177083333333336 0.053385416666666664
0 0.37109375 0.2649739583333333 0.026041666666666668 0.029947916666666668
0 0.78125 0.3014322916666667 0.052083333333333336 0.07421875
0 0.810546875 0.6217447916666666 0.3059895833333333 0.2799479166666667
0 0.09114583333333333 0.71484375 0.015625 0.015625
0 0.6028645833333334 0.3802083333333333 0.018229166666666668 0.020833333333333332
0 0.046875 0.3899739583333333 0.0546875 0.05078125
0 0.21158854166666666 0.5201822916666666 0.01953125 0.014322916666666666
0 0.29296875 0.7565104166666666 0.013020833333333334 0.010416666666666666
0 0.439453125 0.7708333333333334 0.01953125 0.018229166666666668
0 0.18684895833333334 0.23046875 0.016927083333333332 0.013020833333333334
0 0.6002604166666666 0.034505208333333336 0.013020833333333334 0.022135416666666668
0 0.9915364583333334 0.251953125 0.016927083333333332 0.016927083333333332
0 0.9928385416666666 0.7962239583333334 0.014322916666666666 0.022135416666666668
0 0.4661458333333333 0.3177083333333333 0.015625 0.018229166666666668
0 0.4401041666666667 0.3841145833333333 0.0703125 0.078125
0 0.4173177083333333 0.4075520833333333 0.016927083333333332 0.013020833333333334
0 0.19856770833333334 0.7408854166666666 0.014322916666666666 0.013020833333333334
0 0.833984375 0.3046875 0.016927083333333332 0.015625