0 0.3229166666666667 0.6744791666666666 0.0390625 0.0390625
0 0.3723958333333333 0.5852864583333334 0.09635416666666667 0.11067708333333333
0 0.4147135416666667 0.4407552083333333 0.037760416666666664 0.032552083333333336
0 0.388671875 0.716796875 0.045572916666666664 0.045572916666666664
0 0.5462239583333334 0.8274739583333334 0.029947916666666668 0.032552083333333336
0 0.33984375 0.4342447916666667 0.018229166666666668 0.01953125
0 0.050130208333333336 0.8404947916666666 0.040364583333333336 0.045572916666666664
0 0.087890625 0.7708333333333334 0.014322916666666666 0.015625
0 0.16080729166666666 0.6555989583333334 0.016927083333333332 0.022135416666666668
0 0.11002604166666667 0.9798177083333334 0.016927083333333332 0.014322916666666666
0 0.06510416666666667 0.8958333333333334 0.015625 0.013020833333333334
0 0.0078125 0.9596354166666666 0.013020833333333334 0.026041666666666668
0 0.5703125 0.7298177083333334 0.052083333333333336 0.05859375
0 0.5729166666666666 0.666015625 0.018229166666666668 0.022135416666666668
0 0.591796875 0.5286458333333334 0.016927083333333332 0.018229166666666668
0 0.61328125 0.5813802083333334 0.015625 0.014322916666666666
0 0.7096354166666666 0.7981770833333334 0.07552083333333333 0.06510416666666667
0 0.8639322916666666 0.8326822916666666 0.053385416666666664 0.05859375
0 0.927734375 0.5709635416666666 0.024739583333333332 0.02734375
0 0.892578125 0.439453125 0.032552083333333336 0.037760416666666664
0 0.884765625 0.33203125 0.016927083333333332 0.018229166666666668
0 0.892578125 0.20247395833333334 0.05859375 0.05859375
0 0.6022135416666666 0.24348958333333334 0.09505208333333333 0.09375
0 0.435546875 0.109375 0.048177083333333336 0.046875
0 0.5787760416666666 0.12760416666666666 0.022135416666666668 0.026041666666666668
0 0.6803385416666666 0.556640625 0.037760416666666664 0.040364583333333336
0 0.7259114583333334 0.2923177083333333 0.016927083333333332 0.016927083333333332
0 0.8717447916666666 0.8938802083333334 0.016927083333333332 0.016927083333333332
0 0.13802083333333334 0.17838541666666666 0.028645833333333332 0.026041666666666668
0 0.036458333333333336 0.5078125 0.0390625 0.046875
0 0.11653645833333333 0.859375 0.055989583333333336 0.057291666666666664
0 0.501953125 0.6966145833333334 0.01953125 0.020833333333333332
0 0.564453125 0.3391927083333333 0.02734375 0.032552083333333336
0 0.4108072916666667 0.236328125 0.01953125 0.022135416666666668
0 0.33984375 0.3880208333333333 0.046875 0.052083333333333336
0 0.361328125 0.2682291666666667 0.016927083333333332 0.020833333333333332
0 0.3561197916666667 0.9231770833333334 0.01953125 0.015625
0 0.23567708333333334 0.3958333333333333 0.020833333333333332 0.018229166666666668
0 0.18033854166666666 0.045572916666666664 0.037760416666666664 0.03125
0 0.6451822916666666 0.404296875 0.01953125 0.01953125
0 0.5188802083333334 0.1171875 0.024739583333333332 0.020833333333333332
0 0.080078125 0.3587239583333333 0.01953125 0.022135416666666668
0 0.07421875 0.4361979166666667 0.08854166666666667 0.0859375
0 0.06575520833333333 0.595703125 0.12369791666666667 0.11848958333333333
0 0.306640625 0.814453125 0.07161458333333333 0.07161458333333333
0 0.08268229166666667 0.130859375 0.024739583333333332 0.01953125
0 0.04296875 0.14388020833333334 0.078125 0.07161458333333333
0 0.039713541666666664 0.045572916666666664 0.01953125 0.018229166666666668
0 0.447265625 0.48046875 0.01171875 0.015625
0 0.3736979166666667 0.35546875 0.015625 0.013020833333333334
0 0.4010416666666667 0.3606770833333333 0.013020833333333334 0.015625
0 0.47265625 0.2903645833333333 0.013020833333333334 0.013020833333333334
0 0.4811197916666667 0.21484375 0.016927083333333332 0.018229166666666668
0 0.5494791666666666 0.15494791666666666 0.015625 0.018229166666666668
0 0.9016927083333334 0.7122395833333334 0.014322916666666666 0.013020833333333334
0 0.10026041666666667 0.6119791666666666 0.015625 0.020833333333333332
0 0.08528645833333333 0.23307291666666666 0.014322916666666666 0.015625
0 0.17643229166666666 0.24609375 0.016927083333333332 0.015625
0 0.23567708333333334 0.880859375 0.013020833333333334 0.016927083333333332
0 0.4518229166666667 0.5852864583333334 0.041666666666666664 0.045572916666666664
0 0.19596354166666666 0.21419270833333334 0.01953125 0.016927083333333332
0 0.9055989583333334 0.501953125 0.01953125 0.01953125
0 0.8795572916666666 0.057942708333333336 0.14973958333333334 0.09505208333333333
0 0.962890625 0.013671875 0.016927083333333332 0.01953125
0 0.92578125 0.3977864583333333 0.020833333333333332 0.01953125
0 0.5963541666666666 0.2727864583333333 0.013020833333333334 0.016927083333333332
0 0.6217447916666666 0.5729166666666666 0.016927083333333332 0.018229166666666668
0 0.6575520833333334 0.396484375 0.013020833333333334 0.01171875