0 0.697265625 0.681640625 0.024739583333333332 0.02734375
0 0.4817708333333333 0.2994791666666667 0.0546875 0.049479166666666664
0 0.5325520833333334 0.5891927083333334 0.0234375 0.022135416666666668
0 0.9479166666666666 0.19856770833333334 0.033854166666666664 0.029947916666666668
0 0.771484375 0.024088541666666668 0.045572916666666664 0.04296875
0 0.48046875 0.189453125 0.015625 0.016927083333333332
0 0.205078125 0.15364583333333334 0.01953125 0.020833333333333332
0 0.3072916666666667 0.298828125 0.0234375 0.024739583333333332
0 0.2578125 0.4466145833333333 0.20572916666666666 0.19791666666666666
0 0.048177083333333336 0.3229166666666667 0.0234375 0.028645833333333332
0 0.030598958333333332 0.3899739583333333 0.029947916666666668 0.037760416666666664
0 0.3704427083333333 0.8359375 0.040364583333333336 0.0390625
0 0.3170572916666667 0.8854166666666666 0.055989583333333336 0.06510416666666667
0 0.23958333333333334 0.8111979166666666 0.020833333333333332 0.020833333333333332
0 0.4049479166666667 0.5514322916666666 0.0234375 0.029947916666666668
0 0.8756510416666666 0.22265625 0.045572916666666664 0.049479166666666664
0 0.7805989583333334 0.4388020833333333 0.01953125 0.0234375
0 0.8795572916666666 0.8014322916666666 0.016927083333333332 0.014322916666666666
0 0.60546875 0.9498697916666666 0.026041666666666668 0.024739583333333332
0 0.5397135416666666 0.052734375 0.14453125 0.08984375
0 0.251953125 0.008463541666666666 0.029947916666666668 0.014322916666666666
0 0.19140625 0.07877604166666667 0.07291666666666667 0.07682291666666667
0 0.537109375 0.20638020833333334 0.07161458333333333 0.06901041666666667
0 0.5852864583333334 0.7421875 0.05859375 0.06510416666666667
0 0.453125 0.6998697916666666 0.14583333333333334 0.14973958333333334
0 0.501953125 0.7578125 0.024739583333333332 0.026041666666666668
0 0.37109375 0.11393229166666667 0.06510416666666667 0.05859375
0 0.740234375 0.236328125 0.061197916666666664 0.05078125
0 0.18489583333333334 0.69921875 0.020833333333333332 0.020833333333333332
0 0.462890625 0.9739583333333334 0.05078125 0.044270833333333336
0 0.7154947916666666 0.3522135416666667 0.040364583333333336 0.037760416666666664
0 0.4440104166666667 0.3951822916666667 0.06770833333333333 0.06901041666666667
0 0.4934895833333333 0.560546875 0.049479166666666664 0.05078125
0 0.4505208333333333 0.53515625 0.08854166666666667 0.09375
0 0.8346354166666666 0.4967447916666667 0.013020833333333334 0.014322916666666666
0 0.6334635416666666 0.09830729166666667 0.037760416666666664 0.03515625
0 0.6555989583333334 0.6067708333333334 0.016927083333333332 0.015625
0 0.6959635416666666 0.5240885416666666 0.014322916666666666 0.014322916666666666
0 0.3203125 0.8118489583333334 0.015625 0.016927083333333332
0 0.9036458333333334 0.4270833333333333 0.013020833333333334 0.015625
0 0.008463541666666666 0.095703125 0.016927083333333332 0.022135416666666668
0 0.833984375 0.5169270833333334 0.014322916666666666 0.015625
0 0.8203125 0.27734375 0.010416666666666666 0.010416666666666666
0 0.953125 0.6217447916666666 0.013020833333333334 0.01171875
0 0.2688802083333333 0.853515625 0.01171875 0.01171875
0 0.19010416666666666 0.7708333333333334 0.015625 0.013020833333333334