0 0.3072916666666667 0.3151041666666667 0.026041666666666668 0.0234375
0 0.291015625 0.3196614583333333 0.4388020833333333 0.4361979166666667
0 0.059895833333333336 0.1796875 0.028645833333333332 0.026041666666666668
0 0.030598958333333332 0.5305989583333334 0.05859375 0.06380208333333333
0 0.205078125 0.020182291666666668 0.032552083333333336 0.032552083333333336
0 0.337890625 0.061848958333333336 0.02734375 0.029947916666666668
0 0.4596354166666667 0.057291666666666664 0.09635416666666667 0.08072916666666667
0 0.57421875 0.0078125 0.015625 0.013020833333333334
0 0.7858072916666666 0.099609375 0.029947916666666668 0.022135416666666668
0 0.798828125 0.3177083333333333 0.029947916666666668 0.028645833333333332
0 0.9342447916666666 0.2506510416666667 0.09765625 0.11328125
0 0.9225260416666666 0.2838541666666667 0.016927083333333332 0.013020833333333334
0 0.6953125 0.5221354166666666 0.08333333333333333 0.09635416666666667
0 0.5774739583333334 0.6243489583333334 0.029947916666666668 0.029947916666666668
0 0.3912760416666667 0.578125 0.014322916666666666 0.015625
0 0.41015625 0.810546875 0.018229166666666668 0.022135416666666668
0 0.375 0.9127604166666666 0.018229166666666668 0.018229166666666668
0 0.458984375 0.9205729166666666 0.01953125 0.0234375
0 0.76171875 0.73828125 0.09114583333333333 0.1015625
0 0.78125 0.7936197916666666 0.026041666666666668 0.022135416666666668
0 0.7903645833333334 0.9348958333333334 0.17447916666666666 0.13020833333333334
0 0.9186197916666666 0.974609375 0.014322916666666666 0.024739583333333332
0 0.427734375 0.8802083333333334 0.037760416666666664 0.0390625
0 0.14908854166666666 0.2584635416666667 0.014322916666666666 0.016927083333333332
0 0.6276041666666666 0.873046875 0.018229166666666668 0.014322916666666666
0 0.8763020833333334 0.359375 0.018229166666666668 0.018229166666666668
0 0.921875 0.23893229166666666 0.013020833333333334 0.01171875
0 0.016276041666666668 0.955078125 0.02734375 0.06901041666666667