0 0.5221354166666666 0.14453125 0.0390625 0.0390625
0 0.7213541666666666 0.061848958333333336 0.18229166666666666 0.12109375
0 0.5384114583333334 0.20963541666666666 0.024739583333333332 0.026041666666666668
0 0.19856770833333334 0.13997395833333334 0.045572916666666664 0.03515625
0 0.349609375 0.203125 0.014322916666666666 0.013020833333333334
0 0.23111979166666666 0.2923177083333333 0.2825520833333333 0.27734375
0 0.19661458333333334 0.3658854166666667 0.026041666666666668 0.028645833333333332
0 0.09049479166666667 0.21223958333333334 0.016927083333333332 0.020833333333333332
0 0.4029947916666667 0.6432291666666666 0.07421875 0.06510416666666667
0 0.24609375 0.6490885416666666 0.4479166666666667 0.4049479166666667
0 0.020833333333333332 0.9329427083333334 0.026041666666666668 0.02734375
0 0.201171875 0.990234375 0.024739583333333332 0.01953125
0 0.5325520833333334 0.7259114583333334 0.11458333333333333 0.10026041666666667
0 0.6907552083333334 0.6256510416666666 0.08203125 0.06640625
0 0.9583333333333334 0.4069010416666667 0.020833333333333332 0.01953125
0 0.9283854166666666 0.2708333333333333 0.13020833333333334 0.22916666666666666
0 0.7239583333333334 0.7486979166666666 0.026041666666666668 0.026041666666666668
0 0.68359375 0.8717447916666666 0.2604166666666667 0.24088541666666666
0 0.7356770833333334 0.9817708333333334 0.0625 0.036458333333333336
0 0.3567708333333333 0.98828125 0.018229166666666668 0.013020833333333334
0 0.5944010416666666 0.16015625 0.01953125 0.013020833333333334
0 0.3255208333333333 0.041666666666666664 0.13541666666666666 0.08072916666666667
0 0.1015625 0.072265625 0.0234375 0.01953125
0 0.8470052083333334 0.4765625 0.01953125 0.0234375
0 0.60546875 0.3658854166666667 0.018229166666666668 0.013020833333333334
0 0.9303385416666666 0.5553385416666666 0.009114583333333334 0.014322916666666666
0 0.21614583333333334 0.5670572916666666 0.018229166666666668 0.01171875
0 0.05859375 0.24869791666666666 0.06770833333333333 0.06510416666666667
0 0.064453125 0.353515625 0.061197916666666664 0.061197916666666664
0 0.3587239583333333 0.9485677083333334 0.016927083333333332 0.014322916666666666
0 0.9348958333333334 0.9498697916666666 0.026041666666666668 0.01953125
0 0.8040364583333334 0.9661458333333334 0.01953125 0.013020833333333334
0 0.18815104166666666 0.2858072916666667 0.014322916666666666 0.014322916666666666
0 0.19466145833333334 0.203125 0.009114583333333334 0.0078125
0 0.13020833333333334 0.3111979166666667 0.010416666666666666 0.010416666666666666
0 0.2962239583333333 0.9453125 0.01171875 0.010416666666666666
0 0.3899739583333333 0.9954427083333334 0.009114583333333334 0.009114583333333334
0 0.5442708333333334 0.8932291666666666 0.013020833333333334 0.013020833333333334
0 0.6243489583333334 0.8548177083333334 0.01171875 0.01171875
0 0.8404947916666666 0.9134114583333334 0.16276041666666666 0.17317708333333334
0 0.6302083333333334 0.5442708333333334 0.013020833333333334 0.013020833333333334
0 0.4342447916666667 0.287109375 0.01171875 0.01171875
0 0.6256510416666666 0.21875 0.009114583333333334 0.013020833333333334
0 0.3997395833333333 0.8704427083333334 0.013020833333333334 0.01171875