0 0.12208747863769531 0.6880499521891276 0.03998297452926636 0.040451109409332275
0 0.10165977478027344 0.823553721110026 0.02327907085418701 0.02374720573425293
0 0.02335357666015625 0.4024025599161784 0.021459728479385376 0.02162995934486389
0 0.32091712951660156 0.5375658671061198 0.029832959175109863 0.029832959175109863
0 0.18677520751953125 0.627447764078776 0.029364824295043945 0.029705286026000977
0 0.13979148864746094 0.21378676096598306 0.02666240930557251 0.026981592178344727
0 0.43463134765625 0.5600363413492838 0.03087562322616577 0.029705286026000977
0 0.19971275329589844 0.11437193552652995 0.02221512794494629 0.02302372455596924
0 0.20652198791503906 0.26111094156901044 0.020725607872009277 0.02178955078125
0 0.9276199340820312 0.736395517985026 0.024385571479797363 0.024577081203460693
0 0.8336524963378906 0.34384314219156903 0.02162995934486389 0.021959781646728516
0 0.48433876037597656 0.2944761912027995 0.021544843912124634 0.022661983966827393
0 0.2970848083496094 0.6907736460367838 0.028258323669433594 0.02666240930557251
0 0.6035003662109375 0.7091585795084635 0.025641024112701416 0.026151716709136963
0 0.40467071533203125 0.3295437494913737 0.021959781646728516 0.022661983966827393
0 0.9071922302246094 0.9815279642740885 0.02302372455596924 0.023470580577850342
0 0.8894882202148438 0.5021578470865885 0.02336418628692627 0.024491965770721436
0 0.6770401000976562 0.43100134531656903 0.031237363815307617 0.030067026615142822
0 0.19017982482910156 0.8739420572916666 0.020970314741134644 0.021874666213989258
0 0.09825515747070312 0.43100134531656903 0.02274709939956665 0.022832214832305908
0 0.08123207092285156 0.7112013498942057 0.030173420906066895 0.029832959175109863
0 0.7519416809082031 0.35269514719645184 0.025555908679962158 0.025641024112701416
0 0.16498565673828125 0.2607704798380534 0.02171507477760315 0.02221512794494629
0 0.09961700439453125 0.5702501932779948 0.02121502161026001 0.02049154043197632
0 0.7546653747558594 0.4592596689860026 0.02178955078125 0.02274709939956665
0 0.3651771545410156 0.6362997690836588 0.022044897079467773 0.022661983966827393
0 0.5680923461914062 0.18518797556559244 0.01933184266090393 0.019555270671844482
0 0.924896240234375 0.5130526224772135 0.02881157398223877 0.027492284774780273
0 0.029481887817382812 0.8630472819010416 0.023108839988708496 0.023832321166992188
0 0.2507820129394531 0.9699522654215494 0.02056601643562317 0.02240663766860962
0 0.9330673217773438 0.8861986796061198 0.019938290119171143 0.02009788155555725
0 0.36858177185058594 0.8221918741861979 0.02121502161026001 0.023640811443328857
0 0.29912757873535156 0.49126307169596356 0.024768590927124023 0.025641024112701416
0 0.06488990783691406 0.08526245752970378 0.019704222679138184 0.02033194899559021
0 0.12821578979492188 0.7268625895182291 0.020651131868362427 0.0210554301738739
0 0.9643898010253906 0.27200571695963544 0.03149271011352539 0.03087562322616577
0 0.2841472625732422 0.5219046274820963 0.023832321166992188 0.025066494941711426
0 0.31751251220703125 0.8603235880533854 0.02009788155555725 0.02162995934486389
0 0.4387168884277344 0.12288347880045573 0.020651131868362427 0.020012766122817993
0 0.5136184692382812 0.21276537577311197 0.018959462642669678 0.019938290119171143