0 0.7936197916666666 0.4993489583333333 0.014322916666666666 0.009114583333333334
0 0.7864583333333334 0.5305989583333334 0.14322916666666666 0.14973958333333334
0 0.71875 0.6295572916666666 0.020833333333333332 0.029947916666666668
0 0.76953125 0.6953125 0.15885416666666666 0.15104166666666666
0 0.8287760416666666 0.7779947916666666 0.02734375 0.02734375
0 0.9563802083333334 0.7610677083333334 0.024739583333333332 0.022135416666666668
0 0.4908854166666667 0.5338541666666666 0.044270833333333336 0.0390625
0 0.5240885416666666 0.68359375 0.032552083333333336 0.0390625
0 0.3893229166666667 0.4479166666666667 0.0234375 0.0234375
0 0.4361979166666667 0.2955729166666667 0.03125 0.033854166666666664
0 0.6282552083333334 0.5078125 0.032552083333333336 0.026041666666666668
0 0.6510416666666666 0.09244791666666667 0.036458333333333336 0.028645833333333332
0 0.6497395833333334 0.12630208333333334 0.026041666666666668 0.020833333333333332
0 0.771484375 0.205078125 0.045572916666666664 0.045572916666666664
0 0.791015625 0.23177083333333334 0.01953125 0.018229166666666668
0 0.9270833333333334 0.19986979166666666 0.13541666666666666 0.17317708333333334
0 0.78125 0.3626302083333333 0.03125 0.032552083333333336
0 0.7096354166666666 0.4270833333333333 0.10416666666666667 0.09895833333333333
0 0.642578125 0.26953125 0.016927083333333332 0.018229166666666668
0 0.544921875 0.4166666666666667 0.022135416666666668 0.020833333333333332
0 0.6184895833333334 0.966796875 0.052083333333333336 0.045572916666666664
0 0.3483072916666667 0.5221354166666666 0.01953125 0.026041666666666668
0 0.23697916666666666 0.611328125 0.020833333333333332 0.016927083333333332
0 0.3059895833333333 0.814453125 0.026041666666666668 0.024739583333333332
0 0.400390625 0.6477864583333334 0.01953125 0.01953125
0 0.103515625 0.302734375 0.032552083333333336 0.032552083333333336
0 0.13020833333333334 0.07291666666666667 0.052083333333333336 0.0546875
0 0.18294270833333334 0.15234375 0.33984375 0.3020833333333333
0 0.14453125 0.008463541666666666 0.0234375 0.014322916666666666
0 0.3736979166666667 0.23111979166666666 0.018229166666666668 0.01953125
0 0.546875 0.958984375 0.0390625 0.037760416666666664
0 0.9205729166666666 0.7981770833333334 0.020833333333333332 0.018229166666666668
0 0.95703125 0.828125 0.06510416666666667 0.08854166666666667
0 0.439453125 0.55859375 0.014322916666666666 0.013020833333333334
0 0.06705729166666667 0.6490885416666666 0.06901041666666667 0.06901041666666667
0 0.016276041666666668 0.3626302083333333 0.01953125 0.01953125
0 0.10677083333333333 0.8561197916666666 0.046875 0.05859375
0 0.08072916666666667 0.9388020833333334 0.03125 0.0234375
0 0.6764322916666666 0.20638020833333334 0.016927083333333332 0.022135416666666668
0 0.5078125 0.9075520833333334 0.015625 0.015625
0 0.6100260416666666 0.7584635416666666 0.048177083333333336 0.045572916666666664
0 0.6334635416666666 0.84765625 0.022135416666666668 0.0234375
0 0.728515625 0.8157552083333334 0.01171875 0.01171875
0 0.6998697916666666 0.8723958333333334 0.032552083333333336 0.026041666666666668
0 0.3756510416666667 0.12109375 0.04296875 0.046875
0 0.037760416666666664 0.3561197916666667 0.07552083333333333 0.17057291666666666
0 0.4817708333333333 0.7233072916666666 0.03125 0.029947916666666668
0 0.642578125 0.984375 0.01953125 0.015625
0 0.23111979166666666 0.8697916666666666 0.014322916666666666 0.015625