0 0.11848958333333333 0.029947916666666668 0.049479166666666664 0.052083333333333336
0 0.482421875 0.06315104166666667 0.055989583333333336 0.055989583333333336
0 0.23893229166666666 0.2942708333333333 0.13411458333333334 0.125
0 0.12239583333333333 0.3489583333333333 0.03125 0.033854166666666664
0 0.3489583333333333 0.392578125 0.044270833333333336 0.045572916666666664
0 0.07486979166666667 0.4694010416666667 0.05859375 0.05859375
0 0.07942708333333333 0.583984375 0.0234375 0.014322916666666666
0 0.16276041666666666 0.642578125 0.052083333333333336 0.053385416666666664
0 0.3522135416666667 0.6764322916666666 0.040364583333333336 0.04296875
0 0.3170572916666667 0.7109375 0.022135416666666668 0.018229166666666668
0 0.2779947916666667 0.046223958333333336 0.055989583333333336 0.045572916666666664
0 0.09635416666666667 0.7981770833333334 0.0703125 0.06510416666666667
0 0.361328125 0.7337239583333334 0.032552083333333336 0.032552083333333336
0 0.3430989583333333 0.767578125 0.055989583333333336 0.04296875
0 0.5123697916666666 0.7669270833333334 0.014322916666666666 0.013020833333333334
0 0.49609375 0.8248697916666666 0.020833333333333332 0.022135416666666668
0 0.5514322916666666 0.9153645833333334 0.022135416666666668 0.020833333333333332
0 0.5846354166666666 0.900390625 0.015625 0.014322916666666666
0 0.2565104166666667 0.912109375 0.296875 0.17578125
0 0.13346354166666666 0.9563802083333334 0.045572916666666664 0.048177083333333336
0 0.5436197916666666 0.21940104166666666 0.032552083333333336 0.02734375
0 0.0703125 0.18229166666666666 0.018229166666666668 0.015625
0 0.7981770833333334 0.022135416666666668 0.041666666666666664 0.036458333333333336
0 0.8639322916666666 0.287109375 0.04296875 0.045572916666666664
0 0.9342447916666666 0.2747395833333333 0.032552083333333336 0.033854166666666664
0 0.14127604166666666 0.7265625 0.016927083333333332 0.013020833333333334
0 0.740234375 0.4876302083333333 0.016927083333333332 0.016927083333333332
0 0.11328125 0.125 0.020833333333333332 0.018229166666666668
0 0.986328125 0.035807291666666664 0.01953125 0.022135416666666668
0 0.20052083333333334 0.016927083333333332 0.041666666666666664 0.03125
0 0.353515625 0.0390625 0.014322916666666666 0.015625
0 0.18229166666666666 0.1875 0.0625 0.041666666666666664
0 0.06901041666666667 0.255859375 0.013020833333333334 0.014322916666666666
0 0.14518229166666666 0.3541666666666667 0.01171875 0.013020833333333334
0 0.3196614583333333 0.15234375 0.01171875 0.013020833333333334
0 0.6256510416666666 0.26953125 0.01171875 0.010416666666666666
0 0.76953125 0.034505208333333336 0.018229166666666668 0.016927083333333332
0 0.9921875 0.19075520833333334 0.015625 0.016927083333333332
0 0.9856770833333334 0.38671875 0.018229166666666668 0.018229166666666668
0 0.9654947916666666 0.3951822916666667 0.014322916666666666 0.014322916666666666
0 0.6510416666666666 0.5364583333333334 0.013020833333333334 0.013020833333333334
0 0.8938802083333334 0.57421875 0.016927083333333332 0.018229166666666668
0 0.943359375 0.6796875 0.014322916666666666 0.013020833333333334
0 0.609375 0.6829427083333334 0.013020833333333334 0.01171875
0 0.5833333333333334 0.9915364583333334 0.036458333333333336 0.016927083333333332
0 0.7467447916666666 0.7578125 0.009114583333333334 0.010416666666666666
0 0.036458333333333336 0.024088541666666668 0.0703125 0.045572916666666664
0 0.030598958333333332 0.7734375 0.055989583333333336 0.13020833333333334
0 0.2955729166666667 0.4440104166666667 0.044270833333333336 0.041666666666666664
0 0.3014322916666667 0.3684895833333333 0.06640625 0.0546875
0 0.744140625 0.189453125 0.016927083333333332 0.014322916666666666
0 0.93359375 0.21940104166666666 0.013020833333333334 0.014322916666666666
0 0.9850260416666666 0.15364583333333334 0.016927083333333332 0.013020833333333334
0 0.4036458333333333 0.4388020833333333 0.013020833333333334 0.013020833333333334
0 0.236328125 0.015625 0.01171875 0.010416666666666666
0 0.171875 0.01171875 0.013020833333333334 0.013020833333333334
0 0.806640625 0.82421875 0.01171875 0.013020833333333334
0 0.87890625 0.7981770833333334 0.013020833333333334 0.013020833333333334