0 0.7978255208333334 0.2067317708333333 0.11692708333333328 0.10920572916666667
0 0.6363802083333333 0.7327083333333334 0.12735677083333327 0.12471354166666664
0 0.9423567708333334 0.76265625 0.07264322916666661 0.07002604166666664
0 0.6337760416666667 0.9397265625000001 0.11173177083333326 0.1064453125
0 0.21453124999999998 0.35125 0.05971354166666668 0.0649088541666667
0 0.3876953125 0.10908854166666664 0.041458333333333375 0.04414062500000001
0 0.053385416666666664 0.009114583333333334 0.046875 0.018229166666666668
0 0.2783333333333333 0.1546614583333333 0.03626302083333336 0.03631510416666665
0 0.603828125 0.024466145833333324 0.036223958333333396 0.03634114583333333
0 0.9837239583333334 0.4973958333333333 0.032552083333333336 0.057291666666666664
0 0.4671223958333333 0.3798958333333333 0.033645833333333375 0.028450520833333364
0 0.8902734375 0.033580729166666656 0.030976562499999954 0.03373697916666666
0 0.9098046875 0.34734375 0.03878906249999995 0.04148437500000002