0 0.32421875 0.4134114583333333 0.03125 0.029947916666666668
0 0.4212239583333333 0.5 0.022135416666666668 0.020833333333333332
0 0.5970052083333334 0.6458333333333334 0.016927083333333332 0.026041666666666668
0 0.4915364583333333 0.666015625 0.01953125 0.024739583333333332
0 0.873046875 0.8483072916666666 0.024739583333333332 0.024739583333333332
0 0.12760416666666666 0.8424479166666666 0.03125 0.0390625
0 0.048828125 0.7584635416666666 0.01953125 0.016927083333333332
0 0.3984375 0.9583333333333334 0.0546875 0.052083333333333336
0 0.08984375 0.8763020833333334 0.07291666666666667 0.08072916666666667
0 0.010416666666666666 0.8873697916666666 0.018229166666666668 0.037760416666666664
0 0.06901041666666667 0.7923177083333334 0.018229166666666668 0.01953125
0 0.8860677083333334 0.578125 0.037760416666666664 0.046875
0 0.8170572916666666 0.6321614583333334 0.032552083333333336 0.048177083333333336
0 0.697265625 0.556640625 0.040364583333333336 0.048177083333333336
0 0.5436197916666666 0.051432291666666664 0.01953125 0.01953125
0 0.19205729166666666 0.23958333333333334 0.01953125 0.020833333333333332
0 0.642578125 0.3841145833333333 0.029947916666666668 0.036458333333333336
0 0.2864583333333333 0.15950520833333334 0.013020833333333334 0.016927083333333332
0 0.1171875 0.23958333333333334 0.013020833333333334 0.018229166666666668
0 0.8541666666666666 0.4114583333333333 0.010416666666666666 0.013020833333333334
0 0.275390625 0.4381510416666667 0.01171875 0.01171875
0 0.053385416666666664 0.9225260416666666 0.013020833333333334 0.01171875
0 0.8802083333333334 0.020182291666666668 0.020833333333333332 0.01953125