0 0.24088541666666666 0.3359375 0.026041666666666668 0.026041666666666668
0 0.10091145833333333 0.10091145833333333 0.032552083333333336 0.03515625
0 0.054036458333333336 0.013671875 0.014322916666666666 0.014322916666666666
0 0.035807291666666664 0.7037760416666666 0.032552083333333336 0.032552083333333336
0 0.13997395833333334 0.6595052083333334 0.01953125 0.01953125
0 0.08072916666666667 0.66796875 0.018229166666666668 0.018229166666666668
0 0.016927083333333332 0.7278645833333334 0.020833333333333332 0.020833333333333332
0 0.12174479166666667 0.5325520833333334 0.014322916666666666 0.015625
0 0.291015625 0.6555989583333334 0.016927083333333332 0.01953125
0 0.3515625 0.673828125 0.013020833333333334 0.016927083333333332
0 0.3932291666666667 0.6419270833333334 0.013020833333333334 0.015625
0 0.140625 0.875 0.018229166666666668 0.015625
0 0.22135416666666666 0.9368489583333334 0.013020833333333334 0.016927083333333332
0 0.296875 0.9088541666666666 0.13541666666666666 0.14322916666666666
0 0.4264322916666667 0.939453125 0.022135416666666668 0.022135416666666668
0 0.6549479166666666 0.8893229166666666 0.12239583333333333 0.1171875
0 0.611328125 0.7897135416666666 0.01953125 0.01953125
0 0.5755208333333334 0.7845052083333334 0.018229166666666668 0.016927083333333332
0 0.8567708333333334 0.767578125 0.020833333333333332 0.022135416666666668
0 0.9173177083333334 0.7467447916666666 0.01953125 0.01953125
0 0.921875 0.912109375 0.020833333333333332 0.01953125
0 0.9029947916666666 0.7623697916666666 0.016927083333333332 0.01953125
0 0.8665364583333334 0.09049479166666667 0.040364583333333336 0.04296875
0 0.9225260416666666 0.13736979166666666 0.029947916666666668 0.032552083333333336
0 0.5677083333333334 0.080078125 0.028645833333333332 0.02734375
0 0.6881510416666666 0.09440104166666667 0.055989583333333336 0.048177083333333336
0 0.09505208333333333 0.19921875 0.020833333333333332 0.0234375
0 0.10807291666666667 0.22591145833333334 0.03125 0.024739583333333332
0 0.03125 0.10026041666666667 0.018229166666666668 0.0234375
0 0.2727864583333333 0.390625 0.07161458333333333 0.07552083333333333
0 0.33984375 0.3684895833333333 0.07552083333333333 0.078125
0 0.5579427083333334 0.423828125 0.009114583333333334 0.01953125
0 0.59765625 0.4791666666666667 0.2786458333333333 0.3125
0 0.5670572916666666 0.5462239583333334 0.06380208333333333 0.06901041666666667
0 0.46875 0.86328125 0.013020833333333334 0.013020833333333334
0 0.388671875 0.921875 0.009114583333333334 0.013020833333333334
0 0.427734375 0.05859375 0.016927083333333332 0.015625
0 0.3561197916666667 0.035807291666666664 0.048177083333333336 0.04296875
0 0.8483072916666666 0.01953125 0.014322916666666666 0.015625
0 0.7721354166666666 0.2955729166666667 0.020833333333333332 0.0234375
0 0.5794270833333334 0.4466145833333333 0.013020833333333334 0.013020833333333334
0 0.2858072916666667 0.047526041666666664 0.01171875 0.014322916666666666
0 0.17708333333333334 0.3203125 0.015625 0.018229166666666668
0 0.8984375 0.5794270833333334 0.018229166666666668 0.018229166666666668
0 0.7858072916666666 0.3326822916666667 0.016927083333333332 0.01953125
0 0.6139322916666666 0.24348958333333334 0.014322916666666666 0.010416666666666666
0 0.654296875 0.24609375 0.09765625 0.078125
0 0.19140625 0.0546875 0.013020833333333334 0.015625
0 0.7766927083333334 0.048177083333333336 0.01171875 0.010416666666666666
0 0.8274739583333334 0.125 0.024739583333333332 0.020833333333333332
0 0.031901041666666664 0.990234375 0.014322916666666666 0.01171875
0 0.05078125 0.5696614583333334 0.010416666666666666 0.014322916666666666
0 0.791015625 0.4212239583333333 0.014322916666666666 0.014322916666666666
0 0.369140625 0.7194010416666666 0.014322916666666666 0.014322916666666666
0 0.798828125 0.2877604166666667 0.016927083333333332 0.020833333333333332
0 0.9114583333333334 0.3430989583333333 0.013020833333333334 0.014322916666666666
0 0.20377604166666666 0.8815104166666666 0.014322916666666666 0.015625