0 0.19921875 0.7786458333333334 0.026041666666666668 0.026041666666666668
0 0.18359375 0.826171875 0.018229166666666668 0.022135416666666668
0 0.020833333333333332 0.64453125 0.033854166666666664 0.057291666666666664
0 0.18815104166666666 0.3776041666666667 0.016927083333333332 0.020833333333333332
0 0.447265625 0.3776041666666667 0.01953125 0.020833333333333332
0 0.4954427083333333 0.4876302083333333 0.032552083333333336 0.03515625
0 0.4889322916666667 0.1015625 0.01953125 0.026041666666666668
0 0.8079427083333334 0.259765625 0.032552083333333336 0.029947916666666668
0 0.5950520833333334 0.4127604166666667 0.0234375 0.0234375
0 0.4290364583333333 0.140625 0.022135416666666668 0.026041666666666668
0 0.74609375 0.12955729166666666 0.013020833333333334 0.016927083333333332
0 0.8723958333333334 0.2265625 0.03125 0.03125
0 0.9609375 0.5286458333333334 0.052083333333333336 0.052083333333333336
0 0.7200520833333334 0.865234375 0.1171875 0.10807291666666667
0 0.8522135416666666 0.9251302083333334 0.04296875 0.05859375
0 0.7591145833333334 0.6829427083333334 0.14322916666666666 0.19140625
0 0.2760416666666667 0.08138020833333333 0.0234375 0.024739583333333332
0 0.15104166666666666 0.13736979166666666 0.2786458333333333 0.25390625
0 0.326171875 0.6653645833333334 0.016927083333333332 0.015625
0 0.9856770833333334 0.482421875 0.010416666666666666 0.01953125
0 0.47265625 0.228515625 0.013020833333333334 0.01953125
0 0.5299479166666666 0.6920572916666666 0.015625 0.014322916666666666
0 0.3678385416666667 0.13346354166666666 0.016927083333333332 0.01953125
0 0.060546875 0.7376302083333334 0.014322916666666666 0.016927083333333332
0 0.8196614583333334 0.8515625 0.11067708333333333 0.16145833333333334