0 0.3932291666666667 0.7044270833333334 0.020833333333333332 0.018229166666666668
0 0.375 0.876953125 0.026041666666666668 0.032552083333333336
0 0.029947916666666668 0.7838541666666666 0.026041666666666668 0.028645833333333332
0 0.62890625 0.6510416666666666 0.026041666666666668 0.020833333333333332
0 0.630859375 0.4876302083333333 0.03515625 0.04296875
0 0.22395833333333334 0.796875 0.036458333333333336 0.036458333333333336
0 0.23828125 0.7591145833333334 0.026041666666666668 0.026041666666666668
0 0.11848958333333333 0.23177083333333334 0.020833333333333332 0.026041666666666668
0 0.16015625 0.11393229166666667 0.026041666666666668 0.02734375
0 0.6087239583333334 0.2838541666666667 0.029947916666666668 0.026041666666666668
0 0.6223958333333334 0.44140625 0.020833333333333332 0.020833333333333332
0 0.376953125 0.62109375 0.015625 0.015625
0 0.7356770833333334 0.49609375 0.016927083333333332 0.018229166666666668
0 0.7213541666666666 0.3313802083333333 0.015625 0.016927083333333332
0 0.12955729166666666 0.916015625 0.014322916666666666 0.015625
0 0.20442708333333334 0.892578125 0.013020833333333334 0.013020833333333334
0 0.061197916666666664 0.328125 0.015625 0.015625
0 0.4772135416666667 0.8216145833333334 0.015625 0.015625
0 0.13346354166666666 0.287109375 0.0078125 0.0078125
0 0.4641927083333333 0.6139322916666666 0.0078125 0.0078125
0 0.16796875 0.51171875 0.013020833333333334 0.013020833333333334
0 0.3255208333333333 0.10026041666666667 0.010416666666666666 0.010416666666666666