0 0.07291666666666667 0.15755208333333334 0.049479166666666664 0.044270833333333336
0 0.08463541666666667 0.3372395833333333 0.0390625 0.036458333333333336
0 0.06510416666666667 0.5983072916666666 0.036458333333333336 0.029947916666666668
0 0.041015625 0.5729166666666666 0.022135416666666668 0.018229166666666668
0 0.33984375 0.2890625 0.0234375 0.020833333333333332
0 0.13736979166666666 0.24674479166666666 0.024739583333333332 0.022135416666666668
0 0.17838541666666666 0.16080729166666666 0.015625 0.01953125
0 0.024739583333333332 0.24348958333333334 0.015625 0.015625
0 0.12825520833333334 0.006510416666666667 0.01953125 0.010416666666666666
0 0.05859375 0.4166666666666667 0.026041666666666668 0.020833333333333332
0 0.4602864583333333 0.2942708333333333 0.01953125 0.020833333333333332
0 0.5442708333333334 0.16015625 0.03125 0.026041666666666668
0 0.10677083333333333 0.8209635416666666 0.0234375 0.01953125
0 0.13606770833333334 0.9186197916666666 0.24088541666666666 0.16276041666666666
0 0.5436197916666666 0.853515625 0.01953125 0.032552083333333336
0 0.6796875 0.4537760416666667 0.03125 0.02734375
0 0.6087239583333334 0.3899739583333333 0.045572916666666664 0.04296875
0 0.5891927083333334 0.3391927083333333 0.01953125 0.01953125
0 0.7805989583333334 0.11588541666666667 0.01953125 0.020833333333333332
0 0.76171875 0.07291666666666667 0.1796875 0.14322916666666666
0 0.9537760416666666 0.06315104166666667 0.032552083333333336 0.02734375
0 0.7591145833333334 0.6145833333333334 0.0234375 0.018229166666666668
0 0.857421875 0.6223958333333334 0.07421875 0.06510416666666667
0 0.9420572916666666 0.6217447916666666 0.016927083333333332 0.014322916666666666
0 0.873046875 0.8111979166666666 0.09244791666666667 0.09114583333333333
0 0.7845052083333334 0.875 0.01953125 0.018229166666666668
0 0.7604166666666666 0.3743489583333333 0.020833333333333332 0.01953125
0 0.8756510416666666 0.365234375 0.01953125 0.01953125
0 0.35546875 0.4778645833333333 0.018229166666666668 0.015625
0 0.4973958333333333 0.974609375 0.018229166666666668 0.014322916666666666
0 0.8899739583333334 0.048177083333333336 0.016927083333333332 0.010416666666666666
0 0.9108072916666666 0.6497395833333334 0.014322916666666666 0.015625
0 0.8723958333333334 0.050130208333333336 0.013020833333333334 0.014322916666666666
0 0.4947916666666667 0.2545572916666667 0.018229166666666668 0.016927083333333332
0 0.14322916666666666 0.052734375 0.013020833333333334 0.014322916666666666
0 0.8001302083333334 0.08268229166666667 0.014322916666666666 0.01171875
0 0.11328125 0.369140625 0.06770833333333333 0.061197916666666664
0 0.10807291666666667 0.7955729166666666 0.020833333333333332 0.018229166666666668
0 0.21549479166666666 0.9147135416666666 0.037760416666666664 0.024739583333333332
0 0.6171875 0.8255208333333334 0.013020833333333334 0.013020833333333334
0 0.564453125 0.7903645833333334 0.016927083333333332 0.013020833333333334
0 0.5045572916666666 0.046223958333333336 0.014322916666666666 0.01171875
0 0.818359375 0.14322916666666666 0.014322916666666666 0.013020833333333334
0 0.6549479166666666 0.4153645833333333 0.13541666666666666 0.11979166666666667
0 0.4837239583333333 0.6985677083333334 0.009114583333333334 0.009114583333333334
0 0.66015625 0.6555989583333334 0.010416666666666666 0.009114583333333334
0 0.7578125 0.7923177083333334 0.010416666666666666 0.01171875
0 0.7526041666666666 0.5442708333333334 0.010416666666666666 0.010416666666666666
0 0.365234375 0.5677083333333334 0.01171875 0.010416666666666666