0 0.4772135416666667 0.7194010416666666 0.040364583333333336 0.040364583333333336
0 0.349609375 0.9407552083333334 0.05859375 0.053385416666666664
0 0.3268229166666667 0.8619791666666666 0.026041666666666668 0.015625
0 0.251953125 0.970703125 0.01953125 0.01953125
0 0.15755208333333334 0.697265625 0.06510416666666667 0.05859375
0 0.01171875 0.4205729166666667 0.020833333333333332 0.026041666666666668
0 0.014322916666666666 0.3834635416666667 0.026041666666666668 0.03515625
0 0.4635416666666667 0.3763020833333333 0.0390625 0.033854166666666664
0 0.369140625 0.3743489583333333 0.05859375 0.06640625
0 0.3821614583333333 0.599609375 0.032552083333333336 0.032552083333333336
0 0.2916666666666667 0.4127604166666667 0.018229166666666668 0.0234375
0 0.7864583333333334 0.4303385416666667 0.020833333333333332 0.01953125
0 0.61328125 0.10546875 0.026041666666666668 0.026041666666666668
0 0.8346354166666666 0.119140625 0.052083333333333336 0.053385416666666664
0 0.9140625 0.8860677083333334 0.13020833333333334 0.11067708333333333
0 0.9602864583333334 0.5735677083333334 0.061197916666666664 0.11067708333333333
0 0.010416666666666666 0.5481770833333334 0.018229166666666668 0.015625
0 0.6067708333333334 0.5462239583333334 0.013020833333333334 0.016927083333333332
0 0.7252604166666666 0.9205729166666666 0.026041666666666668 0.0234375
0 0.7115885416666666 0.9479166666666666 0.01171875 0.013020833333333334
0 0.8515625 0.23372395833333334 0.020833333333333332 0.022135416666666668
0 0.6588541666666666 0.4401041666666667 0.013020833333333334 0.013020833333333334
0 0.9296875 0.255859375 0.018229166666666668 0.014322916666666666
0 0.859375 0.8424479166666666 0.015625 0.015625
0 0.49609375 0.216796875 0.013020833333333334 0.016927083333333332
0 0.12174479166666667 0.5885416666666666 0.01953125 0.013020833333333334
0 0.03125 0.677734375 0.015625 0.014322916666666666
0 0.8365885416666666 0.388671875 0.014322916666666666 0.014322916666666666
0 0.8671875 0.5006510416666666 0.013020833333333334 0.014322916666666666