0 0.8313802083333334 0.5768229166666666 0.3372395833333333 0.2994791666666667
0 0.810546875 0.10026041666666667 0.37890625 0.20052083333333334
0 0.055338541666666664 0.736328125 0.11067708333333333 0.18359375
0 0.44921875 0.1875 0.20572916666666666 0.21614583333333334
0 0.8404947916666666 0.07747395833333333 0.3190104166666667 0.15494791666666666
0 0.345703125 0.059895833333333336 0.41015625 0.11979166666666667
0 0.22265625 0.974609375 0.052083333333333336 0.040364583333333336
0 0.20703125 0.2903645833333333 0.055989583333333336 0.048177083333333336
0 0.6946614583333334 0.8313802083333334 0.04296875 0.041666666666666664
0 0.9602864583333334 0.73046875 0.07682291666666667 0.06770833333333333
0 0.78125 0.9850260416666666 0.049479166666666664 0.029947916666666668
0 0.7057291666666666 0.7799479166666666 0.0390625 0.037760416666666664
0 0.5950520833333334 0.365234375 0.044270833333333336 0.0390625
0 0.4388020833333333 0.4140625 0.04296875 0.037760416666666664
0 0.251953125 0.6321614583333334 0.07682291666666667 0.07421875
0 0.673828125 0.3567708333333333 0.032552083333333336 0.028645833333333332
0 0.5208333333333334 0.7337239583333334 0.037760416666666664 0.036458333333333336
0 0.6432291666666666 0.9778645833333334 0.028645833333333332 0.028645833333333332
0 0.994140625 0.9303385416666666 0.01171875 0.03515625
0 0.8541666666666666 0.9733072916666666 0.0390625 0.0390625
0 0.7213541666666666 0.9231770833333334 0.055989583333333336 0.055989583333333336
0 0.5234375 0.921875 0.08072916666666667 0.08463541666666667
0 0.8717447916666666 0.4016927083333333 0.026041666666666668 0.026041666666666668
0 0.2994791666666667 0.7259114583333334 0.026041666666666668 0.02734375
0 0.15494791666666666 0.8528645833333334 0.029947916666666668 0.028645833333333332
0 0.8326822916666666 0.20572916666666666 0.026041666666666668 0.024739583333333332
0 0.599609375 0.4830729166666667 0.024739583333333332 0.024739583333333332
0 0.9069010416666666 0.9446614583333334 0.024739583333333332 0.024739583333333332
0 0.4036458333333333 0.5162760416666666 0.028645833333333332 0.029947916666666668
0 0.21484375 0.7057291666666666 0.02734375 0.02734375
0 0.5826822916666666 0.6165364583333334 0.028645833333333332 0.028645833333333332
0 0.3919270833333333 0.6471354166666666 0.026041666666666668 0.026041666666666668
0 0.09505208333333333 0.7174479166666666 0.02734375 0.028645833333333332
0 0.681640625 0.20963541666666666 0.028645833333333332 0.032552083333333336
0 0.3639322916666667 0.8196614583333334 0.1484375 0.15364583333333334
0 0.057942708333333336 0.27734375 0.024739583333333332 0.024739583333333332
0 0.14518229166666666 0.3678385416666667 0.033854166666666664 0.03125
0 0.042317708333333336 0.6731770833333334 0.022135416666666668 0.022135416666666668
0 0.9720052083333334 0.17317708333333334 0.020833333333333332 0.020833333333333332