0 0.259765625 0.4361979166666667 0.016927083333333332 0.020833333333333332
0 0.12174479166666667 0.2662760416666667 0.02734375 0.029947916666666668
0 0.4908854166666667 0.66015625 0.041666666666666664 0.0390625
0 0.251953125 0.837890625 0.024739583333333332 0.024739583333333332
0 0.30859375 0.9817708333333334 0.020833333333333332 0.020833333333333332
0 0.4986979166666667 0.9563802083333334 0.06510416666666667 0.06901041666666667
0 0.4596354166666667 0.4270833333333333 0.026041666666666668 0.026041666666666668
0 0.7395833333333334 0.453125 0.026041666666666668 0.026041666666666668
0 0.576171875 0.5208333333333334 0.024739583333333332 0.0234375
0 0.7838541666666666 0.09635416666666667 0.0546875 0.057291666666666664
0 0.818359375 0.020182291666666668 0.02734375 0.022135416666666668
0 0.9244791666666666 0.4440104166666667 0.020833333333333332 0.026041666666666668
0 0.8854166666666666 0.14127604166666666 0.018229166666666668 0.022135416666666668
0 0.21875 0.3626302083333333 0.0234375 0.024739583333333332
0 0.09114583333333333 0.4290364583333333 0.020833333333333332 0.022135416666666668
0 0.03515625 0.20247395833333334 0.0234375 0.01953125
0 0.826171875 0.40625 0.01953125 0.015625
0 0.7180989583333334 0.18294270833333334 0.014322916666666666 0.014322916666666666
0 0.5442708333333334 0.16015625 0.015625 0.015625
0 0.994140625 0.5442708333333334 0.01171875 0.0234375
0 0.125 0.7376302083333334 0.013020833333333334 0.016927083333333332
0 0.943359375 0.314453125 0.09765625 0.08723958333333333
0 0.014973958333333334 0.138671875 0.014322916666666666 0.016927083333333332
0 0.011067708333333334 0.365234375 0.01953125 0.022135416666666668