0 0.20182291666666666 0.36328125 0.028645833333333332 0.033854166666666664
0 0.361328125 0.06966145833333333 0.022135416666666668 0.01953125
0 0.6673177083333334 0.3639322916666667 0.048177083333333336 0.048177083333333336
0 0.6184895833333334 0.5345052083333334 0.0234375 0.032552083333333336
0 0.3841145833333333 0.5787760416666666 0.015625 0.016927083333333332
0 0.5052083333333334 0.5631510416666666 0.018229166666666668 0.014322916666666666
0 0.7890625 0.8424479166666666 0.026041666666666668 0.028645833333333332
0 0.8919270833333334 0.9055989583333334 0.0234375 0.024739583333333332
0 0.6848958333333334 0.3287760416666667 0.026041666666666668 0.024739583333333332
0 0.19921875 0.693359375 0.010416666666666666 0.01171875
0 0.6360677083333334 0.6569010416666666 0.01953125 0.016927083333333332
0 0.08984375 0.15690104166666666 0.03125 0.032552083333333336
0 0.044270833333333336 0.5462239583333334 0.03125 0.029947916666666668
0 0.744140625 0.6829427083333334 0.024739583333333332 0.022135416666666668
0 0.6354166666666666 0.71484375 0.018229166666666668 0.010416666666666666
0 0.20247395833333334 0.7154947916666666 0.014322916666666666 0.014322916666666666
0 0.6158854166666666 0.583984375 0.013020833333333334 0.014322916666666666
0 0.9856770833333334 0.5696614583333334 0.018229166666666668 0.022135416666666668
0 0.9830729166666666 0.3333333333333333 0.015625 0.018229166666666668