0 0.205078125 0.451171875 0.2799479166666667 0.3372395833333333
0 0.8151041666666666 0.6393229166666666 0.07552083333333333 0.078125
0 0.7356770833333334 0.64453125 0.026041666666666668 0.026041666666666668
0 0.8776041666666666 0.2682291666666667 0.026041666666666668 0.028645833333333332
0 0.953125 0.171875 0.020833333333333332 0.018229166666666668
0 0.7005208333333334 0.171875 0.0234375 0.028645833333333332
0 0.6087239583333334 0.3040364583333333 0.01953125 0.029947916666666668
0 0.6373697916666666 0.046223958333333336 0.037760416666666664 0.037760416666666664
0 0.6100260416666666 0.013671875 0.016927083333333332 0.014322916666666666
0 0.6041666666666666 0.07747395833333333 0.020833333333333332 0.01953125
0 0.9322916666666666 0.447265625 0.06770833333333333 0.07421875
0 0.8854166666666666 0.4661458333333333 0.013020833333333334 0.018229166666666668
0 0.908203125 0.7649739583333334 0.024739583333333332 0.01953125
0 0.95703125 0.8736979166666666 0.052083333333333336 0.041666666666666664
0 0.88671875 0.9114583333333334 0.028645833333333332 0.026041666666666668
0 0.5970052083333334 0.46875 0.016927083333333332 0.026041666666666668
0 0.5501302083333334 0.4329427083333333 0.11067708333333333 0.11067708333333333
0 0.4069010416666667 0.052734375 0.01953125 0.014322916666666666
0 0.240234375 0.01171875 0.053385416666666664 0.020833333333333332
0 0.24348958333333334 0.20572916666666666 0.020833333333333332 0.018229166666666668
0 0.13020833333333334 0.22135416666666666 0.0234375 0.018229166666666668
0 0.10872395833333333 0.6451822916666666 0.022135416666666668 0.024739583333333332
0 0.6510416666666666 0.7259114583333334 0.06510416666666667 0.05859375
0 0.5319010416666666 0.775390625 0.029947916666666668 0.02734375
0 0.615234375 0.849609375 0.01953125 0.01953125
0 0.5729166666666666 0.97265625 0.026041666666666668 0.026041666666666668
0 0.4114583333333333 0.517578125 0.015625 0.01953125
0 0.32421875 0.76171875 0.0234375 0.026041666666666668
0 0.650390625 0.25 0.024739583333333332 0.018229166666666668
0 0.6106770833333334 0.13411458333333334 0.018229166666666668 0.018229166666666668
0 0.8528645833333334 0.9375 0.026041666666666668 0.026041666666666668
0 0.015625 0.353515625 0.020833333333333332 0.024739583333333332
0 0.4303385416666667 0.18880208333333334 0.022135416666666668 0.026041666666666668
0 0.024088541666666668 0.7760416666666666 0.016927083333333332 0.015625
0 0.9563802083333334 0.2513020833333333 0.01171875 0.015625
0 0.076171875 0.2897135416666667 0.014322916666666666 0.016927083333333332
0 0.9205729166666666 0.869140625 0.028645833333333332 0.029947916666666668