0 0.9635416666666666 0.3854166666666667 0.036458333333333336 0.049479166666666664
0 0.7779947916666666 0.21809895833333334 0.03515625 0.032552083333333336
0 0.9205729166666666 0.037109375 0.026041666666666668 0.029947916666666668
0 0.9251302083333334 0.26171875 0.022135416666666668 0.0234375
0 0.7760416666666666 0.7916666666666666 0.1171875 0.13802083333333334
0 0.7408854166666666 0.9505208333333334 0.046875 0.0390625
0 0.484375 0.958984375 0.078125 0.06640625
0 0.3854166666666667 0.6998697916666666 0.026041666666666668 0.02734375
0 0.611328125 0.49609375 0.01953125 0.028645833333333332
0 0.9329427083333334 0.1171875 0.014322916666666666 0.013020833333333334
0 0.8932291666666666 0.443359375 0.026041666666666668 0.024739583333333332
0 0.15169270833333334 0.109375 0.02734375 0.020833333333333332
0 0.09375 0.6901041666666666 0.18229166666666666 0.2994791666666667
0 0.4544270833333333 0.5260416666666666 0.020833333333333332 0.020833333333333332
0 0.4283854166666667 0.21875 0.020833333333333332 0.018229166666666668
0 0.658203125 0.09309895833333333 0.022135416666666668 0.014322916666666666
0 0.5442708333333334 0.09114583333333333 0.015625 0.013020833333333334
0 0.267578125 0.771484375 0.016927083333333332 0.01953125
0 0.8098958333333334 0.189453125 0.013020833333333334 0.01171875
0 0.85546875 0.064453125 0.018229166666666668 0.016927083333333332
0 0.11393229166666667 0.2682291666666667 0.01953125 0.020833333333333332
0 0.833984375 0.9329427083333334 0.022135416666666668 0.01953125
0 0.203125 0.986328125 0.07552083333333333 0.02734375