0 0.4505208333333333 0.3125 0.026041666666666668 0.03125
0 0.22591145833333334 0.931640625 0.01953125 0.01953125
0 0.6315104166666666 0.09635416666666667 0.044270833333333336 0.044270833333333336
0 0.7864583333333334 0.11783854166666667 0.03125 0.01953125
0 0.6881510416666666 0.041666666666666664 0.01953125 0.015625
0 0.046875 0.6204427083333334 0.013020833333333334 0.014322916666666666
0 0.4583333333333333 0.693359375 0.018229166666666668 0.014322916666666666
0 0.37109375 0.705078125 0.015625 0.014322916666666666
0 0.619140625 0.4967447916666667 0.014322916666666666 0.014322916666666666
0 0.07356770833333333 0.673828125 0.01171875 0.01171875
0 0.10026041666666667 0.7864583333333334 0.013020833333333334 0.013020833333333334
0 0.5677083333333334 0.9895833333333334 0.010416666666666666 0.010416666666666666