0 0.173828125 0.642578125 0.05078125 0.045572916666666664
0 0.3098958333333333 0.8600260416666666 0.0390625 0.045572916666666664
0 0.341796875 0.947265625 0.024739583333333332 0.024739583333333332
0 0.45703125 0.8899739583333334 0.07291666666666667 0.06901041666666667
0 0.5533854166666666 0.7434895833333334 0.020833333333333332 0.020833333333333332
0 0.408203125 0.5904947916666666 0.07942708333333333 0.07682291666666667
0 0.099609375 0.8997395833333334 0.014322916666666666 0.015625
0 0.107421875 0.8619791666666666 0.014322916666666666 0.015625
0 0.09309895833333333 0.80078125 0.07421875 0.06770833333333333
0 0.041666666666666664 0.9778645833333334 0.015625 0.018229166666666668
0 0.5520833333333334 0.6236979166666666 0.036458333333333336 0.041666666666666664
0 0.4381510416666667 0.46875 0.024739583333333332 0.03125
0 0.6927083333333334 0.8014322916666666 0.2630208333333333 0.2799479166666667
0 0.8111979166666666 0.869140625 0.015625 0.016927083333333332
0 0.7682291666666666 0.638671875 0.028645833333333332 0.032552083333333336
0 0.5963541666666666 0.5299479166666666 0.018229166666666668 0.020833333333333332
0 0.4446614583333333 0.3619791666666667 0.016927083333333332 0.018229166666666668
0 0.3522135416666667 0.11458333333333333 0.032552083333333336 0.026041666666666668
0 0.9798177083333334 0.3059895833333333 0.03515625 0.036458333333333336
0 0.9680989583333334 0.7766927083333334 0.02734375 0.037760416666666664
0 0.4947916666666667 0.15690104166666666 0.020833333333333332 0.01953125
0 0.13541666666666666 0.7096354166666666 0.015625 0.015625
0 0.015625 0.83203125 0.013020833333333334 0.015625
0 0.3587239583333333 0.4114583333333333 0.016927083333333332 0.015625
0 0.6276041666666666 0.412109375 0.013020833333333334 0.014322916666666666
0 0.9680989583333334 0.8098958333333334 0.009114583333333334 0.010416666666666666
0 0.935546875 0.80078125 0.01171875 0.010416666666666666
0 0.9147135416666666 0.7786458333333334 0.01171875 0.013020833333333334
0 0.8873697916666666 0.7708333333333334 0.01171875 0.013020833333333334
0 0.865234375 0.5690104166666666 0.009114583333333334 0.010416666666666666
0 0.4837239583333333 0.494140625 0.01953125 0.022135416666666668
0 0.4466145833333333 0.3157552083333333 0.015625 0.014322916666666666
0 0.4713541666666667 0.73046875 0.013020833333333334 0.013020833333333334
0 0.4505208333333333 0.744140625 0.010416666666666666 0.01171875
0 0.19791666666666666 0.9485677083333334 0.013020833333333334 0.01171875
0 0.042317708333333336 0.9557291666666666 0.009114583333333334 0.010416666666666666
0 0.17513020833333334 0.98828125 0.009114583333333334 0.010416666666666666
0 0.07552083333333333 0.7747395833333334 0.010416666666666666 0.010416666666666666
0 0.018880208333333332 0.453125 0.01171875 0.010416666666666666
0 0.3033854166666667 0.23502604166666666 0.013020833333333334 0.014322916666666666
0 0.2552083333333333 0.28515625 0.0078125 0.010416666666666666
0 0.21809895833333334 0.043619791666666664 0.01171875 0.009114583333333334
0 0.6393229166666666 0.028645833333333332 0.013020833333333334 0.013020833333333334
0 0.7838541666666666 0.018229166666666668 0.013020833333333334 0.013020833333333334
0 0.7584635416666666 0.07747395833333333 0.01171875 0.009114583333333334
0 0.185546875 0.026692708333333332 0.014322916666666666 0.01171875
0 0.005859375 0.298828125 0.009114583333333334 0.016927083333333332
0 0.8131510416666666 0.783203125 0.01953125 0.022135416666666668
0 0.6901041666666666 0.9557291666666666 0.013020833333333334 0.013020833333333334
0 0.0859375 0.22005208333333334 0.013020833333333334 0.013020833333333334