0 0.345703125 0.76953125 0.037760416666666664 0.0234375
0 0.34765625 0.4440104166666667 0.1484375 0.171875
0 0.7532552083333334 0.7057291666666666 0.022135416666666668 0.0234375
0 0.25 0.7591145833333334 0.026041666666666668 0.028645833333333332
0 0.26953125 0.7955729166666666 0.018229166666666668 0.018229166666666668
0 0.020182291666666668 0.3912760416666667 0.022135416666666668 0.024739583333333332
0 0.0546875 0.23828125 0.044270833333333336 0.044270833333333336
0 0.052734375 0.146484375 0.02734375 0.022135416666666668
0 0.4427083333333333 0.658203125 0.026041666666666668 0.02734375
0 0.7174479166666666 0.7936197916666666 0.015625 0.016927083333333332
0 0.7604166666666666 0.7552083333333334 0.018229166666666668 0.018229166666666668
0 0.724609375 0.494140625 0.09244791666666667 0.11067708333333333
0 0.8756510416666666 0.2825520833333333 0.12369791666666667 0.12760416666666666
0 0.8020833333333334 0.197265625 0.018229166666666668 0.01953125
0 0.875 0.4557291666666667 0.0234375 0.026041666666666668
0 0.962890625 0.09114583333333333 0.03515625 0.0390625
0 0.9811197916666666 0.18294270833333334 0.016927083333333332 0.016927083333333332
0 0.18229166666666666 0.9615885416666666 0.018229166666666668 0.022135416666666668
0 0.884765625 0.5442708333333334 0.014322916666666666 0.018229166666666668
0 0.779296875 0.15104166666666666 0.016927083333333332 0.015625
0 0.228515625 0.791015625 0.014322916666666666 0.014322916666666666
0 0.2604166666666667 0.744140625 0.020833333333333332 0.022135416666666668
0 0.2526041666666667 0.646484375 0.010416666666666666 0.01171875
0 0.2890625 0.6067708333333334 0.013020833333333334 0.015625
0 0.049479166666666664 0.072265625 0.09375 0.14453125
0 0.20052083333333334 0.038411458333333336 0.06770833333333333 0.06901041666666667
0 0.5143229166666666 0.2819010416666667 0.010416666666666666 0.01171875
0 0.6158854166666666 0.6529947916666666 0.013020833333333334 0.01171875
0 0.61328125 0.302734375 0.0078125 0.009114583333333334
0 0.65234375 0.3138020833333333 0.010416666666666666 0.0078125
0 0.64453125 0.271484375 0.0078125 0.009114583333333334
0 0.6627604166666666 0.22265625 0.0078125 0.0078125
0 0.294921875 0.17317708333333334 0.01171875 0.013020833333333334
0 0.23307291666666666 0.255859375 0.013020833333333334 0.014322916666666666
0 0.18880208333333334 0.17513020833333334 0.013020833333333334 0.01171875
0 0.7701822916666666 0.7154947916666666 0.01953125 0.022135416666666668
0 0.830078125 0.7317708333333334 0.014322916666666666 0.015625
0 0.85546875 0.7454427083333334 0.010416666666666666 0.01171875
0 0.6432291666666666 0.796875 0.010416666666666666 0.010416666666666666
0 0.9869791666666666 0.46875 0.013020833333333334 0.015625
0 0.9830729166666666 0.048828125 0.015625 0.016927083333333332
0 0.8072916666666666 0.034505208333333336 0.013020833333333334 0.01171875
0 0.8567708333333334 0.054036458333333336 0.010416666666666666 0.01171875
0 0.5696614583333334 0.033203125 0.009114583333333334 0.009114583333333334
0 0.564453125 0.02734375 0.009114583333333334 0.0078125
0 0.5930989583333334 0.03515625 0.006510416666666667 0.0078125
0 0.658203125 0.047526041666666664 0.006510416666666667 0.006510416666666667
0 0.5123697916666666 0.42578125 0.014322916666666666 0.015625
0 0.3821614583333333 0.3111979166666667 0.009114583333333334 0.010416666666666666
0 0.380859375 0.2903645833333333 0.009114583333333334 0.010416666666666666
0 0.2955729166666667 0.3391927083333333 0.010416666666666666 0.01171875
0 0.24869791666666666 0.09635416666666667 0.010416666666666666 0.010416666666666666
0 0.008463541666666666 0.5279947916666666 0.009114583333333334 0.01171875
0 0.11393229166666667 0.44140625 0.009114583333333334 0.010416666666666666
0 0.049479166666666664 0.08723958333333333 0.0078125 0.0078125
0 0.07096354166666667 0.10026041666666667 0.016927083333333332 0.015625
0 0.061848958333333336 0.041015625 0.01171875 0.01171875
0 0.048828125 0.6067708333333334 0.014322916666666666 0.015625
0 0.142578125 0.767578125 0.01171875 0.01171875
0 0.2109375 0.8203125 0.013020833333333334 0.013020833333333334
0 0.21419270833333334 0.7721354166666666 0.014322916666666666 0.013020833333333334