0 0.022786458333333332 0.042317708333333336 0.016927083333333332 0.01953125
0 0.06770833333333333 0.048828125 0.028645833333333332 0.032552083333333336
0 0.501953125 0.033854166666666664 0.01953125 0.0234375
0 0.6510416666666666 0.12434895833333333 0.03125 0.02734375
0 0.962890625 0.35546875 0.055989583333333336 0.059895833333333336
0 0.15559895833333334 0.27734375 0.048177083333333336 0.046875
0 0.21549479166666666 0.3723958333333333 0.01953125 0.0234375
0 0.09049479166666667 0.09244791666666667 0.061197916666666664 0.049479166666666664
0 0.06770833333333333 0.17643229166666666 0.041666666666666664 0.05078125
0 0.034505208333333336 0.197265625 0.014322916666666666 0.016927083333333332
0 0.07942708333333333 0.23828125 0.028645833333333332 0.026041666666666668
0 0.046875 0.3294270833333333 0.09114583333333333 0.11197916666666667
0 0.041666666666666664 0.3821614583333333 0.015625 0.014322916666666666
0 0.020833333333333332 0.4329427083333333 0.033854166666666664 0.032552083333333336
0 0.11002604166666667 0.3873697916666667 0.014322916666666666 0.014322916666666666
0 0.009114583333333334 0.4752604166666667 0.015625 0.013020833333333334
0 0.09700520833333333 0.5110677083333334 0.03515625 0.032552083333333336
0 0.11002604166666667 0.548828125 0.11328125 0.10286458333333333
0 0.20442708333333334 0.6315104166666666 0.0625 0.078125
0 0.11002604166666667 0.63671875 0.014322916666666666 0.013020833333333334
0 0.046875 0.5865885416666666 0.013020833333333334 0.014322916666666666
0 0.18684895833333334 0.7395833333333334 0.024739583333333332 0.020833333333333332
0 0.3170572916666667 0.572265625 0.06640625 0.05859375
0 0.036458333333333336 0.8216145833333334 0.013020833333333334 0.013020833333333334
0 0.6197916666666666 0.908203125 0.044270833333333336 0.032552083333333336
0 0.7122395833333334 0.95703125 0.0234375 0.026041666666666668
0 0.828125 0.8528645833333334 0.026041666666666668 0.026041666666666668
0 0.810546875 0.849609375 0.06901041666666667 0.07161458333333333
0 0.7662760416666666 0.6458333333333334 0.024739583333333332 0.015625
0 0.7545572916666666 0.634765625 0.12109375 0.12369791666666667
0 0.62109375 0.2962239583333333 0.0234375 0.01953125
0 0.4765625 0.8854166666666666 0.018229166666666668 0.013020833333333334
0 0.494140625 0.09895833333333333 0.02734375 0.0234375
0 0.9140625 0.064453125 0.015625 0.014322916666666666
0 0.947265625 0.21875 0.01953125 0.018229166666666668
0 0.849609375 0.11848958333333333 0.014322916666666666 0.015625
0 0.7864583333333334 0.068359375 0.015625 0.014322916666666666
0 0.7942708333333334 0.14192708333333334 0.015625 0.013020833333333334
0 0.6536458333333334 0.3951822916666667 0.0234375 0.022135416666666668
0 0.6380208333333334 0.4290364583333333 0.09375 0.07161458333333333
0 0.4635416666666667 0.3131510416666667 0.0078125 0.014322916666666666
0 0.8313802083333334 0.9388020833333334 0.01953125 0.015625
0 0.9205729166666666 0.22330729166666666 0.018229166666666668 0.01171875
0 0.13411458333333334 0.9518229166666666 0.026041666666666668 0.026041666666666668
0 0.5442708333333334 0.8333333333333334 0.013020833333333334 0.013020833333333334
0 0.24348958333333334 0.78125 0.06770833333333333 0.078125
0 0.7975260416666666 0.7454427083333334 0.016927083333333332 0.01953125
0 0.9700520833333334 0.9342447916666666 0.010416666666666666 0.01953125
0 0.3997395833333333 0.19986979166666666 0.041666666666666664 0.055989583333333336
0 0.705078125 0.08723958333333333 0.07682291666666667 0.0703125
0 0.3912760416666667 0.2897135416666667 0.01953125 0.01953125
0 0.3268229166666667 0.9798177083333334 0.125 0.032552083333333336
0 0.9446614583333334 0.0390625 0.014322916666666666 0.013020833333333334
0 0.36328125 0.701171875 0.046875 0.048177083333333336
0 0.97265625 0.9192708333333334 0.0546875 0.109375
0 0.9908854166666666 0.62890625 0.018229166666666668 0.06770833333333333
0 0.744140625 0.034505208333333336 0.014322916666666666 0.01171875
0 0.7981770833333334 0.055338541666666664 0.010416666666666666 0.01171875
0 0.822265625 0.115234375 0.009114583333333334 0.009114583333333334
0 0.40234375 0.22526041666666666 0.010416666666666666 0.0078125
0 0.5169270833333334 0.51953125 0.013020833333333334 0.010416666666666666
0 0.20572916666666666 0.6549479166666666 0.013020833333333334 0.010416666666666666
0 0.3196614583333333 0.7408854166666666 0.01171875 0.010416666666666666
0 0.19596354166666666 0.87109375 0.014322916666666666 0.013020833333333334
0 0.623046875 0.8776041666666666 0.014322916666666666 0.013020833333333334
0 0.5553385416666666 0.8600260416666666 0.009114583333333334 0.009114583333333334
0 0.057942708333333336 0.634765625 0.01171875 0.01171875
0 0.2526041666666667 0.039713541666666664 0.013020833333333334 0.01171875