0 0.130859375 0.10416666666666667 0.26171875 0.20833333333333334
0 0.513671875 0.6009114583333334 0.23307291666666666 0.2421875
0 0.900390625 0.3541666666666667 0.10416666666666667 0.12760416666666666
0 0.09505208333333333 0.826171875 0.19010416666666666 0.34765625
0 0.3411458333333333 0.82421875 0.2734375 0.3515625
0 0.24348958333333334 0.9674479166666666 0.125 0.06510416666666667
0 0.7252604166666666 0.97265625 0.16145833333333334 0.0546875
0 0.953125 0.69140625 0.04296875 0.053385416666666664
0 0.8326822916666666 0.12434895833333333 0.3346354166666667 0.24869791666666666
0 0.6139322916666666 0.01171875 0.06380208333333333 0.0234375
0 0.09765625 0.2890625 0.078125 0.09114583333333333
0 0.15364583333333334 0.4694010416666667 0.048177083333333336 0.057291666666666664
0 0.21354166666666666 0.625 0.044270833333333336 0.048177083333333336
0 0.06575520833333333 0.533203125 0.048177083333333336 0.049479166666666664
0 0.734375 0.56640625 0.3072916666666667 0.4908854166666667
0 0.6100260416666666 0.8522135416666666 0.07291666666666667 0.11328125