0 0.8615104166666668 0.40388020833333327 0.03498697916666652 0.036666666666666625
0 0.950859375 0.8049088541666666 0.035390625000000085 0.035390625000000085
0 0.8780078124999999 0.8385807291666666 0.033164062500000036 0.03290364583333331
0 0.5412369791666668 0.09838541666666667 0.03342447916666661 0.031888020833333336
0 0.7886588541666667 0.08085937500000002 0.03303385416666652 0.03178385416666666
0 0.14742187500000004 0.7217447916666666 0.033033854166666675 0.039908854166666785
0 0.16597656250000004 0.2750130208333333 0.04050781250000002 0.0366666666666667
0 0.9467317708333333 0.4217447916666666 0.04226562500000005 0.04083333333333335
0 0.3494791666666666 0.06092447916666669 0.04510416666666665 0.04854166666666667
0 0.06425781250000002 0.5141927083333333 0.03152343750000001 0.03419270833333332
0 0.20240885416666674 0.7712239583333332 0.03651041666666669 0.03666666666666677
0 0.256015625 0.3959765625 0.05042968750000002 0.05321614583333334
0 0.16666666666666666 0.43583333333333335 0.055625000000000015 0.05992187499999998
0 0.7309244791666666 0.5396223958333333 0.04986979166666661 0.05433593750000002
0 0.21890625 0.2616145833333334 0.030559895833333368 0.030559895833333368
0 0.03746093749999998 0.9059375 0.02942708333333333 0.029752604166666547
0 0.5110026041666668 0.057486979166666674 0.028841145833333304 0.028632812499999993
0 0.24914062500000003 0.044596354166666664 0.02661458333333333 0.026692708333333332
0 0.38796875000000003 0.4846354166666667 0.02579427083333326 0.026914062499999947
0 0.1357421875 0.59390625 0.05635416666666667 0.08097656250000007
0 0.5247395833333334 0.6674479166666667 0.02519531250000003 0.02579427083333326
0 0.6402083333333334 0.5987239583333334 0.05979166666666669 0.06130208333333339
0 0.9192447916666667 0.5664192708333333 0.10197916666666658 0.12697916666666664
0 0.24348958333333334 0.024739583333333332 0.052083333333333336 0.049479166666666664
0 0.3352864583333333 0.8352864583333334 0.28515625 0.3294270833333333
0 0.18865885416666664 0.8701953124999999 0.045833333333333316 0.053945312500000085
0 0.3536067708333334 0.6310286458333333 0.05270833333333336 0.05923177083333334