0 0.22916666666666666 0.21875 0.0625 0.052083333333333336
0 0.41015625 0.6276041666666666 0.026041666666666668 0.028645833333333332
0 0.6334635416666666 0.3684895833333333 0.024739583333333332 0.026041666666666668
0 0.5455729166666666 0.4010416666666667 0.020833333333333332 0.026041666666666668
0 0.283203125 0.07877604166666667 0.032552083333333336 0.032552083333333336
0 0.18294270833333334 0.06315104166666667 0.024739583333333332 0.02734375
0 0.166015625 0.12434895833333333 0.01953125 0.01953125
0 0.9016927083333334 0.365234375 0.032552083333333336 0.032552083333333336
0 0.146484375 0.236328125 0.01953125 0.01953125
0 0.134765625 0.3587239583333333 0.022135416666666668 0.01953125
0 0.83984375 0.90234375 0.1171875 0.10416666666666667
0 0.14713541666666666 0.8470052083333334 0.03125 0.032552083333333336
0 0.3795572916666667 0.9453125 0.05078125 0.052083333333333336
0 0.498046875 0.9576822916666666 0.01953125 0.01953125
0 0.3678385416666667 0.050130208333333336 0.01953125 0.024739583333333332
0 0.3971354166666667 0.07747395833333333 0.0390625 0.04296875
0 0.4993489583333333 0.5670572916666666 0.016927083333333332 0.01953125
0 0.3092447916666667 0.958984375 0.01953125 0.01953125
0 0.20768229166666666 0.3033854166666667 0.022135416666666668 0.020833333333333332
0 0.20703125 0.3385416666666667 0.018229166666666668 0.013020833333333334
0 0.25830729166666666 0.7153385416666667 0.017916666666666654 0.01690104166666669
0 0.40161458333333333 0.16735677083333333 0.012187500000000018 0.012096354166666675
0 0.7221744791666667 0.145390625 0.014101562499999906 0.013606770833333318
0 0.6689453125 0.8169010416666667 0.014674479166666643 0.01346354166666656
0 0.9477604166666667 0.34765625 0.01511718749999987 0.014414062500000066
0 0.5537109375 0.44115885416666667 0.01317708333333334 0.013359374999999988
0 0.4169921875 0.34765625 0.010651041666666602 0.010234375000000018
0 0.46436197916666666 0.33716145833333333 0.010234375000000018 0.010611979166666638
0 0.45459635416666666 0.7485416666666667 0.013229166666666625 0.013229166666666773
0 0.5708072916666667 0.29516927083333333 0.010911458333333327 0.010533854166666634
0 0.34522135416666666 0.375 0.01045572916666663 0.010494791666666595
0 0.5688541666666667 0.619140625 0.010533854166666709 0.010390625000000023
0 0.62109375 0.5551822916666667 0.010390625000000023 0.010755208333333321
0 0.5361328125 0.5932682291666667 0.011471354166666595 0.01171875
0 0.5190494791666667 0.150390625 0.010611979166666638 0.01095052083333333
0 0.7041015625 0.49927083333333333 0.010794270833333286 0.010169270833333263
0 0.8544921875 0.3359375 0.01027343750000013 0.009999999999999972