0 0.07486979166666667 0.043619791666666664 0.14973958333333334 0.08723958333333333
0 0.8287760416666666 0.611328125 0.10807291666666667 0.11458333333333333
0 0.7805989583333334 0.251953125 0.09375 0.09635416666666667
0 0.9420572916666666 0.5852864583333334 0.0703125 0.07421875
0 0.055338541666666664 0.4348958333333333 0.048177083333333336 0.055989583333333336
0 0.31640625 0.17708333333333334 0.05078125 0.0546875
0 0.4322916666666667 0.21354166666666666 0.04296875 0.04296875
0 0.16471354166666666 0.28515625 0.036458333333333336 0.040364583333333336
0 0.14973958333333334 0.057291666666666664 0.032552083333333336 0.033854166666666664
0 0.5540364583333334 0.9583333333333334 0.049479166666666664 0.05078125
0 0.20638020833333334 0.748046875 0.040364583333333336 0.04296875
0 0.31640625 0.8834635416666666 0.061197916666666664 0.06510416666666667
0 0.9837239583333334 0.17252604166666666 0.032552083333333336 0.053385416666666664
0 0.7024739583333334 0.921875 0.037760416666666664 0.040364583333333336
0 0.6048177083333334 0.5481770833333334 0.040364583333333336 0.045572916666666664
0 0.8548177083333334 0.23502604166666666 0.032552083333333336 0.032552083333333336
0 0.5794270833333334 0.3717447916666667 0.029947916666666668 0.02734375
0 0.5638020833333334 0.8873697916666666 0.032552083333333336 0.03515625
0 0.994140625 0.9765625 0.01171875 0.0390625
0 0.89453125 0.16927083333333334 0.02734375 0.029947916666666668
0 0.6380208333333334 0.13736979166666666 0.03515625 0.037760416666666664
0 0.11263020833333333 0.3033854166666667 0.029947916666666668 0.03515625
0 0.958984375 0.4720052083333333 0.055989583333333336 0.052083333333333336
0 0.8216145833333334 0.9440104166666666 0.03125 0.029947916666666668
0 0.28515625 0.6868489583333334 0.029947916666666668 0.03515625