0 0.14127604166666666 0.056640625 0.016927083333333332 0.014322916666666666
0 0.23567708333333334 0.19921875 0.0390625 0.036458333333333336
0 0.3333333333333333 0.2109375 0.036458333333333336 0.033854166666666664
0 0.13606770833333334 0.3444010416666667 0.01953125 0.022135416666666668
0 0.006510416666666667 0.3014322916666667 0.010416666666666666 0.01953125
0 0.41796875 0.3619791666666667 0.026041666666666668 0.03125
0 0.3033854166666667 0.88671875 0.041666666666666664 0.0390625
0 0.037760416666666664 0.7890625 0.018229166666666668 0.0234375
0 0.5390625 0.6477864583333334 0.033854166666666664 0.03515625
0 0.193359375 0.439453125 0.01953125 0.016927083333333332
0 0.6692708333333334 0.3645833333333333 0.033854166666666664 0.041666666666666664
0 0.6985677083333334 0.017578125 0.053385416666666664 0.032552083333333336
0 0.7799479166666666 0.1171875 0.09635416666666667 0.10677083333333333
0 0.900390625 0.19856770833333334 0.01171875 0.016927083333333332
0 0.7962239583333334 0.48046875 0.024739583333333332 0.026041666666666668
0 0.6666666666666666 0.263671875 0.026041666666666668 0.022135416666666668
0 0.8736979166666666 0.7760416666666666 0.052083333333333336 0.0390625
0 0.9231770833333334 0.5188802083333334 0.033854166666666664 0.032552083333333336
0 0.8463541666666666 0.4505208333333333 0.015625 0.013020833333333334
0 0.5970052083333334 0.880859375 0.032552083333333336 0.040364583333333336
0 0.8899739583333334 0.98046875 0.01953125 0.015625
0 0.5045572916666666 0.9635416666666666 0.016927083333333332 0.015625
0 0.14778645833333334 0.4309895833333333 0.006510416666666667 0.013020833333333334
0 0.255859375 0.3203125 0.014322916666666666 0.013020833333333334
0 0.8606770833333334 0.6614583333333334 0.020833333333333332 0.0234375
0 0.7994791666666666 0.6236979166666666 0.015625 0.015625
0 0.8502604166666666 0.4921875 0.06770833333333333 0.0625
0 0.6790364583333334 0.431640625 0.07421875 0.06640625
0 0.7154947916666666 0.484375 0.037760416666666664 0.036458333333333336
0 0.06966145833333333 0.6549479166666666 0.014322916666666666 0.013020833333333334