0 0.050130208333333336 0.7552083333333334 0.045572916666666664 0.044270833333333336
0 0.21223958333333334 0.82421875 0.0390625 0.0390625
0 0.0546875 0.9283854166666666 0.010416666666666666 0.013020833333333334
0 0.011067708333333334 0.5462239583333334 0.014322916666666666 0.016927083333333332
0 0.3033854166666667 0.7838541666666666 0.0234375 0.0234375
0 0.42578125 0.8815104166666666 0.015625 0.013020833333333334
0 0.482421875 0.9609375 0.01953125 0.013020833333333334
0 0.5690104166666666 0.943359375 0.015625 0.016927083333333332
0 0.5338541666666666 0.671875 0.020833333333333332 0.020833333333333332
0 0.3196614583333333 0.615234375 0.07161458333333333 0.07942708333333333
0 0.6744791666666666 0.78515625 0.0390625 0.052083333333333336
0 0.708984375 0.82421875 0.04296875 0.052083333333333336
0 0.8619791666666666 0.9303385416666666 0.06770833333333333 0.07421875
0 0.330078125 0.306640625 0.024739583333333332 0.032552083333333336
0 0.427734375 0.40625 0.08984375 0.10416666666666667
0 0.4173177083333333 0.3912760416666667 0.01171875 0.014322916666666666
0 0.6588541666666666 0.5768229166666666 0.046875 0.052083333333333336
0 0.3821614583333333 0.826171875 0.037760416666666664 0.03515625
0 0.16015625 0.3229166666666667 0.06510416666666667 0.078125
0 0.4055989583333333 0.3235677083333333 0.032552083333333336 0.032552083333333336
0 0.2845052083333333 0.03515625 0.06380208333333333 0.0546875
0 0.640625 0.169921875 0.10677083333333333 0.11067708333333333
0 0.5963541666666666 0.15950520833333334 0.013020833333333334 0.024739583333333332
0 0.564453125 0.2760416666666667 0.01953125 0.015625
0 0.83984375 0.6438802083333334 0.028645833333333332 0.022135416666666668
0 0.8463541666666666 0.3567708333333333 0.020833333333333332 0.020833333333333332
0 0.7200520833333334 0.3255208333333333 0.026041666666666668 0.020833333333333332
0 0.7610677083333334 0.23111979166666666 0.07421875 0.06380208333333333
0 0.7317708333333334 0.12760416666666666 0.11458333333333333 0.1171875
0 0.9576822916666666 0.08854166666666667 0.02734375 0.020833333333333332
0 0.2955729166666667 0.3548177083333333 0.010416666666666666 0.014322916666666666
0 0.7858072916666666 0.544921875 0.040364583333333336 0.045572916666666664
0 0.21419270833333334 0.22591145833333334 0.016927083333333332 0.016927083333333332
0 0.4069010416666667 0.17122395833333334 0.016927083333333332 0.014322916666666666
0 0.486328125 0.35546875 0.014322916666666666 0.013020833333333334
0 0.11783854166666667 0.29296875 0.01953125 0.020833333333333332
0 0.07161458333333333 0.166015625 0.015625 0.01171875
0 0.10481770833333333 0.009114583333333334 0.024739583333333332 0.018229166666666668
0 0.6516927083333334 0.302734375 0.29296875 0.2981770833333333
0 0.7942708333333334 0.3626302083333333 0.049479166666666664 0.05859375
0 0.5345052083333334 0.7682291666666666 0.05859375 0.059895833333333336
0 0.095703125 0.4674479166666667 0.037760416666666664 0.03125
0 0.5455729166666666 0.6861979166666666 0.10677083333333333 0.109375
0 0.13541666666666666 0.341796875 0.013020833333333334 0.014322916666666666
0 0.10221354166666667 0.443359375 0.01953125 0.01953125
0 0.4466145833333333 0.006510416666666667 0.018229166666666668 0.013020833333333334