0 0.7213541666666666 0.09505208333333333 0.020833333333333332 0.020833333333333332
0 0.5338541666666666 0.1796875 0.041666666666666664 0.041666666666666664
0 0.6204427083333334 0.015625 0.01953125 0.015625
0 0.5052083333333334 0.030598958333333332 0.015625 0.009114583333333334
0 0.3424479166666667 0.6458333333333334 0.026041666666666668 0.0234375
0 0.3072916666666667 0.7350260416666666 0.020833333333333332 0.01953125
0 0.047526041666666664 0.6282552083333334 0.014322916666666666 0.01953125
0 0.049479166666666664 0.5546875 0.015625 0.015625
0 0.22981770833333334 0.904296875 0.01171875 0.01171875
0 0.6634114583333334 0.11263020833333333 0.05078125 0.05078125
0 0.94921875 0.5338541666666666 0.013020833333333334 0.013020833333333334
0 0.9772135416666666 0.8138020833333334 0.022135416666666668 0.026041666666666668
0 0.13671875 0.6549479166666666 0.010416666666666666 0.010416666666666666
0 0.1875 0.16471354166666666 0.010416666666666666 0.009114583333333334
0 0.17513020833333334 0.16015625 0.009114583333333334 0.010416666666666666
0 0.703125 0.818359375 0.013020833333333334 0.01171875