0 0.8567708333333334 0.06510416666666667 0.0234375 0.026041666666666668
0 0.9811197916666666 0.13151041666666666 0.03515625 0.028645833333333332
0 0.6477864583333334 0.4466145833333333 0.01953125 0.018229166666666668
0 0.494140625 0.361328125 0.02734375 0.032552083333333336
0 0.4420572916666667 0.4427083333333333 0.040364583333333336 0.0390625
0 0.3216145833333333 0.7936197916666666 0.018229166666666668 0.01953125
0 0.7779947916666666 0.8209635416666666 0.048177083333333336 0.053385416666666664
0 0.06315104166666667 0.6608072916666666 0.08203125 0.09765625
0 0.9147135416666666 0.6002604166666666 0.01953125 0.0234375
0 0.69140625 0.68359375 0.015625 0.013020833333333334
0 0.3580729166666667 0.8919270833333334 0.018229166666666668 0.018229166666666668
0 0.19856770833333334 0.791015625 0.01953125 0.01953125
0 0.7473958333333334 0.23502604166666666 0.015625 0.016927083333333332
0 0.020833333333333332 0.6354166666666666 0.041666666666666664 0.0703125
0 0.8776041666666666 0.22526041666666666 0.013020833333333334 0.013020833333333334
0 0.5755208333333334 0.19856770833333334 0.010416666666666666 0.01171875
0 0.45703125 0.7220052083333334 0.013020833333333334 0.01171875
0 0.4817708333333333 0.6399739583333334 0.010416666666666666 0.01171875
0 0.615234375 0.9401041666666666 0.014322916666666666 0.010416666666666666
0 0.828125 0.7571614583333334 0.013020833333333334 0.01171875
0 0.009765625 0.5638020833333334 0.015625 0.015625
0 0.4296875 0.408203125 0.02734375 0.028645833333333332
0 0.6790364583333334 0.11328125 0.014322916666666666 0.015625
0 0.697265625 0.7766927083333334 0.015625 0.015625
0 0.23958333333333334 0.8274739583333334 0.016927083333333332 0.01953125
0 0.8235677083333334 0.21744791666666666 0.014322916666666666 0.015625
0 0.5716145833333334 0.8307291666666666 0.01171875 0.01171875
0 0.5930989583333334 0.4479166666666667 0.024739583333333332 0.022135416666666668
0 0.564453125 0.006510416666666667 0.015625 0.01171875
0 0.5045572916666666 0.10026041666666667 0.009114583333333334 0.010416666666666666
0 0.8977864583333334 0.8411458333333334 0.009114583333333334 0.010416666666666666
0 0.6608072916666666 0.587890625 0.010416666666666666 0.010416666666666666
0 0.8365885416666666 0.8697916666666666 0.010416666666666666 0.010416666666666666
0 0.546875 0.5143229166666666 0.009114583333333334 0.010416666666666666
0 0.5260416666666666 0.10481770833333333 0.0078125 0.0078125
0 0.7721354166666666 0.9544270833333334 0.010416666666666666 0.01171875
0 0.482421875 0.6595052083333334 0.009114583333333334 0.010416666666666666
0 0.6341145833333334 0.380859375 0.010416666666666666 0.009114583333333334
0 0.6770833333333334 0.744140625 0.010416666666666666 0.01171875
0 0.5703125 0.3815104166666667 0.009114583333333334 0.009114583333333334
0 0.9674479166666666 0.59375 0.009114583333333334 0.009114583333333334
0 0.609375 0.10872395833333333 0.0078125 0.009114583333333334
0 0.720703125 0.740234375 0.010416666666666666 0.01171875