0 0.055989583333333336 0.3756510416666667 0.0703125 0.06640625
0 0.4173177083333333 0.5149739583333334 0.02734375 0.032552083333333336
0 0.043619791666666664 0.5384114583333334 0.022135416666666668 0.024739583333333332
0 0.18815104166666666 0.6263020833333334 0.032552083333333336 0.03125
0 0.6875 0.4811197916666667 0.03125 0.029947916666666668
0 0.6979166666666666 0.5768229166666666 0.049479166666666664 0.052083333333333336
0 0.17578125 0.2858072916666667 0.013020833333333334 0.016927083333333332
0 0.3072916666666667 0.6979166666666666 0.015625 0.018229166666666668
0 0.8177083333333334 0.8678385416666666 0.03125 0.032552083333333336
0 0.4266276041666666 0.602890625 0.06510416666666667 0.07161458333333333
0 0.3990885416666667 0.97265625 0.06901041666666667 0.0546875
0 0.828125 0.07356770833333333 0.06770833333333333 0.061197916666666664
0 0.59765625 0.53515625 0.015625 0.013020833333333334
0 0.7934635416666667 0.65234375 0.01945312500000007 0.019505208333333357
0 0.12213541666666666 0.9116276041666667 0.01929687499999999 0.019869791666666654
0 0.6064453125 0.9453125 0.010950520833333291 0.01125000000000013
0 0.6010807291666667 0.7885807291666667 0.01738281250000003 0.017643229166666607
0 0.46947916666666667 0.9384765625 0.014557291666666602 0.01455729166666675
0 0.1798046875 0.4716796875 0.013684895833333321 0.013528645833333316
0 0.3544921875 0.6196354166666667 0.012968750000000048 0.013125000000000053
0 0.1279296875 0.8833072916666667 0.012864583333333327 0.012721354166666643
0 0.5717838541666667 0.7426822916666667 0.008880208333333398 0.00947916666666663
0 0.1424609375 0.39014322916666666 0.011549479166666673 0.011197916666666696
0 0.5595703125 0.4775390625 0.010130208333333298 0.010781249999999964
0 0.03424479166666667 0.9443359375 0.024882812500000004 0.02635416666666668
0 0.7260807291666667 0.841796875 0.009635416666666785 0.009817708333333286
0 0.3251953125 0.8930729166666667 0.008580729166666634 0.008815104166666643
0 0.326171875 0.8042057291666667 0.009778645833333321 0.00985677083333325
0 0.35717447916666667 0.39770833333333333 0.009127604166666655 0.00927083333333334
0 0.560546875 0.8012760416666667 0.007070312499999935 0.0078125
0 0.18920572916666667 0.8794010416666667 0.007786458333333357 0.008151041666666655
0 0.41869791666666667 0.8046875 0.008645833333333316 0.008919270833333215
0 0.33057291666666666 0.9419010416666667 0.009635416666666638 0.009817708333333286
0 0.17736979166666667 0.36108072916666667 0.008854166666666682 0.008645833333333316
0 0.7778385416666667 0.7314453125 0.012382812499999988 0.012330729166666702
0 0.20446614583333333 0.8330078125 0.007005208333333328 0.007786458333333357
0 0.174921875 0.45727864583333333 0.01102864583333337 0.01045572916666663
0 0.7470703125 0.8676822916666667 0.007434895833333381 0.008515624999999952
0 0.42358072916666667 0.39721354166666667 0.009895833333333362 0.010091145833333334
0 0.19165364583333333 0.49170572916666666 0.008515625000000027 0.008033854166666613
0 0.21850260416666667 0.7475651041666667 0.009635416666666638 0.010729166666666679
0 0.08404947916666666 0.521484375 0.008945312500000005 0.009375000000000059
0 0.47608072916666666 0.8525390625 0.008151041666666655 0.009414062500000023
0 0.38751302083333333 0.6215885416666667 0.05968750000000004 0.056236979166666735