0 0.125 0.40625 0.041666666666666664 0.041666666666666664
0 0.22135416666666666 0.4798177083333333 0.0390625 0.040364583333333336
0 0.3098958333333333 0.552734375 0.028645833333333332 0.02734375
0 0.115234375 0.59765625 0.016927083333333332 0.015625
0 0.2962239583333333 0.85546875 0.032552083333333336 0.036458333333333336
0 0.623046875 0.2975260416666667 0.032552083333333336 0.03515625
0 0.7721354166666666 0.4290364583333333 0.020833333333333332 0.022135416666666668
0 0.5924479166666666 0.638671875 0.026041666666666668 0.01953125
0 0.6731770833333334 0.6829427083333334 0.036458333333333336 0.03515625
0 0.9498697916666666 0.63671875 0.037760416666666664 0.0390625
0 0.833984375 0.9524739583333334 0.032552083333333336 0.02734375
0 0.4596354166666667 0.453125 0.020833333333333332 0.020833333333333332
0 0.1875 0.216796875 0.0234375 0.022135416666666668
0 0.93359375 0.9915364583333334 0.015625 0.014322916666666666
0 0.970703125 0.037760416666666664 0.014322916666666666 0.013020833333333334
0 0.224609375 0.18424479166666666 0.01171875 0.01171875
0 0.0390625 0.5787760416666666 0.013020833333333334 0.01171875
0 0.22265625 0.86328125 0.015625 0.015625