0 0.044270833333333336 0.18815104166666666 0.015625 0.016927083333333332
0 0.357421875 0.28125 0.016927083333333332 0.015625
0 0.21809895833333334 0.041015625 0.048177083333333336 0.04296875
0 0.4049479166666667 0.09049479166666667 0.08072916666666667 0.07682291666666667
0 0.578125 0.4381510416666667 0.046875 0.04296875
0 0.4986979166666667 0.2994791666666667 0.013020833333333334 0.010416666666666666
0 0.330078125 0.15559895833333334 0.01171875 0.014322916666666666
0 0.5032552083333334 0.17838541666666666 0.009114583333333334 0.010416666666666666
0 0.7955729166666666 0.4615885416666667 0.052083333333333336 0.053385416666666664
0 0.7584635416666666 0.4908854166666667 0.014322916666666666 0.015625
0 0.26953125 0.693359375 0.020833333333333332 0.01953125
0 0.3203125 0.689453125 0.028645833333333332 0.02734375
0 0.4986979166666667 0.6946614583333334 0.018229166666666668 0.022135416666666668
0 0.6907552083333334 0.7467447916666666 0.037760416666666664 0.037760416666666664
0 0.6217447916666666 0.7291666666666666 0.01171875 0.015625
0 0.8815104166666666 0.8470052083333334 0.018229166666666668 0.01953125
0 0.734375 0.8359375 0.015625 0.015625
0 0.4680989583333333 0.876953125 0.014322916666666666 0.014322916666666666
0 0.7981770833333334 0.18098958333333334 0.015625 0.010416666666666666
0 0.361328125 0.5651041666666666 0.01171875 0.010416666666666666
0 0.7584635416666666 0.3515625 0.01171875 0.010416666666666666
0 0.7532552083333334 0.6126302083333334 0.016927083333333332 0.022135416666666668
0 0.9895833333333334 0.9921875 0.010416666666666666 0.010416666666666666
0 0.5377604166666666 0.2591145833333333 0.010416666666666666 0.010416666666666666
0 0.4251302083333333 0.658203125 0.009114583333333334 0.01171875
0 0.4947916666666667 0.87890625 0.015625 0.013020833333333334
0 0.9095052083333334 0.5865885416666666 0.18098958333333334 0.21484375
0 0.7623697916666666 0.12369791666666667 0.0078125 0.0078125
0 0.2545572916666667 0.923828125 0.0078125 0.0078125
0 0.49609375 0.87890625 0.009114583333333334 0.009114583333333334
0 0.053385416666666664 0.3860677083333333 0.009114583333333334 0.009114583333333334
0 0.3619791666666667 0.8541666666666666 0.0078125 0.0078125
0 0.330078125 0.7376302083333334 0.015625 0.014322916666666666
0 0.3352864583333333 0.4817708333333333 0.01171875 0.010416666666666666
0 0.5052083333333334 0.1796875 0.010416666666666666 0.009114583333333334
0 0.4036458333333333 0.9420572916666666 0.010416666666666666 0.009114583333333334
0 0.7350260416666666 0.837890625 0.010416666666666666 0.010416666666666666
0 0.7584635416666666 0.3541666666666667 0.014322916666666666 0.010416666666666666
0 0.5651041666666666 0.21028645833333334 0.009114583333333334 0.009114583333333334
0 0.7552083333333334 0.6119791666666666 0.015625 0.015625
0 0.6236979166666666 0.7317708333333334 0.01171875 0.010416666666666666
0 0.5006510416666666 0.3020833333333333 0.010416666666666666 0.010416666666666666
0 0.5442708333333334 0.17057291666666666 0.009114583333333334 0.009114583333333334
0 0.24283854166666666 0.5455729166666666 0.0078125 0.0078125
0 0.6588541666666666 0.6302083333333334 0.0078125 0.009114583333333334
0 0.2727864583333333 0.58203125 0.009114583333333334 0.009114583333333334
0 0.5885416666666666 0.822265625 0.009114583333333334 0.009114583333333334
0 0.34765625 0.6490885416666666 0.009114583333333334 0.0078125
0 0.634765625 0.5208333333333334 0.0078125 0.009114583333333334
0 0.6731770833333334 0.5305989583333334 0.0078125 0.0078125