0 0.7468433380126953 0.38576777776082355 0.03734108805656433 0.03634992241859436
0 0.3558931350708008 0.1792605717976888 0.049084246158599854 0.05098038911819458
0 0.21385478973388672 0.27786000569661456 0.04048696160316467 0.04546433687210083
0 0.169036865234375 0.07428320248921712 0.055893123149871826 0.05886662006378174
0 0.8282051086425781 0.32302268346150714 0.03471234440803528 0.03313940763473511
0 0.5234432220458984 0.8529084523518881 0.03622063994407654 0.03734108805656433
0 0.09112262725830078 0.13823493321736655 0.037772029638290405 0.03430294990539551
0 0.6585865020751953 0.5481465657552084 0.03634992241859436 0.03594052791595459
0 0.6723766326904297 0.40783198674519855 0.03288084268569946 0.03031674027442932
0 0.98828125 0.7740885416666666 0.0234375 0.03515625
0 0.5468864440917969 0.19063742955525717 0.03594052791595459 0.03880628943443298
0 0.1393880844116211 0.37404616673787433 0.04307261109352112 0.04307261109352112
0 0.990234375 0.21028645833333334 0.01953125 0.08463541666666667
0 0.2643229166666667 0.9869791666666666 0.052083333333333336 0.026041666666666668
0 0.5758457183837891 0.2819970448811849 0.047575950622558594 0.04947209358215332
0 0.4696617126464844 0.6377824147542318 0.05580693483352661 0.0551605224609375
0 0.7813186645507812 0.5067761739095052 0.03538030385971069 0.03566041588783264
0 0.7468433380126953 0.5426305135091146 0.028829991817474365 0.029971987009048462
0 0.9921875 0.9772135416666666 0.015625 0.037760416666666664
0 0.389678955078125 0.5826218922932943 0.05136823654174805 0.056237876415252686
0 0.8571643829345703 0.5915854771931967 0.08515405654907227 0.09454858303070068
0 0.5709635416666666 0.9817708333333334 0.04296875 0.036458333333333336
0 0.5868778228759766 0.8363602956136068 0.03706097602844238 0.03691014647483826
0 0.1104288101196289 0.3088877995808919 0.05382460355758667 0.04869639873504639
0 0.994140625 0.826171875 0.01171875 0.05078125
0 0.026692708333333332 0.23893229166666666 0.053385416666666664 0.20182291666666666
0 0.7730445861816406 0.6812213261922201 0.06692522764205933 0.0731738805770874
0 0.011067708333333334 0.51171875 0.022135416666666668 0.033854166666666664
0 0.49793148040771484 0.6267503102620443 0.05610859394073486 0.059771597385406494
0 0.213165283203125 0.7825787862141927 0.29459166526794434 0.3240680694580078