0 0.205078125 0.296875 0.016927083333333332 0.013020833333333334
0 0.4674479166666667 0.005208333333333333 0.0078125 0.0078125
0 0.482421875 0.1171875 0.01171875 0.015625
0 0.7141927083333334 0.0078125 0.01953125 0.013020833333333334
0 0.7994791666666666 0.06966145833333333 0.14322916666666666 0.13671875
0 0.5188802083333334 0.5826822916666666 0.01953125 0.022135416666666668
0 0.427734375 0.5748697916666666 0.01171875 0.014322916666666666
0 0.86328125 0.505859375 0.018229166666666668 0.01953125
0 0.8365885416666666 0.8671875 0.03515625 0.026041666666666668
0 0.87890625 0.828125 0.010416666666666666 0.013020833333333334
0 0.9147135416666666 0.87890625 0.016927083333333332 0.010416666666666666
0 0.37890625 0.9928385416666666 0.013020833333333334 0.009114583333333334
0 0.203125 0.71484375 0.010416666666666666 0.010416666666666666