0 0.5885416666666666 0.259765625 0.041666666666666664 0.040364583333333336
0 0.673828125 0.2845052083333333 0.045572916666666664 0.040364583333333336
0 0.6666666666666666 0.12760416666666666 0.049479166666666664 0.0390625
0 0.6106770833333334 0.15169270833333334 0.028645833333333332 0.029947916666666668
0 0.2265625 0.3548177083333333 0.08333333333333333 0.08203125
0 0.4778645833333333 0.3684895833333333 0.018229166666666668 0.018229166666666668
0 0.4205729166666667 0.3782552083333333 0.078125 0.06640625
0 0.5026041666666666 0.5032552083333334 0.18489583333333334 0.20182291666666666
0 0.7083333333333334 0.7102864583333334 0.13541666666666666 0.13671875
0 0.6627604166666666 0.5208333333333334 0.020833333333333332 0.018229166666666668
0 0.8548177083333334 0.4049479166666667 0.040364583333333336 0.033854166666666664
0 0.765625 0.529296875 0.020833333333333332 0.022135416666666668
0 0.908203125 0.5201822916666666 0.032552083333333336 0.022135416666666668
0 0.724609375 0.5774739583333334 0.024739583333333332 0.024739583333333332
0 0.06901041666666667 0.7037760416666666 0.0234375 0.01953125
0 0.049479166666666664 0.90234375 0.026041666666666668 0.026041666666666668
0 0.3645833333333333 0.15364583333333334 0.46875 0.2994791666666667
0 0.185546875 0.3157552083333333 0.11328125 0.10026041666666667
0 0.056640625 0.7897135416666666 0.016927083333333332 0.016927083333333332
0 0.248046875 0.1484375 0.022135416666666668 0.020833333333333332
0 0.7317708333333334 0.6126302083333334 0.020833333333333332 0.016927083333333332
0 0.9680989583333334 0.9739583333333334 0.01953125 0.026041666666666668
0 0.6126302083333334 0.396484375 0.014322916666666666 0.014322916666666666
0 0.5279947916666666 0.345703125 0.01171875 0.01171875
0 0.7311197916666666 0.306640625 0.01171875 0.014322916666666666
0 0.5885416666666666 0.6295572916666666 0.015625 0.016927083333333332
0 0.5279947916666666 0.6041666666666666 0.016927083333333332 0.015625
0 0.59375 0.9459635416666666 0.010416666666666666 0.01171875
0 0.3404947916666667 0.9270833333333334 0.3841145833333333 0.14583333333333334
0 0.11458333333333333 0.7298177083333334 0.015625 0.014322916666666666
0 0.380859375 0.048828125 0.016927083333333332 0.016927083333333332
0 0.345703125 0.087890625 0.01953125 0.016927083333333332
0 0.3111979166666667 0.17057291666666666 0.03125 0.026041666666666668
0 0.07942708333333333 0.053385416666666664 0.013020833333333334 0.013020833333333334
0 0.1875 0.7805989583333334 0.015625 0.014322916666666666