0 0.908203125 0.896484375 0.032552083333333336 0.03515625
0 0.751953125 0.3294270833333333 0.05859375 0.046875
0 0.9114583333333334 0.17317708333333334 0.026041666666666668 0.020833333333333332
0 0.5657552083333334 0.3971354166666667 0.01953125 0.026041666666666668
0 0.4212239583333333 0.365234375 0.029947916666666668 0.02734375
0 0.7252604166666666 0.7805989583333334 0.3203125 0.33203125
0 0.3951822916666667 0.90234375 0.10026041666666667 0.09895833333333333
0 0.279296875 0.5807291666666666 0.07161458333333333 0.078125
0 0.052083333333333336 0.22916666666666666 0.09114583333333333 0.15364583333333334
0 0.13932291666666666 0.8059895833333334 0.2682291666666667 0.2942708333333333
0 0.11328125 0.6002604166666666 0.020833333333333332 0.0234375
0 0.62109375 0.21614583333333334 0.013020833333333334 0.015625
0 0.4856770833333333 0.306640625 0.015625 0.014322916666666666
0 0.3984375 0.451171875 0.018229166666666668 0.016927083333333332
0 0.2981770833333333 0.9850260416666666 0.036458333333333336 0.029947916666666668
0 0.2662760416666667 0.986328125 0.040364583333333336 0.02734375
0 0.9700520833333334 0.042317708333333336 0.016927083333333332 0.018229166666666668
0 0.6842447916666666 0.24869791666666666 0.015625 0.015625
0 0.5305989583333334 0.061197916666666664 0.015625 0.016927083333333332
0 0.9036458333333334 0.012369791666666666 0.014322916666666666 0.015625
0 0.3352864583333333 0.050130208333333336 0.013020833333333334 0.014322916666666666
0 0.6243489583333334 0.232421875 0.013020833333333334 0.013020833333333334
0 0.236328125 0.44140625 0.013020833333333334 0.014322916666666666
0 0.8580729166666666 0.2506510416666667 0.015625 0.015625
0 0.453125 0.533203125 0.010416666666666666 0.010416666666666666
0 0.3411458333333333 0.14388020833333334 0.010416666666666666 0.010416666666666666
0 0.7962239583333334 0.22330729166666666 0.010416666666666666 0.009114583333333334
0 0.2766927083333333 0.33203125 0.009114583333333334 0.009114583333333334
0 0.146484375 0.3802083333333333 0.009114583333333334 0.009114583333333334
0 0.3255208333333333 0.3958333333333333 0.01171875 0.010416666666666666
0 0.8932291666666666 0.21354166666666666 0.01171875 0.01171875
0 0.4290364583333333 0.5546875 0.009114583333333334 0.009114583333333334
0 0.6927083333333334 0.5104166666666666 0.010416666666666666 0.01171875
0 0.3033854166666667 0.482421875 0.009114583333333334 0.0078125
0 0.59375 0.5865885416666666 0.009114583333333334 0.009114583333333334
0 0.5130208333333334 0.11393229166666667 0.009114583333333334 0.009114583333333334
0 0.9479166666666666 0.423828125 0.010416666666666666 0.010416666666666666
0 0.3639322916666667 0.14127604166666666 0.01171875 0.01171875
0 0.6236979166666666 0.4283854166666667 0.010416666666666666 0.010416666666666666