0 0.2955729166666667 0.3932291666666667 0.018229166666666668 0.020833333333333332
0 0.123046875 0.375 0.032552083333333336 0.026041666666666668
0 0.21619791666666666 0.030208333333333334 0.028541666666666687 0.025520833333333336
0 0.3489583333333333 0.62890625 0.020833333333333332 0.026041666666666668
0 0.5123697916666666 0.630859375 0.04296875 0.03515625
0 0.203125 0.22395833333333334 0.036458333333333336 0.036458333333333336
0 0.24088541666666666 0.23828125 0.026041666666666668 0.026041666666666668
0 0.7682291666666666 0.11848958333333333 0.026041666666666668 0.020833333333333332
0 0.8860677083333334 0.16015625 0.02734375 0.026041666666666668
0 0.7161458333333334 0.6087239583333334 0.026041666666666668 0.029947916666666668
0 0.55859375 0.6223958333333334 0.020833333333333332 0.020833333333333332
0 0.37890625 0.37720052083333333 0.015598958333333357 0.015078125000000053
0 0.50390625 0.7358463541666667 0.01777343749999997 0.01658854166666668
0 0.6684635416666667 0.7216796875 0.016927083333333332 0.015898437500000046
0 0.0838671875 0.12963541666666667 0.015481770833333325 0.014179687499999982
0 0.107421875 0.20421875 0.013593749999999996 0.013372395833333309
0 0.671875 0.06109375 0.01578124999999993 0.015481770833333333
0 0.1787109375 0.47705729166666666 0.015781250000000007 0.015195312499999947
0 0.712890625 0.13354166666666667 0.007877604166666607 0.008033854166666651
0 0.38598958333333333 0.46411458333333333 0.008151041666666655 0.00809895833333337
0 0.48852864583333333 0.16821614583333333 0.012486979166666709 0.012578125000000015
0 0.8994140625 0.32544270833333333 0.010820312499999929 0.01049479166666667