0 0.4036458333333333 0.03125 0.0390625 0.033854166666666664
0 0.251953125 0.4186197916666667 0.10807291666666667 0.11588541666666667
0 0.3561197916666667 0.4407552083333333 0.032552083333333336 0.032552083333333336
0 0.708984375 0.2552083333333333 0.03515625 0.026041666666666668
0 0.8665364583333334 0.3209635416666667 0.024739583333333332 0.02734375
0 0.6477864583333334 0.3743489583333333 0.01953125 0.016927083333333332
0 0.7682291666666666 0.3854166666666667 0.10416666666666667 0.09114583333333333
0 0.013671875 0.556640625 0.024739583333333332 0.029947916666666668
0 0.130859375 0.7734375 0.040364583333333336 0.044270833333333336
0 0.3430989583333333 0.857421875 0.022135416666666668 0.01953125
0 0.404296875 0.828125 0.3268229166666667 0.3125
0 0.634765625 0.6477864583333334 0.29296875 0.27734375
0 0.18880208333333334 0.24869791666666666 0.013020833333333334 0.026041666666666668
0 0.10807291666666667 0.3723958333333333 0.020833333333333332 0.026041666666666668
0 0.07096354166666667 0.3958333333333333 0.01953125 0.018229166666666668
0 0.6087239583333334 0.56640625 0.01953125 0.015625