0 0.40625 0.875 0.041666666666666664 0.041666666666666664
0 0.4798177083333333 0.7786458333333334 0.040364583333333336 0.0390625
0 0.552734375 0.6901041666666666 0.02734375 0.028645833333333332
0 0.59765625 0.884765625 0.015625 0.016927083333333332
0 0.85546875 0.7037760416666666 0.036458333333333336 0.032552083333333336
0 0.2975260416666667 0.376953125 0.03515625 0.032552083333333336
0 0.4290364583333333 0.22786458333333334 0.022135416666666668 0.020833333333333332
0 0.638671875 0.4075520833333333 0.01953125 0.026041666666666668
0 0.6829427083333334 0.3268229166666667 0.03515625 0.036458333333333336
0 0.63671875 0.050130208333333336 0.0390625 0.037760416666666664
0 0.9524739583333334 0.166015625 0.02734375 0.032552083333333336
0 0.453125 0.5403645833333334 0.020833333333333332 0.020833333333333332
0 0.216796875 0.8125 0.022135416666666668 0.0234375
0 0.9915364583333334 0.06640625 0.014322916666666666 0.015625
0 0.037760416666666664 0.029296875 0.013020833333333334 0.014322916666666666
0 0.18424479166666666 0.775390625 0.01171875 0.01171875
0 0.5787760416666666 0.9609375 0.01171875 0.013020833333333334
0 0.86328125 0.77734375 0.015625 0.015625