0 0.9278776041666665 0.7171484375 0.029335937499999964 0.029908854166666703
0 0.4797526041666667 0.1549739583333333 0.027460937500000043 0.02910156250000001
0 0.6714192708333334 0.2518098958333333 0.0252213541666666 0.025520833333333364
0 0.4500651041666666 0.08882812500000004 0.04023437499999997 0.044843749999999995
0 0.974609375 0.3756510416666667 0.05078125 0.07421875
0 0.7267578125000002 0.43100260416666664 0.025924479166666774 0.026315104166666714
0 0.5148437500000002 0.0952473958333333 0.04876302083333339 0.05002604166666668
0 0.6079817708333334 0.07179687499999998 0.04567708333333339 0.05398437500000001
0 0.18483072916666674 0.24979166666666663 0.030729166666666696 0.031809895833333345
0 0.9184244791666666 0.8015104166666666 0.040091145833333286 0.048593749999999915
0 0.1186848958333333 0.7589973958333333 0.06891927083333334 0.07217447916666675
0 0.30968750000000006 0.5484244791666667 0.05369791666666668 0.05884114583333341
0 0.018880208333333332 0.71484375 0.037760416666666664 0.0390625
0 0.4797526041666667 0.8899218750000001 0.05546875000000003 0.06571614583333336
0 0.10451822916666664 0.08680989583333336 0.02398437500000002 0.025820312499999987
0 0.24354166666666663 0.04985677083333332 0.024934895833333304 0.025625000000000005
0 0.7699479166666666 0.5869010416666667 0.025117187499999954 0.025325520833333393
0 0.3144010416666667 0.07212239583333331 0.021263020833333313 0.023541666666666655
0 0.6471223958333333 0.9729296875000001 0.024648437499999936 0.026028645833333346
0 0.5755859375 0.7373958333333334 0.027799479166666696 0.028658854166666654
0 0.05524739583333327 0.43166666666666664 0.025924479166666663 0.02684895833333334
0 0.5985286458333334 0.6820572916666667 0.021601562500000043 0.023815104166666618
0 0.8617317708333333 0.2865755208333333 0.024544270833333215 0.023893229166666696
0 0.5297005208333333 0.20694010416666667 0.0233463541666666 0.023072916666666703
0 0.339375 0.22481770833333337 0.02229166666666667 0.022122395833333346
0 0.2928125 0.8082552083333333 0.025117187500000027 0.02570312500000001