0 0.3984375 0.66015625 0.033854166666666664 0.028645833333333332
0 0.3854166666666667 0.927734375 0.033854166666666664 0.037760416666666664
0 0.2565104166666667 0.943359375 0.06770833333333333 0.06901041666666667
0 0.040364583333333336 0.8763020833333334 0.020833333333333332 0.026041666666666668
0 0.15755208333333334 0.9889322916666666 0.018229166666666668 0.016927083333333332
0 0.228515625 0.3606770833333333 0.032552083333333336 0.036458333333333336
0 0.408203125 0.5065104166666666 0.014322916666666666 0.018229166666666668
0 0.41796875 0.4049479166666667 0.018229166666666668 0.020833333333333332
0 0.54296875 0.4563802083333333 0.028645833333333332 0.032552083333333336
0 0.650390625 0.4518229166666667 0.03515625 0.049479166666666664
0 0.7747395833333334 0.8626302083333334 0.036458333333333336 0.03515625
0 0.7688802083333334 0.4388020833333333 0.01953125 0.0234375
0 0.943359375 0.8372395833333334 0.04296875 0.0390625
0 0.86328125 0.6145833333333334 0.026041666666666668 0.0234375
0 0.8294270833333334 0.13541666666666666 0.041666666666666664 0.059895833333333336
0 0.6373697916666666 0.408203125 0.016927083333333332 0.01953125
0 0.1640625 0.3984375 0.018229166666666668 0.020833333333333332
0 0.18033854166666666 0.095703125 0.01953125 0.01953125
0 0.10026041666666667 0.712890625 0.1328125 0.15494791666666666
0 0.455078125 0.3782552083333333 0.022135416666666668 0.01953125
0 0.017578125 0.10481770833333333 0.014322916666666666 0.01953125
0 0.9694010416666666 0.25390625 0.024739583333333332 0.026041666666666668
0 0.296875 0.3033854166666667 0.026041666666666668 0.026041666666666668
0 0.23046875 0.568359375 0.015625 0.014322916666666666
0 0.9069010416666666 0.591796875 0.014322916666666666 0.014322916666666666
0 0.055989583333333336 0.8860677083333334 0.013020833333333334 0.014322916666666666
0 0.2955729166666667 0.9140625 0.015625 0.015625
0 0.8736979166666666 0.966796875 0.036458333333333336 0.04296875
0 0.8170572916666666 0.9661458333333334 0.06380208333333333 0.06510416666666667
0 0.3736979166666667 0.380859375 0.015625 0.016927083333333332
0 0.21614583333333334 0.20052083333333334 0.013020833333333334 0.013020833333333334
0 0.08658854166666667 0.017578125 0.06640625 0.03515625