0 0.16080729166666666 0.2610677083333333 0.03515625 0.037760416666666664
0 0.228515625 0.3346354166666667 0.02734375 0.028645833333333332
0 0.087890625 0.3815104166666667 0.01953125 0.026041666666666668
0 0.13346354166666666 0.380859375 0.01953125 0.016927083333333332
0 0.0625 0.546875 0.013020833333333334 0.013020833333333334
0 0.11197916666666667 0.7805989583333334 0.015625 0.016927083333333332
0 0.13997395833333334 0.8326822916666666 0.016927083333333332 0.016927083333333332
0 0.19010416666666666 0.8880208333333334 0.026041666666666668 0.028645833333333332
0 0.2903645833333333 0.8795572916666666 0.018229166666666668 0.01953125
0 0.4264322916666667 0.8157552083333334 0.01953125 0.016927083333333332
0 0.5481770833333334 0.5944010416666666 0.026041666666666668 0.02734375
0 0.4244791666666667 0.603515625 0.0234375 0.02734375
0 0.357421875 0.3287760416666667 0.022135416666666668 0.024739583333333332
0 0.7936197916666666 0.17838541666666666 0.01953125 0.015625
0 0.19205729166666666 0.833984375 0.01953125 0.01953125
0 0.5078125 0.4375 0.026041666666666668 0.03125
0 0.24869791666666666 0.8313802083333334 0.015625 0.014322916666666666
0 0.2890625 0.5970052083333334 0.013020833333333334 0.014322916666666666
0 0.9817708333333334 0.7415364583333334 0.010416666666666666 0.01171875
0 0.9283854166666666 0.4498697916666667 0.015625 0.016927083333333332
0 0.951171875 0.061848958333333336 0.08984375 0.11848958333333333