0 0.9225260416666666 0.5045572916666666 0.016927083333333332 0.01953125
0 0.8404947916666666 0.359375 0.08203125 0.078125
0 0.7688802083333334 0.236328125 0.03515625 0.037760416666666664
0 0.7923177083333334 0.11848958333333333 0.022135416666666668 0.020833333333333332
0 0.6399739583333334 0.103515625 0.02734375 0.024739583333333332
0 0.28125 0.3404947916666667 0.16666666666666666 0.18359375
0 0.625 0.2708333333333333 0.026041666666666668 0.03125
0 0.6555989583333334 0.703125 0.16536458333333334 0.15625
0 0.7259114583333334 0.849609375 0.032552083333333336 0.032552083333333336
0 0.3743489583333333 0.8600260416666666 0.24088541666666666 0.24609375
0 0.24869791666666666 0.927734375 0.0546875 0.05859375
0 0.2506510416666667 0.111328125 0.01953125 0.014322916666666666
0 0.23763020833333334 0.134765625 0.032552083333333336 0.03515625
0 0.5970052083333334 0.12630208333333334 0.016927083333333332 0.018229166666666668
0 0.5110677083333334 0.23177083333333334 0.01953125 0.018229166666666668
0 0.3274739583333333 0.26953125 0.016927083333333332 0.018229166666666668
0 0.13346354166666666 0.6315104166666666 0.032552083333333336 0.0390625
0 0.08268229166666667 0.2513020833333333 0.029947916666666668 0.03125
0 0.046875 0.29296875 0.0234375 0.026041666666666668
0 0.037760416666666664 0.3333333333333333 0.0234375 0.028645833333333332
0 0.057942708333333336 0.4622395833333333 0.09765625 0.13020833333333334
0 0.07421875 0.8203125 0.020833333333333332 0.026041666666666668
0 0.189453125 0.890625 0.014322916666666666 0.013020833333333334
0 0.6282552083333334 0.4401041666666667 0.01953125 0.018229166666666668
0 0.16536458333333334 0.91796875 0.015625 0.015625
0 0.18098958333333334 0.9544270833333334 0.015625 0.018229166666666668
0 0.3619791666666667 0.615234375 0.018229166666666668 0.01953125
0 0.7630208333333334 0.068359375 0.0234375 0.01953125
0 0.24934895833333334 0.662109375 0.016927083333333332 0.01953125
0 0.29296875 0.1484375 0.018229166666666668 0.020833333333333332
0 0.107421875 0.11458333333333333 0.01953125 0.018229166666666668
0 0.013020833333333334 0.3385416666666667 0.026041666666666668 0.0390625
0 0.080078125 0.4954427083333333 0.016927083333333332 0.01171875
0 0.9244791666666666 0.7877604166666666 0.13020833333333334 0.20833333333333334
0 0.7760416666666666 0.2786458333333333 0.015625 0.013020833333333334
0 0.8248697916666666 0.498046875 0.014322916666666666 0.014322916666666666
0 0.828125 0.55078125 0.010416666666666666 0.013020833333333334
0 0.8671875 0.7083333333333334 0.018229166666666668 0.015625
0 0.66015625 0.4524739583333333 0.015625 0.016927083333333332
0 0.5227864583333334 0.275390625 0.016927083333333332 0.016927083333333332
0 0.5110677083333334 0.3352864583333333 0.016927083333333332 0.014322916666666666
0 0.5123697916666666 0.4446614583333333 0.01171875 0.01171875
0 0.748046875 0.21940104166666666 0.016927083333333332 0.01953125
0 0.462890625 0.006510416666666667 0.022135416666666668 0.010416666666666666
0 0.07486979166666667 0.3059895833333333 0.01171875 0.015625
0 0.052083333333333336 0.5970052083333334 0.010416666666666666 0.014322916666666666
0 0.80078125 0.037760416666666664 0.015625 0.013020833333333334
0 0.75390625 0.014322916666666666 0.09635416666666667 0.026041666666666668
0 0.486328125 0.8860677083333334 0.022135416666666668 0.029947916666666668
0 0.9251302083333334 0.9720052083333334 0.022135416666666668 0.01953125
0 0.13802083333333334 0.7526041666666666 0.013020833333333334 0.013020833333333334
0 0.3912760416666667 0.8463541666666666 0.014322916666666666 0.015625
0 0.4759114583333333 0.57421875 0.014322916666666666 0.013020833333333334
0 0.3092447916666667 0.4225260416666667 0.01171875 0.014322916666666666
0 0.283203125 0.4296875 0.01171875 0.013020833333333334
0 0.3743489583333333 0.21158854166666666 0.01171875 0.014322916666666666