0 0.12239583333333333 0.6881510416666666 0.040364583333333336 0.040364583333333336
0 0.1015625 0.8235677083333334 0.0234375 0.0234375
0 0.0234375 0.40234375 0.020833333333333332 0.022135416666666668
0 0.3209635416666667 0.5377604166666666 0.029947916666666668 0.029947916666666668
0 0.18684895833333334 0.6276041666666666 0.029947916666666668 0.029947916666666668
0 0.13997395833333334 0.21354166666666666 0.026041666666666668 0.02734375
0 0.4348958333333333 0.5598958333333334 0.03125 0.029947916666666668
0 0.19986979166666666 0.11458333333333333 0.022135416666666668 0.0234375
0 0.20638020833333334 0.2610677083333333 0.020833333333333332 0.022135416666666668
0 0.927734375 0.736328125 0.024739583333333332 0.024739583333333332
0 0.8333333333333334 0.34375 0.022135416666666668 0.022135416666666668
0 0.484375 0.2942708333333333 0.022135416666666668 0.022135416666666668
0 0.296875 0.6907552083333334 0.028645833333333332 0.026041666666666668
0 0.603515625 0.708984375 0.026041666666666668 0.026041666666666668
0 0.4049479166666667 0.3294270833333333 0.022135416666666668 0.022135416666666668
0 0.9069010416666666 0.9817708333333334 0.0234375 0.0234375
0 0.8893229166666666 0.501953125 0.0234375 0.024739583333333332
0 0.6770833333333334 0.4309895833333333 0.03125 0.029947916666666668
0 0.19010416666666666 0.8736979166666666 0.020833333333333332 0.022135416666666668
0 0.09830729166666667 0.4309895833333333 0.022135416666666668 0.0234375
0 0.08138020833333333 0.7109375 0.029947916666666668 0.029947916666666668
0 0.751953125 0.3528645833333333 0.026041666666666668 0.026041666666666668
0 0.16471354166666666 0.2610677083333333 0.022135416666666668 0.022135416666666668
0 0.099609375 0.5703125 0.020833333333333332 0.020833333333333332
0 0.7545572916666666 0.458984375 0.022135416666666668 0.022135416666666668
0 0.365234375 0.6360677083333334 0.022135416666666668 0.022135416666666668
0 0.568359375 0.18489583333333334 0.01953125 0.01953125
0 0.9251302083333334 0.5130208333333334 0.028645833333333332 0.02734375
0 0.029296875 0.86328125 0.0234375 0.0234375
0 0.2506510416666667 0.9700520833333334 0.020833333333333332 0.022135416666666668
0 0.9329427083333334 0.8860677083333334 0.01953125 0.01953125
0 0.3684895833333333 0.822265625 0.020833333333333332 0.0234375
0 0.298828125 0.4915364583333333 0.024739583333333332 0.026041666666666668
0 0.06510416666666667 0.08528645833333333 0.01953125 0.020833333333333332
0 0.12825520833333334 0.7265625 0.020833333333333332 0.020833333333333332
0 0.9641927083333334 0.2721354166666667 0.03125 0.03125
0 0.2838541666666667 0.5221354166666666 0.0234375 0.024739583333333332
0 0.3177083333333333 0.8600260416666666 0.01953125 0.022135416666666668
0 0.4388020833333333 0.123046875 0.020833333333333332 0.01953125
0 0.513671875 0.212890625 0.01953125 0.01953125