0 0.89453125 0.6640625 0.03125 0.03125
0 0.9329427083333334 0.50390625 0.02734375 0.028645833333333332
0 0.6451822916666666 0.4908854166666667 0.022135416666666668 0.0234375
0 0.556640625 0.490234375 0.04296875 0.045572916666666664
0 0.509765625 0.43359375 0.01953125 0.0234375
0 0.41015625 0.107421875 0.046875 0.053385416666666664
0 0.3665364583333333 0.7805989583333334 0.03515625 0.03515625
0 0.7669270833333334 0.6731770833333334 0.046875 0.049479166666666664
0 0.5787760416666666 0.011067708333333334 0.01171875 0.014322916666666666
0 0.8157552083333334 0.19205729166666666 0.014322916666666666 0.016927083333333332
0 0.6087239583333334 0.11067708333333333 0.014322916666666666 0.015625
0 0.20052083333333334 0.50390625 0.16666666666666666 0.171875
0 0.09244791666666667 0.12239583333333333 0.026041666666666668 0.026041666666666668
0 0.022135416666666668 0.07356770833333333 0.044270833333333336 0.07421875
0 0.7063802083333334 0.17447916666666666 0.02734375 0.028645833333333332
0 0.6484375 0.125 0.015625 0.015625
0 0.486328125 0.4934895833333333 0.01953125 0.018229166666666668
0 0.3977864583333333 0.443359375 0.016927083333333332 0.016927083333333332
0 0.3951822916666667 0.5481770833333334 0.016927083333333332 0.015625
0 0.6529947916666666 0.7669270833333334 0.10286458333333333 0.11458333333333333
0 0.6666666666666666 0.8046875 0.020833333333333332 0.020833333333333332
0 0.9016927083333334 0.8326822916666666 0.014322916666666666 0.016927083333333332
0 0.8359375 0.8782552083333334 0.052083333333333336 0.055989583333333336
0 0.8984375 0.8079427083333334 0.018229166666666668 0.01953125
0 0.3430989583333333 0.9264322916666666 0.016927083333333332 0.01953125
0 0.2955729166666667 0.375 0.020833333333333332 0.020833333333333332
0 0.11328125 0.4368489583333333 0.1015625 0.11067708333333333
0 0.13606770833333334 0.193359375 0.022135416666666668 0.024739583333333332
0 0.314453125 0.578125 0.016927083333333332 0.015625
0 0.6354166666666666 0.103515625 0.013020833333333334 0.016927083333333332
0 0.6471354166666666 0.109375 0.010416666666666666 0.010416666666666666
0 0.6022135416666666 0.1328125 0.3372395833333333 0.2630208333333333
0 0.6015625 0.4837239583333333 0.013020833333333334 0.01171875
0 0.5345052083333334 0.4459635416666667 0.014322916666666666 0.014322916666666666
0 0.4479166666666667 0.6223958333333334 0.028645833333333332 0.033854166666666664
0 0.54296875 0.669921875 0.049479166666666664 0.05078125
0 0.544921875 0.474609375 0.4700520833333333 0.42578125
0 0.13541666666666666 0.5891927083333334 0.018229166666666668 0.01953125
0 0.22265625 0.98046875 0.015625 0.015625
0 0.18229166666666666 0.947265625 0.010416666666666666 0.009114583333333334
0 0.20833333333333334 0.943359375 0.010416666666666666 0.009114583333333334
0 0.051432291666666664 0.8834635416666666 0.07682291666666667 0.08984375
0 0.8040364583333334 0.9264322916666666 0.3216145833333333 0.14713541666666666
0 0.84765625 0.4544270833333333 0.010416666666666666 0.010416666666666666
0 0.5494791666666666 0.88671875 0.013020833333333334 0.013020833333333334