0 0.9791666666666666 0.6354166666666666 0.033854166666666664 0.03125
0 0.74609375 0.4869791666666667 0.13020833333333334 0.12760416666666666
0 0.6920572916666666 0.4192708333333333 0.048177083333333336 0.052083333333333336
0 0.3541666666666667 0.22265625 0.03125 0.03125
0 0.427734375 0.470703125 0.03515625 0.037760416666666664
0 0.955078125 0.033854166666666664 0.016927083333333332 0.015625
0 0.8365885416666666 0.98828125 0.024739583333333332 0.0234375
0 0.87890625 0.5794270833333334 0.052083333333333336 0.052083333333333336
0 0.9720052083333334 0.4713541666666667 0.016927083333333332 0.020833333333333332
0 0.349609375 0.90234375 0.016927083333333332 0.018229166666666668
0 0.11458333333333333 0.5266927083333334 0.020833333333333332 0.01953125
0 0.6614583333333334 0.94921875 0.018229166666666668 0.018229166666666668
0 0.806640625 0.8834635416666666 0.01171875 0.01171875
0 0.6126302083333334 0.6575520833333334 0.016927083333333332 0.018229166666666668
0 0.19466145833333334 0.8352864583333334 0.014322916666666666 0.014322916666666666
0 0.8587239583333334 0.5481770833333334 0.01953125 0.0234375