0 0.4134114583333333 0.8430989583333334 0.029947916666666668 0.032552083333333336
0 0.3919270833333333 0.8567708333333334 0.013020833333333334 0.013020833333333334
0 0.4296875 0.8743489583333334 0.015625 0.014322916666666666
0 0.5110677083333334 0.5611979166666666 0.02734375 0.028645833333333332
0 0.5924479166666666 0.7545572916666666 0.026041666666666668 0.02734375
0 0.4947916666666667 0.7552083333333334 0.013020833333333334 0.013020833333333334
0 0.607421875 0.71875 0.016927083333333332 0.015625
0 0.6575520833333334 0.650390625 0.07291666666666667 0.07161458333333333
0 0.6764322916666666 0.4329427083333333 0.01953125 0.016927083333333332
0 0.5052083333333334 0.119140625 0.026041666666666668 0.02734375
0 0.42578125 0.4641927083333333 0.0234375 0.024739583333333332
0 0.3658854166666667 0.40625 0.0234375 0.0234375
0 0.306640625 0.2962239583333333 0.014322916666666666 0.014322916666666666
0 0.068359375 0.4694010416666667 0.032552083333333336 0.03515625
0 0.040364583333333336 0.5416666666666666 0.0078125 0.013020833333333334
0 0.09440104166666667 0.3860677083333333 0.01953125 0.022135416666666668
0 0.453125 0.9596354166666666 0.09895833333333333 0.078125
0 0.09244791666666667 0.8528645833333334 0.0625 0.06770833333333333
0 0.1328125 0.3196614583333333 0.033854166666666664 0.03515625
0 0.6516927083333334 0.3125 0.01953125 0.026041666666666668
0 0.75390625 0.3287760416666667 0.16666666666666666 0.18619791666666666
0 0.3743489583333333 0.026041666666666668 0.045572916666666664 0.0390625
0 0.08658854166666667 0.3059895833333333 0.016927083333333332 0.018229166666666668
0 0.3111979166666667 0.4225260416666667 0.046875 0.053385416666666664
0 0.529296875 0.525390625 0.014322916666666666 0.016927083333333332
0 0.3079427083333333 0.5865885416666666 0.024739583333333332 0.024739583333333332
0 0.2571614583333333 0.5169270833333334 0.01953125 0.018229166666666668
0 0.5416666666666666 0.587890625 0.013020833333333334 0.01171875
0 0.5091145833333334 0.671875 0.013020833333333334 0.018229166666666668
0 0.8450520833333334 0.4635416666666667 0.013020833333333334 0.013020833333333334
0 0.9095052083333334 0.345703125 0.016927083333333332 0.016927083333333332
0 0.5885416666666666 0.5403645833333334 0.06510416666666667 0.0625
0 0.046875 0.3932291666666667 0.013020833333333334 0.013020833333333334
0 0.2513020833333333 0.8203125 0.18489583333333334 0.20052083333333334
0 0.04296875 0.921875 0.08333333333333333 0.15364583333333334
0 0.18880208333333334 0.21354166666666666 0.1171875 0.13020833333333334
0 0.537109375 0.0546875 0.11067708333333333 0.08333333333333333
0 0.900390625 0.412109375 0.014322916666666666 0.014322916666666666
0 0.9915364583333334 0.14192708333333334 0.016927083333333332 0.015625
0 0.8268229166666666 0.123046875 0.015625 0.014322916666666666
0 0.09635416666666667 0.6295572916666666 0.013020833333333334 0.016927083333333332
0 0.12825520833333334 0.7819010416666666 0.009114583333333334 0.01171875
0 0.06380208333333333 0.6764322916666666 0.010416666666666666 0.01171875
0 0.7877604166666666 0.8938802083333334 0.013020833333333334 0.014322916666666666
0 0.6881510416666666 0.96875 0.014322916666666666 0.013020833333333334
0 0.8873697916666666 0.9088541666666666 0.016927083333333332 0.013020833333333334
0 0.994140625 0.6959635416666666 0.01171875 0.014322916666666666
0 0.3444010416666667 0.22005208333333334 0.014322916666666666 0.013020833333333334
0 0.3001302083333333 0.513671875 0.014322916666666666 0.01171875
0 0.6634114583333334 0.0859375 0.014322916666666666 0.015625
0 0.7721354166666666 0.6881510416666666 0.015625 0.016927083333333332
0 0.419921875 0.7877604166666666 0.01171875 0.013020833333333334
0 0.8352864583333334 0.3177083333333333 0.009114583333333334 0.0078125
0 0.9114583333333334 0.3059895833333333 0.010416666666666666 0.010416666666666666
0 0.884765625 0.3157552083333333 0.01171875 0.009114583333333334
0 0.2584635416666667 0.18359375 0.01171875 0.013020833333333334
0 0.4381510416666667 0.45703125 0.01171875 0.013020833333333334
0 0.4069010416666667 0.421875 0.009114583333333334 0.010416666666666666
0 0.033203125 0.34375 0.06380208333333333 0.21354166666666666
0 0.07421875 0.12044270833333333 0.013020833333333334 0.01171875
0 0.049479166666666664 0.12109375 0.010416666666666666 0.013020833333333334
0 0.6009114583333334 0.4108072916666667 0.009114583333333334 0.009114583333333334
0 0.6009114583333334 0.4850260416666667 0.009114583333333334 0.009114583333333334
0 0.548828125 0.5305989583333334 0.009114583333333334 0.009114583333333334
0 0.90234375 0.044921875 0.010416666666666666 0.01171875
0 0.5384114583333334 0.3151041666666667 0.009114583333333334 0.010416666666666666