0 0.14583333333333334 0.033203125 0.020833333333333332 0.024739583333333332
0 0.080078125 0.046223958333333336 0.016927083333333332 0.01953125
0 0.032552083333333336 0.16666666666666666 0.020833333333333332 0.020833333333333332
0 0.11328125 0.189453125 0.018229166666666668 0.014322916666666666
0 0.029947916666666668 0.2623697916666667 0.041666666666666664 0.040364583333333336
0 0.3020833333333333 0.23046875 0.020833333333333332 0.020833333333333332
0 0.359375 0.15234375 0.015625 0.018229166666666668
0 0.1328125 0.3430989583333333 0.015625 0.016927083333333332
0 0.19596354166666666 0.357421875 0.014322916666666666 0.014322916666666666
0 0.07877604166666667 0.384765625 0.016927083333333332 0.016927083333333332
0 0.07877604166666667 0.4127604166666667 0.016927083333333332 0.015625
0 0.15169270833333334 0.48828125 0.01953125 0.015625
0 0.6067708333333334 0.23567708333333334 0.0234375 0.020833333333333332
0 0.4368489583333333 0.37109375 0.01953125 0.015625
0 0.6861979166666666 0.29296875 0.015625 0.018229166666666668
0 0.6015625 0.3619791666666667 0.015625 0.018229166666666668
0 0.9615885416666666 0.3268229166666667 0.029947916666666668 0.028645833333333332
0 0.23958333333333334 0.4811197916666667 0.013020833333333334 0.009114583333333334
0 0.3587239583333333 0.7180989583333334 0.022135416666666668 0.022135416666666668
0 0.11197916666666667 0.7526041666666666 0.018229166666666668 0.015625
0 0.8600260416666666 0.2701822916666667 0.014322916666666666 0.016927083333333332
0 0.4876302083333333 0.9192708333333334 0.022135416666666668 0.020833333333333332
0 0.7610677083333334 0.6959635416666666 0.016927083333333332 0.016927083333333332
0 0.6477864583333334 0.697265625 0.01171875 0.01171875
0 0.21940104166666666 0.6223958333333334 0.009114583333333334 0.013020833333333334
0 0.9440104166666666 0.3606770833333333 0.015625 0.018229166666666668
0 0.8776041666666666 0.7903645833333334 0.010416666666666666 0.013020833333333334
0 0.958984375 0.9361979166666666 0.014322916666666666 0.015625
0 0.3313802083333333 0.958984375 0.01171875 0.01171875
0 0.279296875 0.5078125 0.01171875 0.010416666666666666
0 0.77734375 0.224609375 0.013020833333333334 0.009114583333333334
0 0.8671875 0.544921875 0.013020833333333334 0.016927083333333332
0 0.8958333333333334 0.5201822916666666 0.020833333333333332 0.022135416666666668
0 0.390625 0.4759114583333333 0.07291666666666667 0.07161458333333333
0 0.036458333333333336 0.19986979166666666 0.010416666666666666 0.009114583333333334
0 0.06640625 0.2747395833333333 0.013020833333333334 0.013020833333333334
0 0.5813802083333334 0.2923177083333333 0.014322916666666666 0.016927083333333332
0 0.7630208333333334 0.732421875 0.013020833333333334 0.01171875
0 0.7845052083333334 0.7819010416666666 0.014322916666666666 0.01171875
0 0.6276041666666666 0.69140625 0.010416666666666666 0.010416666666666666
0 0.7096354166666666 0.3743489583333333 0.010416666666666666 0.009114583333333334
0 0.93359375 0.46875 0.010416666666666666 0.013020833333333334
0 0.8470052083333334 0.06380208333333333 0.01171875 0.010416666666666666
0 0.017578125 0.8274739583333334 0.009114583333333334 0.009114583333333334
0 0.09309895833333333 0.4856770833333333 0.009114583333333334 0.0078125
0 0.2591145833333333 0.9173177083333334 0.010416666666666666 0.009114583333333334