0 0.24479166666666666 0.050130208333333336 0.044270833333333336 0.045572916666666664
0 0.17578125 0.21223958333333334 0.0390625 0.0390625
0 0.07161458333333333 0.0546875 0.013020833333333334 0.010416666666666666
0 0.4537760416666667 0.011067708333333334 0.016927083333333332 0.014322916666666666
0 0.21614583333333334 0.3033854166666667 0.0234375 0.0234375
0 0.11848958333333333 0.42578125 0.013020833333333334 0.015625
0 0.0390625 0.482421875 0.013020833333333334 0.01953125
0 0.056640625 0.5690104166666666 0.016927083333333332 0.015625
0 0.328125 0.5338541666666666 0.020833333333333332 0.020833333333333332
0 0.384765625 0.3196614583333333 0.07942708333333333 0.07161458333333333
0 0.21484375 0.6744791666666666 0.052083333333333336 0.0390625
0 0.17578125 0.708984375 0.052083333333333336 0.04296875
0 0.06966145833333333 0.8619791666666666 0.07421875 0.06770833333333333
0 0.693359375 0.330078125 0.032552083333333336 0.024739583333333332
0 0.59375 0.427734375 0.10416666666666667 0.08984375
0 0.6087239583333334 0.4173177083333333 0.014322916666666666 0.01171875
0 0.4231770833333333 0.6588541666666666 0.052083333333333336 0.046875
0 0.173828125 0.3821614583333333 0.03515625 0.037760416666666664
0 0.6770833333333334 0.16015625 0.078125 0.06510416666666667
0 0.6764322916666666 0.4055989583333333 0.032552083333333336 0.032552083333333336
0 0.96484375 0.2845052083333333 0.0546875 0.06380208333333333
0 0.830078125 0.640625 0.11067708333333333 0.10677083333333333
0 0.8404947916666666 0.5963541666666666 0.024739583333333332 0.013020833333333334
0 0.7239583333333334 0.564453125 0.015625 0.01953125
0 0.3561197916666667 0.83984375 0.022135416666666668 0.028645833333333332
0 0.6432291666666666 0.8463541666666666 0.020833333333333332 0.020833333333333332
0 0.6744791666666666 0.7200520833333334 0.020833333333333332 0.026041666666666668
0 0.7688802083333334 0.7610677083333334 0.06380208333333333 0.07421875
0 0.8723958333333334 0.7317708333333334 0.1171875 0.11458333333333333
0 0.9114583333333334 0.9576822916666666 0.020833333333333332 0.02734375
0 0.6451822916666666 0.2955729166666667 0.014322916666666666 0.010416666666666666
0 0.455078125 0.7858072916666666 0.045572916666666664 0.040364583333333336
0 0.7740885416666666 0.21419270833333334 0.016927083333333332 0.016927083333333332
0 0.8287760416666666 0.4069010416666667 0.014322916666666666 0.016927083333333332
0 0.64453125 0.486328125 0.013020833333333334 0.014322916666666666
0 0.70703125 0.11783854166666667 0.020833333333333332 0.01953125
0 0.833984375 0.07161458333333333 0.01171875 0.015625
0 0.9908854166666666 0.10481770833333333 0.018229166666666668 0.024739583333333332
0 0.697265625 0.6516927083333334 0.2981770833333333 0.29296875
0 0.6373697916666666 0.7942708333333334 0.05859375 0.049479166666666664
0 0.23177083333333334 0.5345052083333334 0.059895833333333336 0.05859375
0 0.5325520833333334 0.095703125 0.03125 0.037760416666666664
0 0.3138020833333333 0.5455729166666666 0.109375 0.10677083333333333
0 0.658203125 0.13541666666666666 0.014322916666666666 0.013020833333333334
0 0.556640625 0.10221354166666667 0.01953125 0.01953125
0 0.9934895833333334 0.4466145833333333 0.013020833333333334 0.018229166666666668