0 0.22591145833333334 0.11197916666666667 0.045572916666666664 0.0390625
0 0.048828125 0.427734375 0.01953125 0.01953125
0 0.1015625 0.5423177083333334 0.044270833333333336 0.040364583333333336
0 0.0625 0.6360677083333334 0.020833333333333332 0.01953125
0 0.020833333333333332 0.65625 0.036458333333333336 0.044270833333333336
0 0.017578125 0.8151041666666666 0.029947916666666668 0.026041666666666668
0 0.7115885416666666 0.7389322916666666 0.02734375 0.022135416666666668
0 0.68359375 0.3984375 0.026041666666666668 0.026041666666666668
0 0.763671875 0.4134114583333333 0.2981770833333333 0.2955729166666667
0 0.8411458333333334 0.3919270833333333 0.015625 0.013020833333333334
0 0.6673177083333334 0.9798177083333334 0.01953125 0.016927083333333332
0 0.6751302083333334 0.9700520833333334 0.016927083333333332 0.015625
0 0.4830729166666667 0.9270833333333334 0.1796875 0.14583333333333334
0 0.013020833333333334 0.9615885416666666 0.013020833333333334 0.01953125
0 0.14322916666666666 0.9720052083333334 0.013020833333333334 0.016927083333333332
0 0.19401041666666666 0.4407552083333333 0.026041666666666668 0.024739583333333332
0 0.08984375 0.4440104166666667 0.015625 0.015625
0 0.10416666666666667 0.8704427083333334 0.013020833333333334 0.01171875
0 0.3548177083333333 0.7311197916666666 0.01171875 0.01171875
0 0.2845052083333333 0.6809895833333334 0.014322916666666666 0.013020833333333334
0 0.3684895833333333 0.7421875 0.0234375 0.020833333333333332
0 0.5611979166666666 0.7473958333333334 0.015625 0.013020833333333334
0 0.6536458333333334 0.9622395833333334 0.020833333333333332 0.018229166666666668
0 0.62109375 0.8209635416666666 0.015625 0.014322916666666666
0 0.026041666666666668 0.5911458333333334 0.049479166666666664 0.057291666666666664
0 0.375 0.8502604166666666 0.028645833333333332 0.0078125
0 0.685546875 0.9674479166666666 0.014322916666666666 0.013020833333333334
0 0.7024739583333334 0.96875 0.014322916666666666 0.013020833333333334
0 0.58203125 0.7200520833333334 0.010416666666666666 0.010416666666666666