0 0.08984375 0.525390625 0.046875 0.04296875
0 0.3255208333333333 0.3671875 0.0390625 0.046875
0 0.14973958333333334 0.5891927083333334 0.026041666666666668 0.032552083333333336
0 0.043619791666666664 0.17513020833333334 0.03515625 0.040364583333333336
0 0.15494791666666666 0.041666666666666664 0.033854166666666664 0.03125
0 0.4108072916666667 0.6555989583333334 0.024739583333333332 0.022135416666666668
0 0.361328125 0.85546875 0.07161458333333333 0.08333333333333333
0 0.234375 0.9166666666666666 0.16927083333333334 0.15625
0 0.3828125 0.92578125 0.018229166666666668 0.0234375
0 0.5143229166666666 0.8723958333333334 0.06510416666666667 0.078125
0 0.5032552083333334 0.7057291666666666 0.037760416666666664 0.052083333333333336
0 0.5631510416666666 0.7467447916666666 0.01953125 0.022135416666666668
0 0.6119791666666666 0.8430989583333334 0.013020833333333334 0.01953125
0 0.3548177083333333 0.654296875 0.01953125 0.01953125
0 0.5872395833333334 0.447265625 0.0546875 0.061197916666666664
0 0.020182291666666668 0.8997395833333334 0.01171875 0.010416666666666666
0 0.794921875 0.9544270833333334 0.05078125 0.036458333333333336
0 0.9127604166666666 0.8977864583333334 0.015625 0.024739583333333332
0 0.7565104166666666 0.4029947916666667 0.07552083333333333 0.07161458333333333
0 0.20963541666666666 0.283203125 0.09375 0.09765625
0 0.3131510416666667 0.14778645833333334 0.06640625 0.06901041666666667
0 0.443359375 0.2701822916666667 0.024739583333333332 0.01953125
0 0.49609375 0.013671875 0.0234375 0.016927083333333332
0 0.6061197916666666 0.2623697916666667 0.10546875 0.09765625
0 0.57421875 0.16145833333333334 0.0234375 0.026041666666666668
0 0.01953125 0.6236979166666666 0.013020833333333334 0.013020833333333334
0 0.740234375 0.525390625 0.016927083333333332 0.016927083333333332
0 0.8802083333333334 0.6666666666666666 0.036458333333333336 0.033854166666666664
0 0.95703125 0.72265625 0.06510416666666667 0.13020833333333334
0 0.9348958333333334 0.515625 0.09895833333333333 0.140625
0 0.8151041666666666 0.3411458333333333 0.049479166666666664 0.044270833333333336
0 0.525390625 0.283203125 0.022135416666666668 0.032552083333333336
0 0.4166666666666667 0.040364583333333336 0.06510416666666667 0.06770833333333333
0 0.05859375 0.4830729166666667 0.10416666666666667 0.2109375
0 0.061848958333333336 0.08138020833333333 0.09765625 0.13671875
0 0.4381510416666667 0.96875 0.014322916666666666 0.013020833333333334
0 0.5865885416666666 0.5143229166666666 0.014322916666666666 0.013020833333333334
0 0.45703125 0.52734375 0.013020833333333334 0.013020833333333334
0 0.947265625 0.8756510416666666 0.045572916666666664 0.07161458333333333
0 0.9694010416666666 0.9973958333333334 0.01953125 0.005208333333333333
0 0.8020833333333334 0.1328125 0.015625 0.018229166666666668
0 0.6197916666666666 0.1953125 0.015625 0.013020833333333334
0 0.169921875 0.5247395833333334 0.014322916666666666 0.015625
0 0.5611979166666666 0.7877604166666666 0.015625 0.013020833333333334