0 0.4368794759114583 0.4801228841145833 0.022008419036865234 0.02271095911661784
0 0.0447540283203125 0.4360249837239583 0.02279202143351237 0.022440751393636067
0 0.9029947916666666 0.9889322916666666 0.024739583333333332 0.022135416666666668
0 0.2531382242838542 0.0542755126953125 0.019684632619222004 0.019765694936116535
0 0.4079132080078125 0.2717386881510417 0.0255886713663737 0.027101834615071613
0 0.34954833984375 0.4892018636067708 0.027101834615071613 0.02815564473470052
0 0.3646799723307292 0.3759307861328125 0.020778973897298176 0.020616849263509113
0 0.07112630208333333 0.2963816324869792 0.028506914774576824 0.02926349639892578
0 0.6755269368489584 0.8744099934895834 0.027101834615071613 0.027209917704264324
0 0.5812784830729166 0.8994852701822916 0.019995371500651043 0.020535786946614582
0 0.1121978759765625 0.195648193359375 0.03185749053955078 0.02883116404215495
0 0.85797119140625 0.709259033203125 0.028371810913085938 0.028939247131347656
0 0.24622090657552084 0.5246531168619791 0.029047330220540363 0.03426233927408854
0 0.6881510416666666 0.013671875 0.045572916666666664 0.02734375
0 0.685546875 0.9850260416666666 0.02734375 0.029947916666666668
0 0.2903188069661458 0.2998402913411458 0.020778973897298176 0.019684632619222004
0 0.4606577555338542 0.9055379231770834 0.02548058827718099 0.025777816772460938
0 0.813873291015625 0.9721171061197916 0.03258705139160156 0.031019846598307293
0 0.5579325358072916 0.5324350992838541 0.030641555786132812 0.0298309326171875
0 0.4485524495442708 0.5479990641276041 0.027007261912027996 0.030074119567871094
0 0.50518798828125 0.13793182373046875 0.021927356719970703 0.024332205454508465
0 0.2557322184244792 0.17662556966145834 0.020697911580403645 0.0211032231648763
0 0.10268656412760417 0.058382670084635414 0.03620783487955729 0.037207603454589844
0 0.017949422200520832 0.5376230875651041 0.017658074696858723 0.01915772755940755
0 0.12603251139322916 0.4152730305989583 0.02510229746500651 0.027007261912027996
0 0.1614837646484375 0.4563446044921875 0.031479199727376304 0.036640167236328125
0 0.3698679606119792 0.444671630859375 0.03901799519856771 0.0382073720296224
0 0.021484375 0.9954427083333334 0.03515625 0.009114583333333334
0 0.3906199137369792 0.7620035807291666 0.040531158447265625 0.040531158447265625
0 0.4641164143880208 0.4879048665364583 0.01991430918375651 0.020778973897298176
0 0.528533935546875 0.4299723307291667 0.038045247395833336 0.039855639139811196
0 0.4649810791015625 0.6504618326822916 0.030533472696940105 0.03699143727620443
0 0.0784759521484375 0.5194651285807291 0.020062923431396484 0.024332205454508465
0 0.528533935546875 0.932342529296875 0.027007261912027996 0.029966036478678387
0 0.3387400309244792 0.9721171061197916 0.027939478556315105 0.02752065658569336
0 0.1433258056640625 0.5990142822265625 0.020535786946614582 0.019765694936116535
0 0.012545267740885416 0.6042022705078125 0.01909017562866211 0.01983324686686198
0 0.2107696533203125 0.221588134765625 0.04358450571695963 0.04266579945882162
0 0.20904032389322916 0.18743387858072916 0.02271095911661784 0.022265116373697918
0 0.6547749837239584 0.921966552734375 0.08814175923665364 0.09651819864908855
0 0.4848683675130208 0.06443532307942708 0.032830238342285156 0.04407087961832682
0 0.06593831380208333 0.5843149820963541 0.017198721567789715 0.017252763112386067
0 0.6175944010416666 0.3266448974609375 0.04977226257324219 0.049691200256347656
0 0.6132710774739584 0.294219970703125 0.045800209045410156 0.041720072428385414
0 0.6556396484375 0.18224589029947916 0.05063692728678385 0.05123138427734375
0 0.025299072265625 0.5064951578776041 0.016415119171142578 0.01622597376505534