0 0.4563802083333333 0.23828125 0.040364583333333336 0.0390625
0 0.08138020833333333 0.37890625 0.01953125 0.020833333333333332
0 0.4544270833333333 0.57421875 0.03125 0.03125
0 0.7727864583333334 0.232421875 0.03515625 0.032552083333333336
0 0.251953125 0.5904947916666666 0.07161458333333333 0.08984375
0 0.375 0.7135416666666666 0.033854166666666664 0.0390625
0 0.3196614583333333 0.6829427083333334 0.02734375 0.022135416666666668
0 0.3352864583333333 0.728515625 0.01953125 0.022135416666666668
0 0.173828125 0.6770833333333334 0.022135416666666668 0.0234375
0 0.7259114583333334 0.7936197916666666 0.05859375 0.061197916666666664
0 0.7981770833333334 0.8880208333333334 0.059895833333333336 0.0625
0 0.7760416666666666 0.4420572916666667 0.028645833333333332 0.03515625
0 0.9544270833333334 0.9283854166666666 0.057291666666666664 0.06510416666666667
0 0.44921875 0.787109375 0.020833333333333332 0.01953125
0 0.3971354166666667 0.87890625 0.020833333333333332 0.018229166666666668
0 0.6907552083333334 0.5709635416666666 0.016927083333333332 0.01171875
0 0.13151041666666666 0.7428385416666666 0.013020833333333334 0.01171875
0 0.9544270833333334 0.6666666666666666 0.013020833333333334 0.015625
0 0.9760807291666667 0.22546875 0.014114583333333227 0.012773437500000004
0 0.6479557291666667 0.1225 0.013789062500000041 0.013281249999999986
0 0.8335026041666667 0.869140625 0.016458333333333464 0.01718750000000006
0 0.26537760416666667 0.52734375 0.017916666666666654 0.017513020833333393
0 0.5239322916666667 0.8999088541666667 0.015546875000000071 0.015299479166666666
0 0.1689453125 0.06927083333333334 0.016015625000000016 0.01489583333333333
0 0.5659244791666667 0.8935546875 0.014622395833333357 0.01455729166666675
0 0.1934765625 0.7412109375 0.012773437500000004 0.01307291666666662
0 0.6919010416666667 0.42260416666666667 0.013424479166666595 0.013424479166666595
0 0.7446354166666667 0.5151432291666667 0.011783854166666607 0.011731770833333321
0 0.779296875 0.9858463541666667 0.014231770833333416 0.014283854166666702
0 0.8100651041666667 0.8515625 0.022799479166666654 0.024843749999999904
0 0.298828125 0.513671875 0.015963541666666654 0.01484374999999997
0 0.7085026041666667 0.34888020833333333 0.01125000000000013 0.011067708333333334
0 0.8022526041666667 0.54296875 0.009518229166666595 0.009739583333333357
0 0.85546875 0.6723697916666667 0.009088541666666691 0.009518229166666595
0 0.73828125 0.6264713541666667 0.010403645833333345 0.010403645833333345
0 0.43481770833333333 0.7314453125 0.010208333333333375 0.010690104166666714
0 0.41138020833333333 0.9267578125 0.01005208333333337 0.010611979166666785
0 0.5629947916666667 0.43627604166666667 0.011197916666666696 0.010950520833333291
0 0.8188541666666667 0.7495182291666667 0.008619791666666524 0.00858072916666656