0 0.59765625 0.328125 0.026041666666666668 0.024739583333333332
0 0.0625 0.904296875 0.026041666666666668 0.0234375
0 0.5052083333333334 0.5657552083333334 0.02734375 0.024739583333333332
0 0.5240885416666666 0.016276041666666668 0.029947916666666668 0.032552083333333336
0 0.375 0.7063802083333334 0.02734375 0.02734375
0 0.16080729166666666 0.62109375 0.02734375 0.02734375
0 0.474609375 0.15234375 0.032552083333333336 0.032552083333333336
0 0.6875 0.13932291666666666 0.033854166666666664 0.033854166666666664
0 0.884765625 0.97265625 0.0234375 0.0234375
0 0.310546875 0.099609375 0.03125 0.03125
0 0.9544270833333334 0.6666666666666666 0.026041666666666668 0.026041666666666668
0 0.22395833333333334 0.8795572916666666 0.022135416666666668 0.01953125
0 0.5266927083333334 0.865234375 0.032552083333333336 0.032552083333333336
0 0.6002604166666666 0.8802083333333334 0.028645833333333332 0.02734375
0 0.4986979166666667 0.912109375 0.024739583333333332 0.0234375
0 0.251953125 0.3216145833333333 0.028645833333333332 0.028645833333333332
0 0.8639322916666666 0.07161458333333333 0.03515625 0.03515625
0 0.322265625 0.6790364583333334 0.026041666666666668 0.032552083333333336
0 0.220703125 0.50390625 0.028645833333333332 0.026041666666666668
0 0.14713541666666666 0.16471354166666666 0.02734375 0.02734375
0 0.4309895833333333 0.3919270833333333 0.028645833333333332 0.026041666666666668
0 0.8274739583333334 0.3756510416666667 0.036458333333333336 0.03515625
0 0.9778645833333334 0.022786458333333332 0.02734375 0.028645833333333332
0 0.5247395833333334 0.46484375 0.03125 0.028645833333333332
0 0.677734375 0.4498697916666667 0.03125 0.026041666666666668
0 0.7408854166666666 0.9296875 0.020833333333333332 0.020833333333333332
0 0.4055989583333333 0.306640625 0.03515625 0.036458333333333336
0 0.818359375 0.011067708333333334 0.037760416666666664 0.022135416666666668
0 0.8880208333333334 0.923828125 0.03515625 0.03515625
0 0.291015625 0.818359375 0.03515625 0.04296875
0 0.66796875 0.025390625 0.036458333333333336 0.03515625
0 0.265625 0.03515625 0.045572916666666664 0.046875
0 0.5891927083333334 0.083984375 0.03125 0.036458333333333336
0 0.4921875 0.5006510416666666 0.036458333333333336 0.03515625
0 0.9212239583333334 0.5924479166666666 0.026041666666666668 0.02734375
0 0.2545572916666667 0.5716145833333334 0.049479166666666664 0.045572916666666664
0 0.6302083333333334 0.55078125 0.0234375 0.0234375
0 0.14322916666666666 0.6692708333333334 0.03515625 0.02734375
0 0.2506510416666667 0.4147135416666667 0.041666666666666664 0.03125
0 0.1328125 0.474609375 0.04296875 0.037760416666666664
0 0.7428385406666666 0.6471354166666666 0.2825520833333333 0.2838541666666667