0 0.4661458333333333 0.043619791666666664 0.033854166666666664 0.037760416666666664
0 0.4635416666666667 0.11458333333333333 0.028645833333333332 0.026041666666666668
0 0.026692708333333332 0.24479166666666666 0.037760416666666664 0.0390625
0 0.068359375 0.091796875 0.01953125 0.01953125
0 0.263671875 0.19921875 0.01953125 0.013020833333333334
0 0.5891927083333334 0.134765625 0.032552083333333336 0.024739583333333332
0 0.5833333333333334 0.248046875 0.020833333333333332 0.01953125
0 0.8046875 0.638671875 0.020833333333333332 0.01953125
0 0.8626302083333334 0.732421875 0.05859375 0.04296875
0 0.701171875 0.7786458333333334 0.032552083333333336 0.026041666666666668
0 0.361328125 0.7578125 0.01953125 0.0234375
0 0.3515625 0.833984375 0.026041666666666668 0.01953125
0 0.04296875 0.18294270833333334 0.018229166666666668 0.01953125
0 0.07552083333333333 0.8098958333333334 0.020833333333333332 0.0234375
0 0.75 0.3001302083333333 0.015625 0.01953125
0 0.8997395833333334 0.09830729166666667 0.015625 0.01953125
0 0.740234375 0.7141927083333334 0.016927083333333332 0.016927083333333332
0 0.3782552083333333 0.248046875 0.016927083333333332 0.01953125
0 0.4108072916666667 0.7434895833333334 0.01953125 0.015625
0 0.029296875 0.4856770833333333 0.01171875 0.018229166666666668
0 0.6979166666666666 0.9934895833333334 0.033854166666666664 0.013020833333333334
0 0.271484375 0.9537760416666666 0.014322916666666666 0.01171875
0 0.07848958333333333 0.8120182291666667 0.019153645833333344 0.017057291666666547
0 0.26611979166666666 0.20287760416666667 0.018203125000000025 0.016158854166666698
0 0.1993359375 0.46850260416666667 0.017942708333333297 0.01768229166666672
0 0.365234375 0.47680989583333333 0.01768229166666672 0.01667968749999993
0 0.6171875 0.04178385416666667 0.013541666666666638 0.012434895833333329
0 0.41235677083333333 0.7446354166666667 0.013541666666666638 0.012513020833333202
0 0.701171875 0.06708333333333334 0.013111979166666584 0.012031249999999993
0 0.892578125 0.5932682291666667 0.015859375000000082 0.014192708333333304
0 0.40283854166666666 0.14330729166666667 0.021614583333333364 0.019205729166666668
0 0.27075520833333333 0.9555729166666667 0.011328124999999986 0.011458333333333274
0 0.36791666666666667 0.16149739583333333 0.013736979166666607 0.012656250000000016
0 0.33911458333333333 0.6167057291666667 0.012473958333333349 0.011992187500000048
0 0.015130208333333332 0.40259114583333333 0.029453125 0.052812500000000075
0 0.37279947916666667 0.5415104166666667 0.011367187500000023 0.0107421875
0 0.25537760416666666 0.9672916666666667 0.00981770833333336 0.010091145833333334
0 0.36768229166666666 0.37865885416666667 0.011263020833333304 0.010234375000000018
0 0.5874088541666667 0.13953125 0.016158854166666625 0.014973958333333334
0 0.6875 0.7045963541666667 0.010299479166666773 0.01005208333333337