0 0.24348958333333334 0.12955729166666666 0.028645833333333332 0.024739583333333332
0 0.9270833333333334 0.0859375 0.028645833333333332 0.026041666666666668
0 0.923828125 0.1171875 0.022135416666666668 0.013020833333333334
0 0.6842447916666666 0.185546875 0.01953125 0.01953125
0 0.859375 0.17252604166666666 0.036458333333333336 0.032552083333333336
0 0.896484375 0.20638020833333334 0.037760416666666664 0.03515625
0 0.078125 0.578125 0.059895833333333336 0.049479166666666664
0 0.2903645833333333 0.22786458333333334 0.1171875 0.09114583333333333
0 0.06901041666666667 0.4205729166666667 0.0234375 0.020833333333333332
0 0.011067708333333334 0.44921875 0.01953125 0.020833333333333332
0 0.388671875 0.3723958333333333 0.20182291666666666 0.2109375
0 0.58984375 0.15299479166666666 0.06510416666666667 0.07161458333333333
0 0.3802083333333333 0.7805989583333334 0.028645833333333332 0.024739583333333332
0 0.5703125 0.96875 0.0390625 0.033854166666666664
0 0.8854166666666666 0.6276041666666666 0.08854166666666667 0.09114583333333333
0 0.10481770833333333 0.8411458333333334 0.022135416666666668 0.015625
0 0.07747395833333333 0.2903645833333333 0.13932291666666666 0.1484375
0 0.4759114583333333 0.76953125 0.01953125 0.015625
0 0.8802083333333334 0.3912760416666667 0.020833333333333332 0.02734375
0 0.970703125 0.345703125 0.01953125 0.024739583333333332
0 0.7942708333333334 0.3528645833333333 0.018229166666666668 0.015625
0 0.8248697916666666 0.3938802083333333 0.01953125 0.01953125
0 0.740234375 0.6067708333333334 0.06380208333333333 0.049479166666666664
0 0.8352864583333334 0.8333333333333334 0.3294270833333333 0.3333333333333333
0 0.22200520833333334 0.732421875 0.01953125 0.01953125
0 0.3411458333333333 0.5963541666666666 0.015625 0.018229166666666668
0 0.17057291666666666 0.470703125 0.018229166666666668 0.016927083333333332
0 0.7369791666666666 0.06966145833333333 0.013020833333333334 0.016927083333333332
0 0.40625 0.201171875 0.010416666666666666 0.014322916666666666
0 0.057942708333333336 0.7421875 0.01171875 0.013020833333333334
0 0.12044270833333333 0.9609375 0.016927083333333332 0.018229166666666668
0 0.69921875 0.916015625 0.015625 0.016927083333333332
0 0.6399739583333334 0.4388020833333333 0.016927083333333332 0.015625
0 0.5651041666666666 0.4095052083333333 0.20052083333333334 0.21223958333333334
0 0.9765625 0.9342447916666666 0.046875 0.061197916666666664