0 0.22330729166666666 0.685546875 0.037760416666666664 0.02734375
0 0.23958333333333334 0.9563802083333334 0.018229166666666668 0.01953125
0 0.31640625 0.6484375 0.015625 0.015625
0 0.046223958333333336 0.603515625 0.024739583333333332 0.024739583333333332
0 0.92578125 0.4401041666666667 0.018229166666666668 0.020833333333333332
0 0.3684895833333333 0.8515625 0.015625 0.015625
0 0.5384114583333334 0.024739583333333332 0.016927083333333332 0.018229166666666668
0 0.9303385416666666 0.19010416666666666 0.016927083333333332 0.013020833333333334
0 0.169921875 0.296875 0.01171875 0.013020833333333334
0 0.19921875 0.4765625 0.015625 0.013020833333333334
0 0.388671875 0.48046875 0.01953125 0.010416666666666666
0 0.5638020833333334 0.162109375 0.015625 0.016927083333333332
0 0.6354166666666666 0.7063802083333334 0.010416666666666666 0.014322916666666666
0 0.9518229166666666 0.400390625 0.010416666666666666 0.006510416666666667
0 0.392578125 0.9108072916666666 0.01171875 0.01171875