0 0.9140625 0.15559895833333334 0.171875 0.2825520833333333
0 0.4036458333333333 0.7180989583333334 0.09765625 0.10026041666666667
0 0.861328125 0.5774739583333334 0.0859375 0.06510416666666667
0 0.767578125 0.6901041666666666 0.07682291666666667 0.06640625
0 0.2864583333333333 0.7018229166666666 0.07421875 0.06770833333333333
0 0.2688802083333333 0.5091145833333334 0.061197916666666664 0.0546875
0 0.010416666666666666 0.4348958333333333 0.020833333333333332 0.049479166666666664
0 0.10677083333333333 0.4055989583333333 0.05078125 0.053385416666666664
0 0.22721354166666666 0.12630208333333334 0.0546875 0.049479166666666664
0 0.6497395833333334 0.024739583333333332 0.04296875 0.04296875
0 0.11783854166666667 0.9537760416666666 0.046875 0.04296875
0 0.7311197916666666 0.6145833333333334 0.048177083333333336 0.046875
0 0.7630208333333334 0.3671875 0.036458333333333336 0.0390625
0 0.54296875 0.314453125 0.045572916666666664 0.037760416666666664
0 0.6438802083333334 0.375 0.044270833333333336 0.040364583333333336
0 0.23177083333333334 0.7141927083333334 0.03515625 0.033854166666666664
0 0.5436197916666666 0.2786458333333333 0.044270833333333336 0.032552083333333336
0 0.4694010416666667 0.884765625 0.04296875 0.044270833333333336
0 0.028645833333333332 0.059895833333333336 0.046875 0.04296875
0 0.9173177083333334 0.8997395833333334 0.032552083333333336 0.032552083333333336
0 0.9876302083333334 0.9140625 0.024739583333333332 0.033854166666666664
0 0.24869791666666666 0.3958333333333333 0.049479166666666664 0.045572916666666664
0 0.984375 0.771484375 0.03125 0.029947916666666668
0 0.3255208333333333 0.7864583333333334 0.041666666666666664 0.037760416666666664
0 0.7083333333333334 0.049479166666666664 0.037760416666666664 0.032552083333333336
0 0.7141927083333334 0.6901041666666666 0.033854166666666664 0.029947916666666668
0 0.6438802083333334 0.5690104166666666 0.028645833333333332 0.026041666666666668
0 0.5305989583333334 0.6848958333333334 0.028645833333333332 0.02734375
0 0.3723958333333333 0.5442708333333334 0.032552083333333336 0.032552083333333336
0 0.8671875 0.5305989583333334 0.036458333333333336 0.03515625
0 0.494140625 0.4733072916666667 0.041666666666666664 0.036458333333333336
0 0.537109375 0.08658854166666667 0.03515625 0.032552083333333336
0 0.10546875 0.021484375 0.03515625 0.024739583333333332
0 0.12760416666666666 0.12760416666666666 0.045572916666666664 0.040364583333333336
0 0.677734375 0.4322916666666667 0.03515625 0.024739583333333332
0 0.5325520833333334 0.9869791666666666 0.036458333333333336 0.026041666666666668
0 0.5846354166666666 0.8893229166666666 0.0390625 0.041666666666666664