0 0.17708333333333334 0.3561197916666667 0.11458333333333333 0.09765625
0 0.14453125 0.271484375 0.015625 0.01953125
0 0.01953125 0.4537760416666667 0.026041666666666668 0.05859375
0 0.0078125 0.6178385416666666 0.010416666666666666 0.01953125
0 0.10026041666666667 0.8157552083333334 0.020833333333333332 0.024739583333333332
0 0.2643229166666667 0.6165364583333334 0.020833333333333332 0.01953125
0 0.5143229166666666 0.51953125 0.013020833333333334 0.018229166666666668
0 0.8821614583333334 0.16080729166666666 0.01953125 0.01953125
0 0.43359375 0.8658854166666666 0.020833333333333332 0.0234375
0 0.21484375 0.8899739583333334 0.0390625 0.032552083333333336
0 0.119140625 0.9088541666666666 0.02734375 0.018229166666666668
0 0.072265625 0.7473958333333334 0.014322916666666666 0.018229166666666668
0 0.2864583333333333 0.333984375 0.013020833333333334 0.014322916666666666
0 0.9348958333333334 0.9049479166666666 0.033854166666666664 0.036458333333333336
0 0.13020833333333334 0.21549479166666666 0.015625 0.01171875
0 0.5032552083333334 0.21158854166666666 0.01171875 0.01171875
0 0.2643229166666667 0.462890625 0.010416666666666666 0.009114583333333334