0 0.76953125 0.5592447916666666 0.044270833333333336 0.048177083333333336
0 0.9765625 0.017578125 0.0390625 0.032552083333333336
0 0.9173177083333334 0.0390625 0.02734375 0.026041666666666668
0 0.8756510416666666 0.3268229166666667 0.029947916666666668 0.036458333333333336
0 0.8196614583333334 0.14388020833333334 0.02734375 0.02734375
0 0.822265625 0.027994791666666668 0.061197916666666664 0.05078125
0 0.49609375 0.146484375 0.19270833333333334 0.20182291666666666
0 0.634765625 0.21614583333333334 0.12369791666666667 0.1328125
0 0.7096354166666666 0.30078125 0.13020833333333334 0.12760416666666666
0 0.8430989583333334 0.275390625 0.045572916666666664 0.048177083333333336
0 0.8372395833333334 0.318359375 0.020833333333333332 0.024739583333333332
0 0.7916666666666666 0.5169270833333334 0.03125 0.028645833333333332
0 0.9700520833333334 0.6783854166666666 0.052083333333333336 0.049479166666666664
0 0.6796875 0.3776041666666667 0.018229166666666668 0.013020833333333334
0 0.7044270833333334 0.830078125 0.0546875 0.05859375
0 0.23763020833333334 0.2506510416666667 0.07161458333333333 0.07161458333333333
0 0.318359375 0.37109375 0.024739583333333332 0.026041666666666668
0 0.12434895833333333 0.09114583333333333 0.016927083333333332 0.020833333333333332
0 0.205078125 0.4212239583333333 0.01953125 0.01953125
0 0.14388020833333334 0.416015625 0.04296875 0.053385416666666664
0 0.15885416666666666 0.7141927083333334 0.07291666666666667 0.08203125
0 0.107421875 0.33984375 0.045572916666666664 0.052083333333333336
0 0.039713541666666664 0.689453125 0.022135416666666668 0.016927083333333332
0 0.9934895833333334 0.4069010416666667 0.010416666666666666 0.032552083333333336
0 0.685546875 0.6705729166666666 0.05859375 0.06510416666666667
0 0.9036458333333334 0.6087239583333334 0.13020833333333334 0.12369791666666667
0 0.564453125 0.626953125 0.12109375 0.12369791666666667
0 0.5377604166666666 0.5 0.028645833333333332 0.033854166666666664
0 0.533203125 0.7337239583333334 0.01953125 0.022135416666666668
0 0.60546875 0.8782552083333334 0.026041666666666668 0.032552083333333336
0 0.431640625 0.8958333333333334 0.024739583333333332 0.020833333333333332
0 0.55078125 0.78125 0.018229166666666668 0.020833333333333332
0 0.6979166666666666 0.7454427083333334 0.07552083333333333 0.08463541666666667
0 0.603515625 0.8352864583333334 0.014322916666666666 0.014322916666666666
0 0.039713541666666664 0.388671875 0.01171875 0.016927083333333332
0 0.016927083333333332 0.4108072916666667 0.015625 0.016927083333333332
0 0.061197916666666664 0.5709635416666666 0.059895833333333336 0.06901041666666667
0 0.3098958333333333 0.9752604166666666 0.033854166666666664 0.033854166666666664
0 0.7884114583333334 0.859375 0.055989583333333336 0.06510416666666667
0 0.9739583333333334 0.9108072916666666 0.015625 0.016927083333333332
0 0.171875 0.8600260416666666 0.15104166666666666 0.17057291666666666
0 0.552734375 0.9270833333333334 0.07421875 0.0859375
0 0.020182291666666668 0.21419270833333334 0.040364583333333336 0.07682291666666667