0 0.896484375 0.091796875 0.03515625 0.032552083333333336
0 0.3294270833333333 0.248046875 0.046875 0.05859375
0 0.17317708333333334 0.08854166666666667 0.020833333333333332 0.026041666666666668
0 0.3971354166666667 0.4342447916666667 0.026041666666666668 0.01953125
0 0.365234375 0.5787760416666666 0.02734375 0.029947916666666668
0 0.7805989583333334 0.2747395833333333 0.33203125 0.3203125
0 0.90234375 0.6048177083333334 0.09895833333333333 0.10026041666666667
0 0.5807291666666666 0.720703125 0.078125 0.07161458333333333
0 0.22916666666666666 0.9479166666666666 0.15364583333333334 0.09114583333333333
0 0.8059895833333334 0.8606770833333334 0.2942708333333333 0.2682291666666667
0 0.6002604166666666 0.88671875 0.0234375 0.020833333333333332
0 0.21614583333333334 0.37890625 0.015625 0.013020833333333334
0 0.306640625 0.5143229166666666 0.014322916666666666 0.015625
0 0.451171875 0.6015625 0.016927083333333332 0.018229166666666668
0 0.9850260416666666 0.7018229166666666 0.029947916666666668 0.036458333333333336
0 0.986328125 0.7337239583333334 0.02734375 0.040364583333333336
0 0.042083333333333334 0.030104166666666668 0.017643229166666663 0.016783854166666667
0 0.24890625 0.31592447916666666 0.016015625000000016 0.015247395833333307
0 0.061432291666666666 0.46924479166666666 0.016523437499999998 0.015299479166666666
0 0.012057291666666666 0.09619791666666666 0.015299479166666666 0.014726562500000004
0 0.04986979166666666 0.6645572916666667 0.014010416666666673 0.013020833333333334
0 0.2325390625 0.37572916666666667 0.013333333333333345 0.013632812500000036
0 0.44115885416666667 0.763671875 0.01395833333333337 0.013476562499999881
0 0.2509765625 0.14221354166666667 0.016015625000000016 0.015247395833333344
0 0.533203125 0.546875 0.010091145833333334 0.01005208333333337
0 0.14404947916666666 0.6586979166666667 0.010091145833333334 0.010611979166666638
0 0.22326822916666667 0.20373697916666667 0.009596354166666673 0.009973958333333366
0 0.33178385416666667 0.7231510416666667 0.008645833333333316 0.008515624999999952
0 0.38037760416666666 0.853515625 0.009231770833333375 0.009518229166666595
0 0.39600260416666666 0.6748046875 0.011067708333333334 0.011289062500000094
0 0.21338541666666666 0.10669270833333333 0.011328124999999986 0.011158854166666657
0 0.5546875 0.5708072916666667 0.00947916666666663 0.009192708333333263
0 0.5102604166666667 0.30736979166666667 0.011471354166666595 0.010572916666666673
0 0.48266927083333333 0.6967838541666667 0.008372395833333268 0.008671875000000107
0 0.5864322916666667 0.40600260416666667 0.008776041666666679 0.008919270833333362
0 0.11377604166666666 0.4873046875 0.009374999999999986 0.009192708333333263
0 0.42358072916666667 0.05225260416666667 0.009973958333333291 0.009856770833333342
0 0.141484375 0.6362369791666667 0.011875000000000005 0.01182291666666672
0 0.4287109375 0.37622395833333333 0.010494791666666595 0.010091145833333334