0 0.4368489583333333 0.4798177083333333 0.022135416666666668 0.022135416666666668
0 0.044921875 0.4361979166666667 0.0234375 0.022135416666666668
0 0.9029947916666666 0.9889322916666666 0.024739583333333332 0.022135416666666668
0 0.2532552083333333 0.054036458333333336 0.01953125 0.01953125
0 0.408203125 0.271484375 0.026041666666666668 0.02734375
0 0.349609375 0.4889322916666667 0.02734375 0.028645833333333332
0 0.3645833333333333 0.3756510416666667 0.020833333333333332 0.020833333333333332
0 0.07096354166666667 0.2962239583333333 0.028645833333333332 0.028645833333333332
0 0.67578125 0.8743489583333334 0.02734375 0.02734375
0 0.5813802083333334 0.8997395833333334 0.01953125 0.020833333333333332
0 0.11197916666666667 0.19596354166666666 0.03125 0.028645833333333332
0 0.8580729166666666 0.708984375 0.028645833333333332 0.028645833333333332
0 0.24609375 0.5247395833333334 0.028645833333333332 0.033854166666666664
0 0.6881510416666666 0.013671875 0.045572916666666664 0.02734375
0 0.685546875 0.9850260416666666 0.02734375 0.029947916666666668
0 0.2903645833333333 0.3001302083333333 0.020833333333333332 0.01953125
0 0.4609375 0.9055989583333334 0.026041666666666668 0.026041666666666668
0 0.8138020833333334 0.9720052083333334 0.032552083333333336 0.03125
0 0.5579427083333334 0.5325520833333334 0.03125 0.029947916666666668
0 0.4485677083333333 0.5481770833333334 0.02734375 0.029947916666666668
0 0.5052083333333334 0.13802083333333334 0.022135416666666668 0.024739583333333332
0 0.255859375 0.17643229166666666 0.020833333333333332 0.020833333333333332
0 0.10286458333333333 0.05859375 0.036458333333333336 0.037760416666666664
0 0.018229166666666668 0.5377604166666666 0.018229166666666668 0.01953125
0 0.12630208333333334 0.4153645833333333 0.024739583333333332 0.02734375
0 0.16145833333333334 0.4563802083333333 0.03125 0.036458333333333336
0 0.3697916666666667 0.4446614583333333 0.0390625 0.037760416666666664
0 0.021484375 0.9954427083333334 0.03515625 0.009114583333333334
0 0.390625 0.76171875 0.040364583333333336 0.040364583333333336
0 0.4641927083333333 0.4876302083333333 0.01953125 0.020833333333333332
0 0.5286458333333334 0.4296875 0.037760416666666664 0.040364583333333336
0 0.46484375 0.650390625 0.029947916666666668 0.036458333333333336
0 0.07877604166666667 0.51953125 0.01953125 0.024739583333333332
0 0.5286458333333334 0.9322916666666666 0.02734375 0.029947916666666668
0 0.3385416666666667 0.9720052083333334 0.02734375 0.02734375
0 0.14322916666666666 0.5989583333333334 0.020833333333333332 0.01953125
0 0.012369791666666666 0.6041666666666666 0.01953125 0.01953125
0 0.2109375 0.22135416666666666 0.04296875 0.04296875
0 0.208984375 0.1875 0.022135416666666668 0.022135416666666668
0 0.6549479166666666 0.921875 0.08854166666666667 0.09635416666666667
0 0.4850260416666667 0.064453125 0.032552083333333336 0.044270833333333336
0 0.06575520833333333 0.5846354166666666 0.016927083333333332 0.016927083333333332
0 0.6178385416666666 0.3268229166666667 0.049479166666666664 0.049479166666666664
0 0.61328125 0.2942708333333333 0.045572916666666664 0.041666666666666664
0 0.6555989583333334 0.18229166666666666 0.05078125 0.05078125
0 0.025390625 0.5065104166666666 0.016927083333333332 0.015625