0 0.2532552083333333 0.8489583333333334 0.029947916666666668 0.029947916666666668
0 0.3854166666666667 0.057291666666666664 0.024739583333333332 0.026041666666666668
0 0.5364583333333334 0.17578125 0.02734375 0.024739583333333332
0 0.287109375 0.6380208333333334 0.022135416666666668 0.022135416666666668
0 0.37109375 0.8411458333333334 0.024739583333333332 0.026041666666666668
0 0.3346354166666667 0.005208333333333333 0.0234375 0.010416666666666666
0 0.8665364583333334 0.849609375 0.026041666666666668 0.024739583333333332
0 0.7760416666666666 0.5885416666666666 0.022135416666666668 0.020833333333333332
0 0.4309895833333333 0.154296875 0.03125 0.03125
0 0.142578125 0.4674479166666667 0.02734375 0.02734375
0 0.4205729166666667 0.4596354166666667 0.026041666666666668 0.024739583333333332
0 0.478515625 0.220703125 0.024739583333333332 0.024739583333333332
0 0.055338541666666664 0.2864583333333333 0.028645833333333332 0.028645833333333332
0 0.6803385416666666 0.76171875 0.024739583333333332 0.022135416666666668
0 0.6184895833333334 0.19075520833333334 0.024739583333333332 0.024739583333333332
0 0.8919270833333334 0.5514322916666666 0.0234375 0.022135416666666668
0 0.107421875 0.8899739583333334 0.03125 0.029947916666666668
0 0.7135416666666666 0.828125 0.024739583333333332 0.026041666666666668
0 0.5006510416666666 0.6608072916666666 0.03125 0.029947916666666668
0 0.482421875 0.119140625 0.029947916666666668 0.02734375
0 0.5123697916666666 0.736328125 0.032552083333333336 0.03125
0 0.6555989583333334 0.521484375 0.032552083333333336 0.03125
0 0.8821614583333334 0.4348958333333333 0.02734375 0.024739583333333332
0 0.232421875 0.009765625 0.024739583333333332 0.01953125
0 0.6360677083333334 0.728515625 0.02734375 0.028645833333333332
0 0.5130208333333334 0.951171875 0.032552083333333336 0.03125
0 0.10611979166666667 0.966796875 0.026041666666666668 0.024739583333333332
0 0.4694010416666667 0.4095052083333333 0.028645833333333332 0.024739583333333332
0 0.7565104166666666 0.3795572916666667 0.024739583333333332 0.024739583333333332
0 0.943359375 0.3678385416666667 0.033854166666666664 0.03125
0 0.123046875 0.2877604166666667 0.0390625 0.03515625
0 0.7096354166666666 0.35546875 0.028645833333333332 0.024739583333333332
0 0.96484375 0.2877604166666667 0.041666666666666664 0.040364583333333336
0 0.91015625 0.7213541666666666 0.0625 0.06640625
0 0.15625 0.8841145833333334 0.059895833333333336 0.06380208333333333
0 0.2942708333333333 0.2799479166666667 0.09114583333333333 0.08203125
0 0.958984375 0.4114583333333333 0.08203125 0.1015625
0 0.14973958333333334 0.4798177083333333 0.032552083333333336 0.032552083333333336