0 0.5108072916666666 0.19679687499999998 0.025638020833333403 0.02704427083333331
0 0.09217447916666661 0.9756380208333333 0.02736979166666667 0.028124999999999883
0 0.29473958333333333 0.7399869791666666 0.023164062500000027 0.023268229166666526
0 0.2245182291666666 0.8453255208333333 0.02363281249999997 0.02410156249999999
0 0.8098958333333334 0.005859375 0.0234375 0.01171875
0 0.016549479166666714 0.7892838541666666 0.030156249999999996 0.030377604166666572
0 0.9847916666666666 0.698125 0.022916666666666547 0.024375000000000036
0 0.36091145833333327 0.6231770833333333 0.022213541666666597 0.0234375
0 0.18602864583333334 0.09450520833333331 0.022994791666666698 0.023541666666666655
0 0.06921874999999995 0.7447135416666667 0.022825520833333335 0.02247395833333332
0 0.44463541666666667 0.8162890625 0.02686197916666666 0.026328125000000036
0 0.07259114583333333 0.16776041666666663 0.028463541666666675 0.030742187500000018
0 0.9037760416666666 0.6272265625000001 0.02410156249999999 0.026432291666666607
0 0.5486197916666665 0.8844791666666666 0.02363281249999997 0.024283854166666785
0 0.023984374999999947 0.8527473958333333 0.02493489583333333 0.024856770833333226
0 0.7214713541666665 0.4273697916666667 0.02335937500000007 0.025052083333333346
0 0.6350390625000001 0.6866536458333333 0.026041666666666668 0.027369791666666643
0 0.15632812499999993 0.8196614583333334 0.034114583333333316 0.03321614583333332
0 0.5891276041666668 0.9749609375 0.020078124999999947 0.022213541666666597
0 0.7039062499999998 0.6515364583333333 0.028671874999999975 0.028567708333333403
0 0.42032552083333324 0.16539062499999999 0.024661458333333403 0.025234374999999993
0 0.3939973958333334 0.9580859374999999 0.02335937500000007 0.02382812499999994
0 0.8497526041666665 0.8595052083333333 0.023268229166666526 0.025533854166666536
0 0.6336848958333334 0.261953125 0.025338541666666714 0.029921875000000025
0 0.5054036458333334 0.6036067708333334 0.029817708333333304 0.029921875000000025
0 0.5864322916666668 0.4685546875 0.04088541666666664 0.04074218749999995
0 0.34402343750000003 0.9783333333333334 0.03950520833333334 0.04011718749999993
0 0.18229166666666666 0.9921875 0.0234375 0.015625
0 0.9118749999999999 0.1532421875 0.04587239583333336 0.04916666666666666
0 0.17792968749999996 0.3412890625 0.026223958333333314 0.026041666666666668
0 0.9672395833333333 0.2585677083333333 0.031223958333333357 0.03282552083333331
0 0.2596223958333333 0.2616145833333334 0.07304687500000002 0.07246093749999998
0 0.7228124999999999 0.8338411458333334 0.07747395833333333 0.07820312499999993
0 0.845703125 0.5671354166666666 0.05005208333333341 0.05410156249999994
0 0.04424479166666669 0.24777343750000003 0.051184895833333334 0.058528645833333316
0 0.35752604166666674 0.13770833333333332 0.05473958333333332 0.053385416666666664
0 0.7714322916666667 0.22481770833333337 0.04298177083333332 0.05089843750000004
0 0.14147135416666665 0.6002213541666667 0.057643229166666664 0.05979166666666661
0 0.25828125 0.4915234375 0.059414062499999996 0.06477864583333333
0 0.21574218750000007 0.4557291666666667 0.06924479166666668 0.07029947916666668
0 0.9172786458333334 0.8973177083333334 0.11149739583333347 0.09199218750000011