0 0.2688802083333333 0.9674479166666666 0.0234375 0.0234375
0 0.7532552083333334 0.5572916666666666 0.028645833333333332 0.029947916666666668
0 0.783203125 0.18424479166666666 0.028645833333333332 0.028645833333333332
0 0.016276041666666668 0.8860677083333334 0.03125 0.033854166666666664
0 0.8424479166666666 0.041666666666666664 0.022135416666666668 0.022135416666666668
0 0.9173177083333334 0.7018229166666666 0.03515625 0.03515625
0 0.1875 0.8450520833333334 0.02734375 0.029947916666666668
0 0.044270833333333336 0.6790364583333334 0.02734375 0.028645833333333332
0 0.669921875 0.990234375 0.032552083333333336 0.01953125
0 0.07877604166666667 0.2760416666666667 0.032552083333333336 0.036458333333333336
0 0.3255208333333333 0.9114583333333334 0.03125 0.032552083333333336
0 0.8450520833333334 0.7174479166666666 0.029947916666666668 0.029947916666666668
0 0.9231770833333334 0.4153645833333333 0.040364583333333336 0.044270833333333336
0 0.7779947916666666 0.9615885416666666 0.04296875 0.0390625
0 0.994140625 0.4752604166666667 0.01171875 0.026041666666666668
0 0.4407552083333333 0.84375 0.026041666666666668 0.026041666666666668
0 0.923828125 0.9778645833333334 0.03125 0.032552083333333336
0 0.9609375 0.3997395833333333 0.024739583333333332 0.024739583333333332
0 0.806640625 0.9739583333333334 0.026041666666666668 0.026041666666666668
0 0.9251302083333334 0.8548177083333334 0.022135416666666668 0.0234375
0 0.8697916666666666 0.10091145833333333 0.052083333333333336 0.057291666666666664
0 0.15755208333333334 0.56640625 0.22005208333333334 0.23697916666666666
0 0.345703125 0.4401041666666667 0.10286458333333333 0.12239583333333333
0 0.9576822916666666 0.6484375 0.08463541666666667 0.11197916666666667
0 0.4479166666666667 0.662109375 0.09895833333333333 0.09244791666666667
0 0.6901041666666666 0.2955729166666667 0.17317708333333334 0.18229166666666666
0 0.9895833333333334 0.2643229166666667 0.020833333333333332 0.06770833333333333