0 0.12044270833333333 0.4264322916666667 0.24088541666666666 0.26953125
0 0.23111979166666666 0.572265625 0.01953125 0.016927083333333332
0 0.7330729166666666 0.4622395833333333 0.020833333333333332 0.010416666666666666
0 0.7526041666666666 0.10677083333333333 0.044270833333333336 0.041666666666666664
0 0.671875 0.10611979166666667 0.015625 0.01953125
0 0.032552083333333336 0.70703125 0.026041666666666668 0.026041666666666668
0 0.59375 0.7109375 0.0234375 0.020833333333333332
0 0.7102864583333334 0.7884114583333334 0.014322916666666666 0.01953125
0 0.7877604166666666 0.7916666666666666 0.013020833333333334 0.013020833333333334
0 0.43359375 0.17708333333333334 0.018229166666666668 0.018229166666666668
0 0.3626302083333333 0.07096354166666667 0.13411458333333334 0.09505208333333333
0 0.490234375 0.12760416666666666 0.07942708333333333 0.078125
0 0.072265625 0.051432291666666664 0.040364583333333336 0.048177083333333336
0 0.0390625 0.06315104166666667 0.013020833333333334 0.01171875
0 0.09765625 0.19791666666666666 0.013020833333333334 0.015625
0 0.078125 0.2565104166666667 0.013020833333333334 0.010416666666666666
0 0.7994791666666666 0.294921875 0.018229166666666668 0.01953125
0 0.791015625 0.3515625 0.01953125 0.010416666666666666