0 0.703125 0.6692708333333334 0.040364583333333336 0.04296875
0 0.20768229166666666 0.029296875 0.04296875 0.049479166666666664
0 0.08984375 0.8209635416666666 0.03515625 0.044270833333333336
0 0.2649739583333333 0.02734375 0.040364583333333336 0.05078125
0 0.5442708333333334 0.662109375 0.028645833333333332 0.03125
0 0.7845052083333334 0.935546875 0.049479166666666664 0.0546875
0 0.7434895833333334 0.7298177083333334 0.03125 0.03125
0 0.4765625 0.431640625 0.037760416666666664 0.041666666666666664
0 0.359375 0.4407552083333333 0.03125 0.03125
0 0.9401041666666666 0.3515625 0.041666666666666664 0.04296875
0 0.3131510416666667 0.23046875 0.036458333333333336 0.037760416666666664
0 0.4602864583333333 0.921875 0.0390625 0.040364583333333336
0 0.7174479166666666 0.8841145833333334 0.032552083333333336 0.036458333333333336
0 0.96484375 0.435546875 0.02734375 0.028645833333333332
0 0.6881510416666666 0.3509114583333333 0.02734375 0.02734375
0 0.061197916666666664 0.8671875 0.02734375 0.028645833333333332
0 0.2955729166666667 0.8190104166666666 0.057291666666666664 0.05859375
0 0.7389322916666666 0.024739583333333332 0.04296875 0.048177083333333336
0 0.19466145833333334 0.8776041666666666 0.02734375 0.03125
0 0.8795572916666666 0.5657552083333334 0.1171875 0.11197916666666667
0 0.490234375 0.22330729166666666 0.037760416666666664 0.041666666666666664
0 0.9635416666666666 0.5865885416666666 0.037760416666666664 0.0390625
0 0.6868489583333334 0.162109375 0.037760416666666664 0.044270833333333336
0 0.5703125 0.2884114583333333 0.04296875 0.049479166666666664
0 0.5442708333333334 0.4654947916666667 0.03515625 0.03515625
0 0.032552083333333336 0.078125 0.06510416666666667 0.13541666666666666
0 0.4010416666666667 0.4694010416666667 0.057291666666666664 0.06380208333333333
0 0.6276041666666666 0.173828125 0.024739583333333332 0.026041666666666668
0 0.935546875 0.86328125 0.07942708333333333 0.09114583333333333
0 0.6783854166666666 0.010416666666666666 0.036458333333333336 0.020833333333333332
0 0.5579427083333334 0.7955729166666666 0.055989583333333336 0.07291666666666667
0 0.10807291666666667 0.2584635416666667 0.052083333333333336 0.055989583333333336
0 0.045572916666666664 0.48828125 0.09114583333333333 0.125
0 0.8216145833333334 0.2721354166666667 0.037760416666666664 0.049479166666666664