0 0.5169270833333334 0.5084635416666666 0.041666666666666664 0.040364583333333336
0 0.4850260416666667 0.583984375 0.12630208333333334 0.12369791666666667
0 0.2747395833333333 0.580078125 0.078125 0.08723958333333333
0 0.2981770833333333 0.7135416666666666 0.03125 0.03125
0 0.21158854166666666 0.6634114583333334 0.029947916666666668 0.032552083333333336
0 0.013020833333333334 0.546875 0.0234375 0.0234375
0 0.3313802083333333 0.3365885416666667 0.03515625 0.032552083333333336
0 0.5533854166666666 0.20377604166666666 0.0546875 0.053385416666666664
0 0.4694010416666667 0.22005208333333334 0.022135416666666668 0.018229166666666668
0 0.861328125 0.06705729166666667 0.040364583333333336 0.040364583333333336
0 0.7180989583333334 0.515625 0.06380208333333333 0.052083333333333336
0 0.140625 0.18033854166666666 0.018229166666666668 0.016927083333333332
0 0.13411458333333334 0.3040364583333333 0.018229166666666668 0.016927083333333332
0 0.8450520833333334 0.140625 0.06510416666666667 0.06770833333333333
0 0.6608072916666666 0.15169270833333334 0.13932291666666666 0.10546875
0 0.7864583333333334 0.22591145833333334 0.0703125 0.08463541666666667
0 0.55078125 0.255859375 0.0234375 0.024739583333333332
0 0.478515625 0.19205729166666666 0.016927083333333332 0.016927083333333332
0 0.3951822916666667 0.3014322916666667 0.06380208333333333 0.09765625
0 0.3359375 0.33838541666666666 0.02610677083333331 0.024088541666666668
0 0.1728515625 0.94140625 0.014674479166666662 0.013906250000000083
0 0.296875 0.931640625 0.012096354166666693 0.012421874999999952
0 0.2216796875 0.8579166666666667 0.01640625000000003 0.016341145833333275
0 0.8461979166666667 0.7890625 0.015598958333333357 0.016223958333333382
0 0.13220052083333333 0.30591145833333333 0.012382812499999988 0.011549479166666673
0 0.5004947916666667 0.5708072916666667 0.012291666666666737 0.011471354166666595
0 0.48364583333333333 0.37622395833333333 0.011966145833333405 0.010950520833333291
0 0.8154296875 0.021770833333333333 0.024934895833333453 0.023333333333333334
0 0.21606770833333333 0.16260416666666666 0.011380208333333345 0.010820312500000004
0 0.6845703125 0.15002604166666667 0.1721223958333334 0.14782552083333336
0 0.8212890625 0.6337890625 0.013020833333333334 0.01445312500000003
0 0.088984375 0.16540364583333333 0.010781250000000001 0.01024739583333334
0 0.22240885416666667 0.14977864583333333 0.010403645833333345 0.009596354166666673
0 0.065 0.5400390625 0.01095052083333333 0.010781249999999964
0 0.38647135416666667 0.42748697916666667 0.01111979166666662 0.010820312499999929
0 0.3974609375 0.5610416666666667 0.010494791666666595 0.010169270833333263
0 0.27904947916666667 0.22631510416666667 0.010729166666666679 0.010364583333333307
0 0.7905338541666667 0.44408854166666667 0.011419270833333309 0.011328125000000059
0 0.41869791666666667 0.42651041666666667 0.011158854166666732 0.010950520833333291
0 0.36401041666666667 0.7724609375 0.00898437499999997 0.00916666666666662
0 0.36768229166666666 0.08037760416666666 0.009557291666666709 0.009596354166666663
0 0.05559895833333334 0.9375 0.011328125000000003 0.01111979166666662
0 0.74609375 0.7368229166666667 0.009335937500000094 0.009739583333333357
0 0.6469791666666667 0.771484375 0.009231770833333375 0.009231770833333227
0 0.03690104166666667 0.681640625 0.009973958333333338 0.009778645833333321
0 0.27709635416666667 0.04587239583333333 0.011419270833333309 0.010898437500000002
0 0.48022135416666667 0.7001953125 0.008815104166666643 0.009062500000000048
0 0.14807291666666667 0.03985677083333333 0.011289062499999983 0.012669270833333338
0 0.46997395833333333 0.7963932291666667 0.008671874999999959 0.008919270833333215
0 0.5068359375 0.33764322916666667 0.012148437500000053 0.011380208333333345
0 0.6518619791666667 0.8920963541666667 0.011875000000000005 0.011731770833333321
0 0.19372395833333333 0.5361328125 0.009374999999999986 0.009127604166666655
0 0.26319010416666666 0.35131510416666667 0.00873697916666664 0.00809895833333337
0 0.1171875 0.6401432291666667 0.010052083333333331 0.009635416666666638
0 0.19653645833333333 0.826171875 0.009453124999999988 0.009375000000000059
0 0.9915364583333334 0.78125 0.016927083333333332 0.041666666666666664