0 0.4576822916666667 0.21354166666666666 0.05859375 0.057291666666666664
0 0.43359375 0.026692708333333332 0.0546875 0.053385416666666664
0 0.5970052083333334 0.970703125 0.05859375 0.055989583333333336
0 0.5462239583333334 0.640625 0.045572916666666664 0.0390625
0 0.8255208333333334 0.5950520833333334 0.057291666666666664 0.06510416666666667
0 0.5546875 0.3600260416666667 0.06510416666666667 0.07161458333333333
0 0.9602864583333334 0.7604166666666666 0.022135416666666668 0.020833333333333332
0 0.9850260416666666 0.7903645833333334 0.01171875 0.013020833333333334
0 0.791015625 0.5390625 0.016927083333333332 0.020833333333333332
0 0.4212239583333333 0.6432291666666666 0.01953125 0.018229166666666668
0 0.7434895833333334 0.5045572916666666 0.013020833333333334 0.016927083333333332
0 0.8984375 0.4602864583333333 0.010416666666666666 0.01171875
0 0.4368489583333333 0.521484375 0.01171875 0.014322916666666666
0 0.8020833333333334 0.4283854166666667 0.010416666666666666 0.010416666666666666
0 0.8880208333333334 0.21354166666666666 0.010416666666666666 0.010416666666666666
0 0.8723958333333334 0.7565104166666666 0.010416666666666666 0.010416666666666666
0 0.39453125 0.11848958333333333 0.010416666666666666 0.0078125
0 0.8404947916666666 0.103515625 0.01171875 0.014322916666666666
0 0.66796875 0.3697916666666667 0.010416666666666666 0.010416666666666666