0 0.373046875 0.388671875 0.06640625 0.07161458333333333
0 0.125 0.9739583333333334 0.0703125 0.049479166666666664
0 0.024739583333333332 0.7265625 0.026041666666666668 0.026041666666666668
0 0.21875 0.7747395833333334 0.020833333333333332 0.015625
0 0.23697916666666666 0.8444010416666666 0.018229166666666668 0.01953125
0 0.6712239583333334 0.6217447916666666 0.032552083333333336 0.032552083333333336
0 0.5546875 0.6295572916666666 0.018229166666666668 0.01953125
0 0.9680989583333334 0.8541666666666666 0.06380208333333333 0.078125
0 0.8958333333333334 0.572265625 0.026041666666666668 0.029947916666666668
0 0.7884114583333334 0.4641927083333333 0.024739583333333332 0.022135416666666668
0 0.7239583333333334 0.4641927083333333 0.018229166666666668 0.022135416666666668
0 0.8522135416666666 0.7799479166666666 0.01953125 0.020833333333333332
0 0.91796875 0.833984375 0.018229166666666668 0.016927083333333332
0 0.583984375 0.3352864583333333 0.20963541666666666 0.24869791666666666
0 0.5494791666666666 0.5032552083333334 0.018229166666666668 0.022135416666666668
0 0.8951822916666666 0.13997395833333334 0.03515625 0.040364583333333336
0 0.4270833333333333 0.17122395833333334 0.026041666666666668 0.024739583333333332
0 0.30078125 0.171875 0.0859375 0.09375
0 0.205078125 0.030598958333333332 0.06380208333333333 0.061197916666666664
0 0.0625 0.4830729166666667 0.018229166666666668 0.018229166666666668
0 0.12760416666666666 0.65234375 0.013020833333333334 0.018229166666666668
0 0.6666666666666666 0.564453125 0.015625 0.016927083333333332
0 0.27734375 0.9674479166666666 0.052083333333333336 0.0625
0 0.16861979166666666 0.5078125 0.014322916666666666 0.015625
0 0.20442708333333334 0.3404947916666667 0.020833333333333332 0.01953125
0 0.14192708333333334 0.1953125 0.015625 0.015625
0 0.3157552083333333 0.4973958333333333 0.016927083333333332 0.018229166666666668
0 0.047526041666666664 0.18619791666666666 0.01953125 0.015625
0 0.8170572916666666 0.71484375 0.014322916666666666 0.015625
0 0.60546875 0.13997395833333334 0.015625 0.014322916666666666
0 0.5657552083333334 0.3216145833333333 0.014322916666666666 0.015625
0 0.4700520833333333 0.20963541666666666 0.013020833333333334 0.013020833333333334
0 0.038411458333333336 0.5345052083333334 0.01953125 0.01953125
0 0.380859375 0.08919270833333333 0.014322916666666666 0.014322916666666666
0 0.990234375 0.5846354166666666 0.01953125 0.033854166666666664