0 0.2688802083333333 0.8287760416666666 0.02734375 0.029947916666666668
0 0.23697916666666666 0.9348958333333334 0.036458333333333336 0.033854166666666664
0 0.140625 0.9153645833333334 0.013020833333333334 0.013020833333333334
0 0.546875 0.20638020833333334 0.033854166666666664 0.032552083333333336
0 0.4166666666666667 0.2858072916666667 0.026041666666666668 0.029947916666666668
0 0.24544270833333334 0.19010416666666666 0.032552083333333336 0.033854166666666664
0 0.17513020833333334 0.3053385416666667 0.05859375 0.053385416666666664
0 0.07682291666666667 0.3229166666666667 0.018229166666666668 0.020833333333333332
0 0.4544270833333333 0.3665364583333333 0.020833333333333332 0.022135416666666668
0 0.4654947916666667 0.3287760416666667 0.01953125 0.024739583333333332
0 0.6731770833333334 0.5423177083333334 0.028645833333333332 0.03515625
0 0.20052083333333334 0.6412760416666666 0.018229166666666668 0.016927083333333332
0 0.7233072916666666 0.8333333333333334 0.01953125 0.018229166666666668
0 0.71484375 0.5110677083333334 0.015625 0.01953125
0 0.501953125 0.55859375 0.016927083333333332 0.018229166666666668
0 0.88671875 0.47265625 0.09375 0.09635416666666667
0 0.896484375 0.064453125 0.032552083333333336 0.029947916666666668
0 0.7161458333333334 0.21614583333333334 0.234375 0.2708333333333333
0 0.8235677083333334 0.13346354166666666 0.01953125 0.01953125
0 0.8359375 0.6712239583333334 0.013020833333333334 0.014322916666666666
0 0.8938802083333334 0.6165364583333334 0.11588541666666667 0.12109375
0 0.9251302083333334 0.33984375 0.14973958333333334 0.2265625
0 0.6204427083333334 0.6438802083333334 0.022135416666666668 0.022135416666666668
0 0.04296875 0.869140625 0.020833333333333332 0.01953125
0 0.990234375 0.7662760416666666 0.01953125 0.032552083333333336
0 0.3326822916666667 0.4270833333333333 0.024739583333333332 0.026041666666666668
0 0.3509114583333333 0.4166666666666667 0.01953125 0.018229166666666668
0 0.5279947916666666 0.9342447916666666 0.014322916666666666 0.014322916666666666
0 0.19010416666666666 0.896484375 0.3411458333333333 0.20442708333333334
0 0.087890625 0.9296875 0.01171875 0.013020833333333334
0 0.4381510416666667 0.6848958333333334 0.014322916666666666 0.015625
0 0.111328125 0.931640625 0.006510416666666667 0.009114583333333334
0 0.9713541666666666 0.9069010416666666 0.057291666666666664 0.13151041666666666
0 0.9772135416666666 0.8079427083333334 0.045572916666666664 0.06901041666666667
0 0.9498697916666666 0.5813802083333334 0.014322916666666666 0.014322916666666666
0 0.7708333333333334 0.435546875 0.013020833333333334 0.01171875
0 0.7981770833333334 0.5397135416666666 0.010416666666666666 0.01171875
0 0.7740885416666666 0.6158854166666666 0.006510416666666667 0.0078125
0 0.923828125 0.3352864583333333 0.01171875 0.009114583333333334
0 0.6666666666666666 0.40234375 0.010416666666666666 0.0078125
0 0.693359375 0.4524739583333333 0.009114583333333334 0.009114583333333334
0 0.6041666666666666 0.5325520833333334 0.0078125 0.0078125
0 0.58984375 0.37890625 0.015625 0.015625
0 0.421875 0.6790364583333334 0.013020833333333334 0.014322916666666666
0 0.3997395833333333 0.69140625 0.013020833333333334 0.013020833333333334
0 0.408203125 0.4778645833333333 0.01171875 0.010416666666666666
0 0.4322916666666667 0.4283854166666667 0.013020833333333334 0.013020833333333334
0 0.9596354166666666 0.6432291666666666 0.036458333333333336 0.044270833333333336
0 0.3190104166666667 0.5553385416666666 0.026041666666666668 0.029947916666666668
0 0.5729166666666666 0.5546875 0.5364583333333334 0.578125
0 0.9895833333333334 0.23111979166666666 0.013020833333333334 0.014322916666666666
0 0.2766927083333333 0.4088541666666667 0.016927083333333332 0.013020833333333334
0 0.234375 0.3046875 0.010416666666666666 0.010416666666666666
0 0.2923177083333333 0.259765625 0.01171875 0.01171875
0 0.369140625 0.064453125 0.014322916666666666 0.016927083333333332
0 0.057942708333333336 0.740234375 0.01171875 0.01171875
0 0.19075520833333334 0.775390625 0.01171875 0.01171875
0 0.16145833333333334 0.7083333333333334 0.010416666666666666 0.010416666666666666
0 0.22591145833333334 0.6959635416666666 0.014322916666666666 0.01171875
0 0.271484375 0.609375 0.01171875 0.013020833333333334
0 0.5416666666666666 0.17513020833333334 0.013020833333333334 0.01171875