0 0.46875 0.26953125 0.052083333333333336 0.041666666666666664
0 0.13802083333333334 0.4602864583333333 0.036458333333333336 0.032552083333333336
0 0.18489583333333334 0.8046875 0.026041666666666668 0.026041666666666668
0 0.3515625 0.8372395833333334 0.026041666666666668 0.026041666666666668
0 0.3802083333333333 0.8723958333333334 0.018229166666666668 0.018229166666666668
0 0.13671875 0.904296875 0.018229166666666668 0.01953125
0 0.12109375 0.943359375 0.03125 0.029947916666666668
0 0.3463541666666667 0.986328125 0.028645833333333332 0.024739583333333332
0 0.580078125 0.890625 0.016927083333333332 0.015625
0 0.7506510416666666 0.7604166666666666 0.02734375 0.0234375
0 0.5572916666666666 0.4752604166666667 0.03125 0.0234375
0 0.3326822916666667 0.318359375 0.037760416666666664 0.029947916666666668
0 0.478515625 0.2819010416666667 0.3059895833333333 0.3580729166666667
0 0.4817708333333333 0.41796875 0.020833333333333332 0.020833333333333332
0 0.029296875 0.3157552083333333 0.01953125 0.022135416666666668
0 0.10546875 0.041015625 0.020833333333333332 0.01953125
0 0.18033854166666666 0.20572916666666666 0.08203125 0.078125
0 0.2923177083333333 0.9459635416666666 0.014322916666666666 0.014322916666666666
0 0.943359375 0.9609375 0.016927083333333332 0.018229166666666668
0 0.984375 0.97265625 0.020833333333333332 0.020833333333333332
0 0.9921875 0.8971354166666666 0.015625 0.018229166666666668
0 0.8359375 0.3580729166666667 0.018229166666666668 0.018229166666666668
0 0.9739583333333334 0.3229166666666667 0.026041666666666668 0.0234375
0 0.796875 0.541015625 0.07291666666666667 0.06640625
0 0.603515625 0.5390625 0.01953125 0.0234375
0 0.849609375 0.154296875 0.024739583333333332 0.024739583333333332
0 0.884765625 0.046875 0.024739583333333332 0.020833333333333332
0 0.912109375 0.07161458333333333 0.07421875 0.07552083333333333
0 0.8997395833333334 0.2740885416666667 0.018229166666666668 0.016927083333333332
0 0.064453125 0.4114583333333333 0.014322916666666666 0.013020833333333334
0 0.07486979166666667 0.3548177083333333 0.014322916666666666 0.016927083333333332
0 0.12565104166666666 0.4251302083333333 0.014322916666666666 0.014322916666666666
0 0.012369791666666666 0.23177083333333334 0.022135416666666668 0.057291666666666664
0 0.486328125 0.055338541666666664 0.016927083333333332 0.016927083333333332
0 0.8821614583333334 0.17057291666666666 0.016927083333333332 0.015625
0 0.255859375 0.9427083333333334 0.014322916666666666 0.013020833333333334
0 0.375 0.9772135416666666 0.015625 0.014322916666666666
0 0.857421875 0.7083333333333334 0.016927083333333332 0.015625