0 0.359375 0.119140625 0.020833333333333332 0.024739583333333332
0 0.5364583333333334 0.3522135416666667 0.041666666666666664 0.040364583333333336
0 0.9381510416666666 0.3951822916666667 0.01953125 0.022135416666666668
0 0.8795572916666666 0.43359375 0.07161458333333333 0.059895833333333336
0 0.8229166666666666 0.515625 0.0234375 0.026041666666666668
0 0.6940104166666666 0.53515625 0.0390625 0.036458333333333336
0 0.11783854166666667 0.5963541666666666 0.01953125 0.020833333333333332
0 0.23567708333333334 0.35546875 0.03125 0.033854166666666664
0 0.10026041666666667 0.306640625 0.19270833333333334 0.20703125
0 0.5475260416666666 0.3938802083333333 0.032552083333333336 0.032552083333333336
0 0.4596354166666667 0.408203125 0.10416666666666667 0.11328125
0 0.2727864583333333 0.6477864583333334 0.016927083333333332 0.01953125
0 0.169921875 0.64453125 0.01953125 0.026041666666666668
0 0.072265625 0.697265625 0.05859375 0.06380208333333333
0 0.026692708333333332 0.634765625 0.01953125 0.01953125
0 0.12760416666666666 0.7552083333333334 0.026041666666666668 0.026041666666666668
0 0.3294270833333333 0.716796875 0.09114583333333333 0.08984375
0 0.4407552083333333 0.7233072916666666 0.07161458333333333 0.07682291666666667
0 0.4375 0.720703125 0.018229166666666668 0.016927083333333332
0 0.7819010416666666 0.7897135416666666 0.01953125 0.02734375
0 0.7565104166666666 0.7272135416666666 0.013020833333333334 0.016927083333333332
0 0.8444010416666666 0.8971354166666666 0.02734375 0.020833333333333332
0 0.494140625 0.9518229166666666 0.022135416666666668 0.015625
0 0.033203125 0.9375 0.032552083333333336 0.026041666666666668
0 0.7623697916666666 0.8313802083333334 0.4622395833333333 0.3216145833333333
0 0.4225260416666667 0.9583333333333334 0.08723958333333333 0.06770833333333333
0 0.2942708333333333 0.19205729166666666 0.018229166666666668 0.01953125
0 0.14453125 0.306640625 0.018229166666666668 0.014322916666666666
0 0.061197916666666664 0.21484375 0.015625 0.013020833333333334
0 0.057942708333333336 0.23893229166666666 0.016927083333333332 0.016927083333333332
0 0.15364583333333334 0.4654947916666667 0.013020833333333334 0.01953125
0 0.7389322916666666 0.042317708333333336 0.08203125 0.05859375
0 0.4765625 0.046223958333333336 0.09635416666666667 0.06380208333333333
0 0.7330729166666666 0.8600260416666666 0.013020833333333334 0.014322916666666666
0 0.693359375 0.935546875 0.016927083333333332 0.016927083333333332
0 0.2994791666666667 0.3951822916666667 0.015625 0.009114583333333334
0 0.5716145833333334 0.189453125 0.013020833333333334 0.014322916666666666
0 0.16666666666666666 0.17122395833333334 0.013020833333333334 0.014322916666666666
0 0.7838541666666666 0.4895833333333333 0.015625 0.015625
0 0.8639322916666666 0.22135416666666666 0.01171875 0.013020833333333334
0 0.3098958333333333 0.7252604166666666 0.013020833333333334 0.013020833333333334
0 0.8177083333333334 0.599609375 0.013020833333333334 0.014322916666666666
0 0.482421875 0.9322916666666666 0.01953125 0.015625
0 0.15885416666666666 0.9778645833333334 0.010416666666666666 0.013020833333333334