0 0.7014147440592448 0.8627039591471354 0.10804367065429688 0.10254144668579102
0 0.06715838114420573 0.6186052958170573 0.021946370601654053 0.02101891239484151
0 0.37061436971028644 0.14007854461669922 0.03267987569173177 0.02965782086054484
0 0.23656018575032553 0.6832981109619141 0.02703175942103068 0.024072229862213135
0 0.9268391927083334 0.3708384831746419 0.03872398535410563 0.0351600448290507
0 0.42063458760579425 0.7273159027099609 0.05193765958150228 0.0480194091796875
0 0.927734375 0.045572916666666664 0.10807291666666667 0.09114583333333333
0 0.56402587890625 0.4845511118570964 0.042934020360310875 0.039474288622538246
0 0.046483357747395836 0.19343344370524088 0.03167947133382162 0.030366440614064533
0 0.3379344940185547 0.1707576115926107 0.04024543364842733 0.036264657974243164
0 0.9811197916666666 0.4459635416666667 0.037760416666666664 0.04296875
0 0.03914705912272135 0.9594097137451172 0.022363205750783283 0.021592060724894207
0 0.06582450866699219 0.4218591054280599 0.023801287015279133 0.022884249687194824
0 0.3672796885172526 0.031034469604492188 0.026719133059183758 0.02417643864949544
0 0.125 0.008463541666666666 0.028645833333333332 0.016927083333333332
0 0.549353281656901 0.6799634297688802 0.02307182550430298 0.02361371119817098
0 0.1345189412434896 0.7639973958333334 0.0257187287012736 0.02713596820831299
0 0.4112974802652995 0.5218995412190756 0.026010513305664062 0.02532273530960083
0 0.3612772623697917 0.9180596669514974 0.021341959635416668 0.021185646454493206
0 0.42263539632161456 0.392513910929362 0.023426135381062824 0.0217587947845459
0 0.20388031005859375 0.28647104899088544 0.02417643864949544 0.021863003571828205
0 0.2692400614420573 0.5965963999430338 0.023801287015279133 0.023801287015279133
0 0.04581642150878906 0.1200704574584961 0.025114317735036213 0.022800882657368977
0 0.10984230041503906 0.8340257008870443 0.023259401321411133 0.02227983872095744
0 0.45703125 0.9889322916666666 0.026041666666666668 0.022135416666666668
0 0.029143015543619793 0.8186861673990885 0.023697078227996826 0.021341959635416668
0 0.5706952412923177 0.7793369293212891 0.02425980567932129 0.02417643864949544
0 0.869482676188151 0.17175801595052084 0.02767785390218099 0.025822937488555908
0 0.69207763671875 0.35383160909016925 0.02909509340922038 0.026719133059183758
0 0.12184715270996094 0.241119384765625 0.031929572423299156 0.028553207715352375
0 0.6120452880859375 0.33282311757405597 0.028553207715352375 0.02767785390218099
0 0.3205941518147786 0.7266489664713541 0.0257187287012736 0.02361371119817098
0 0.8001213073730469 0.9267298380533854 0.030012130737304688 0.026531557242075603
0 0.4246362050374349 0.6726271311442057 0.032054622968037925 0.02909509340922038
0 0.030476888020833332 0.48188336690266925 0.020383238792419434 0.0198309322198232
0 0.7747777303059896 0.7193126678466797 0.024739166100819904 0.023155192534128826
0 0.8321342468261719 0.78533935546875 0.024822533130645752 0.024072229862213135
0 0.10584068298339844 0.45720672607421875 0.02492674191792806 0.024739166100819904
0 0.7307599385579427 0.511895497639974 0.025822937488555908 0.025218526522318523
0 0.6387227376302084 0.1540842056274414 0.03370112180709839 0.030491491158803303
0 0.7947858174641927 0.5625826517740885 0.02955361207326253 0.02955361207326253
0 0.7214228312174479 0.9727484385172526 0.02621893088022868 0.026010513305664062
0 0.8414713541666666 0.5532455444335938 0.05398015181223551 0.06252527236938477