0 0.3821614583333333 0.599609375 0.037760416666666664 0.032552083333333336
0 0.8046875 0.5143229166666666 0.06510416666666667 0.057291666666666664
0 0.7591145833333334 0.865234375 0.026041666666666668 0.029947916666666668
0 0.16731770833333334 0.14713541666666666 0.024739583333333332 0.026041666666666668
0 0.5078125 0.21549479166666666 0.0234375 0.032552083333333336
0 0.8411458333333334 0.18294270833333334 0.044270833333333336 0.045572916666666664
0 0.5299479166666666 0.8274739583333334 0.015625 0.01953125
0 0.5403645833333334 0.6647135416666666 0.0234375 0.01953125
0 0.6126302083333334 0.33203125 0.01953125 0.020833333333333332
0 0.8665364583333334 0.3548177083333333 0.032552083333333336 0.040364583333333336
0 0.828125 0.2884114583333333 0.020833333333333332 0.024739583333333332
0 0.052734375 0.3059895833333333 0.01953125 0.020833333333333332
0 0.6061197916666666 0.16471354166666666 0.01953125 0.02734375
0 0.3912760416666667 0.4453125 0.01953125 0.015625
0 0.765625 0.08203125 0.026041666666666668 0.026041666666666668
0 0.388671875 0.09700520833333333 0.014322916666666666 0.022135416666666668
0 0.4420572916666667 0.11002604166666667 0.016927083333333332 0.016927083333333332
0 0.90625 0.03515625 0.020833333333333332 0.0234375
0 0.740234375 0.013020833333333334 0.01953125 0.020833333333333332
0 0.053385416666666664 0.13020833333333334 0.018229166666666668 0.018229166666666668
0 0.3131510416666667 0.6725260416666666 0.01953125 0.016927083333333332
0 0.8665364583333334 0.689453125 0.01953125 0.022135416666666668
0 0.091796875 0.8912760416666666 0.01953125 0.016927083333333332
0 0.9576822916666666 0.16861979166666666 0.045572916666666664 0.048177083333333336
0 0.18619791666666666 0.9186197916666666 0.018229166666666668 0.016927083333333332
0 0.375 0.2109375 0.015625 0.015625
0 0.3984375 0.17643229166666666 0.013020833333333334 0.014322916666666666
0 0.47265625 0.022786458333333332 0.06770833333333333 0.045572916666666664
0 0.6712239583333334 0.8131510416666666 0.014322916666666666 0.016927083333333332
0 0.7350260416666666 0.5716145833333334 0.014322916666666666 0.015625
0 0.6458333333333334 0.720703125 0.010416666666666666 0.01171875
0 0.20052083333333334 0.6028645833333334 0.013020833333333334 0.018229166666666668
0 0.890625 0.9583333333333334 0.013020833333333334 0.013020833333333334
0 0.8489583333333334 0.5787760416666666 0.015625 0.014322916666666666
0 0.7740885416666666 0.4654947916666667 0.014322916666666666 0.014322916666666666
0 0.9303385416666666 0.984375 0.014322916666666666 0.013020833333333334