0 0.376953125 0.038411458333333336 0.032552083333333336 0.029947916666666668
0 0.07942708333333333 0.09895833333333333 0.10677083333333333 0.109375
0 0.22330729166666666 0.04296875 0.10286458333333333 0.078125
0 0.3033854166666667 0.24674479166666666 0.033854166666666664 0.03515625
0 0.3294270833333333 0.1015625 0.020833333333333332 0.0234375
0 0.4576822916666667 0.2506510416666667 0.016927083333333332 0.024739583333333332
0 0.4283854166666667 0.2962239583333333 0.033854166666666664 0.029947916666666668
0 0.3873697916666667 0.3587239583333333 0.032552083333333336 0.032552083333333336
0 0.19010416666666666 0.5677083333333334 0.0234375 0.020833333333333332
0 0.3098958333333333 0.6354166666666666 0.020833333333333332 0.026041666666666668
0 0.59375 0.4635416666666667 0.0390625 0.044270833333333336
0 0.9212239583333334 0.07747395833333333 0.032552083333333336 0.029947916666666668
0 0.837890625 0.22721354166666666 0.029947916666666668 0.029947916666666668
0 0.8860677083333334 0.2649739583333333 0.02734375 0.024739583333333332
0 0.9602864583333334 0.30859375 0.05859375 0.08072916666666667
0 0.9049479166666666 0.4114583333333333 0.052083333333333336 0.057291666666666664
0 0.5403645833333334 0.9283854166666666 0.026041666666666668 0.026041666666666668
0 0.4498697916666667 0.84765625 0.014322916666666666 0.018229166666666668
0 0.990234375 0.061848958333333336 0.01953125 0.022135416666666668
0 0.4231770833333333 0.6373697916666666 0.015625 0.016927083333333332
0 0.6725260416666666 0.533203125 0.014322916666666666 0.014322916666666666
0 0.5208333333333334 0.916015625 0.0234375 0.02734375
0 0.4895833333333333 0.888671875 0.015625 0.01171875
0 0.8170572916666666 0.9049479166666666 0.014322916666666666 0.015625
0 0.0078125 0.9791666666666666 0.013020833333333334 0.033854166666666664
0 0.5188802083333334 0.033203125 0.016927083333333332 0.014322916666666666
0 0.007604166666666666 0.9794921875 0.014283854166666665 0.020885416666666618
0 0.43725260416666667 0.6645572916666667 0.01200520833333337 0.011914062500000044
0 0.48828125 0.9545963541666667 0.010013020833333405 0.010091145833333334
0 0.6941927083333334 0.8800651041666666 0.01834635416666656 0.01816406250000006
0 0.47583333333333333 0.6460026041666667 0.009296874999999982 0.009713541666666714
0 0.58203125 0.9096744791666667 0.012486979166666709 0.012825520833333215
0 0.49561197916666666 0.198125 0.01445312500000003 0.014388020833333348
0 0.0902734375 0.25415364583333333 0.013333333333333345 0.012291666666666664
0 0.640625 0.9091796875 0.010169270833333263 0.01036458333333338
0 0.4775390625 0.9521484375 0.009856770833333398 0.010169270833333263
0 0.10303385416666666 0.5444401041666667 0.008776041666666679 0.00898437499999997
0 0.38256510416666667 0.47729166666666667 0.011731770833333321 0.011471354166666595