0 0.7434895833333334 0.3216145833333333 0.0234375 0.0234375
0 0.6712239583333334 0.123046875 0.02734375 0.029947916666666668
0 0.3463541666666667 0.3815104166666667 0.0390625 0.0390625
0 0.2682291666666667 0.4212239583333333 0.0234375 0.014322916666666666
0 0.32421875 0.4661458333333333 0.020833333333333332 0.026041666666666668
0 0.63671875 0.4244791666666667 0.018229166666666668 0.018229166666666668
0 0.4075520833333333 0.6061197916666666 0.033854166666666664 0.045572916666666664
0 0.408203125 0.701171875 0.048177083333333336 0.05078125
0 0.4186197916666667 0.78515625 0.053385416666666664 0.052083333333333336
0 0.4602864583333333 0.8216145833333334 0.029947916666666668 0.026041666666666668
0 0.58984375 0.8229166666666666 0.018229166666666668 0.0234375
0 0.609375 0.8684895833333334 0.020833333333333332 0.0234375
0 0.0546875 0.759765625 0.013020833333333334 0.024739583333333332
0 0.9446614583333334 0.623046875 0.053385416666666664 0.053385416666666664
0 0.86328125 0.759765625 0.018229166666666668 0.01953125
0 0.7408854166666666 0.7350260416666666 0.020833333333333332 0.016927083333333332
0 0.833984375 0.8639322916666666 0.024739583333333332 0.01953125
0 0.9765625 0.912109375 0.026041666666666668 0.032552083333333336
0 0.04296875 0.2643229166666667 0.018229166666666668 0.013020833333333334
0 0.13671875 0.09375 0.013020833333333334 0.015625
0 0.18098958333333334 0.08528645833333333 0.2786458333333333 0.16276041666666666
0 0.4752604166666667 0.21614583333333334 0.013020833333333334 0.018229166666666668
0 0.5013020833333334 0.26953125 0.18229166666666666 0.19791666666666666
0 0.3782552083333333 0.2109375 0.024739583333333332 0.015625
0 0.4375 0.4596354166666667 0.052083333333333336 0.052083333333333336
0 0.5807291666666666 0.54296875 0.049479166666666664 0.0546875
0 0.65234375 0.30859375 0.015625 0.010416666666666666
0 0.8704427083333334 0.0234375 0.022135416666666668 0.013020833333333334
0 0.8541666666666666 0.083984375 0.0234375 0.016927083333333332
0 0.71484375 0.1015625 0.018229166666666668 0.013020833333333334
0 0.8190104166666666 0.26953125 0.018229166666666668 0.015625
0 0.13346354166666666 0.9348958333333334 0.05859375 0.06510416666666667
0 0.6451822916666666 0.7122395833333334 0.01171875 0.015625
0 0.9778645833333334 0.8151041666666666 0.013020833333333334 0.020833333333333332
0 0.3548177083333333 0.92578125 0.032552083333333336 0.044270833333333336
0 0.4303385416666667 0.8639322916666666 0.014322916666666666 0.014322916666666666
0 0.6165364583333334 0.17643229166666666 0.016927083333333332 0.01953125
0 0.8795572916666666 0.15755208333333334 0.014322916666666666 0.013020833333333334
0 0.9895833333333334 0.3658854166666667 0.013020833333333334 0.018229166666666668
0 0.9765625 0.4368489583333333 0.0390625 0.05859375
0 0.912109375 0.7845052083333334 0.053385416666666664 0.055989583333333336
0 0.5045572916666666 0.9713541666666666 0.11067708333333333 0.044270833333333336
0 0.7890625 0.5149739583333334 0.0234375 0.01953125
0 0.22200520833333334 0.5670572916666666 0.014322916666666666 0.01953125
0 0.6829427083333334 0.9029947916666666 0.01953125 0.01171875
0 0.13671875 0.689453125 0.013020833333333334 0.016927083333333332
0 0.6022135416666666 0.6080729166666666 0.01953125 0.015625
0 0.7291666666666666 0.61328125 0.013020833333333334 0.018229166666666668
0 0.8138020833333334 0.8151041666666666 0.013020833333333334 0.018229166666666668
0 0.7135416666666666 0.9544270833333334 0.0703125 0.052083333333333336
0 0.052734375 0.9322916666666666 0.09244791666666667 0.12239583333333333