0 0.37109375 0.203125 0.20833333333333334 0.16145833333333334
0 0.19270833333333334 0.4778645833333333 0.0703125 0.0625
0 0.27734375 0.6145833333333334 0.033854166666666664 0.028645833333333332
0 0.026692708333333332 0.4212239583333333 0.024739583333333332 0.01953125
0 0.4772135416666667 0.4778645833333333 0.24869791666666666 0.22395833333333334
0 0.5657552083333334 0.486328125 0.02734375 0.024739583333333332
0 0.6510416666666666 0.5104166666666666 0.0390625 0.028645833333333332
0 0.4889322916666667 0.603515625 0.02734375 0.02734375
0 0.5279947916666666 0.5755208333333334 0.07421875 0.07291666666666667
0 0.040364583333333336 0.056640625 0.078125 0.09765625
0 0.95703125 0.5865885416666666 0.026041666666666668 0.032552083333333336
0 0.01953125 0.6276041666666666 0.020833333333333332 0.020833333333333332
0 0.6783854166666666 0.833984375 0.036458333333333336 0.032552083333333336
0 0.609375 0.6608072916666666 0.018229166666666668 0.01953125
0 0.3404947916666667 0.9348958333333334 0.016927083333333332 0.020833333333333332
0 0.294921875 0.94140625 0.016927083333333332 0.018229166666666668
0 0.5384114583333334 0.8483072916666666 0.016927083333333332 0.016927083333333332
0 0.5442708333333334 0.9876302083333334 0.020833333333333332 0.01953125
0 0.478515625 0.025390625 0.01953125 0.016927083333333332
0 0.75390625 0.619140625 0.0859375 0.08984375
0 0.3567708333333333 0.9733072916666666 0.109375 0.053385416666666664
0 0.650390625 0.53515625 0.024739583333333332 0.020833333333333332
0 0.837890625 0.8763020833333334 0.022135416666666668 0.0234375
0 0.19986979166666666 0.7421875 0.022135416666666668 0.018229166666666668
0 0.8216145833333334 0.48828125 0.015625 0.020833333333333332
0 0.513671875 0.828125 0.016927083333333332 0.015625
0 0.580078125 0.7102864583333334 0.016927083333333332 0.016927083333333332
0 0.59375 0.6458333333333334 0.015625 0.015625
0 0.08723958333333333 0.615234375 0.015625 0.014322916666666666
0 0.3522135416666667 0.5188802083333334 0.014322916666666666 0.014322916666666666
0 0.6901041666666666 0.21614583333333334 0.015625 0.015625
0 0.19921875 0.19401041666666666 0.010416666666666666 0.010416666666666666
0 0.607421875 0.083984375 0.014322916666666666 0.014322916666666666
0 0.33984375 0.890625 0.018229166666666668 0.013020833333333334
0 0.33203125 0.7434895833333334 0.013020833333333334 0.015625
0 0.5065104166666666 0.9934895833333334 0.015625 0.013020833333333334
0 0.8509114583333334 0.337890625 0.01171875 0.014322916666666666
0 0.8697916666666666 0.453125 0.013020833333333334 0.013020833333333334
0 0.7903645833333334 0.544921875 0.013020833333333334 0.01171875