0 0.5091145833333334 0.013020833333333334 0.028645833333333332 0.026041666666666668
0 0.58203125 0.3567708333333333 0.03515625 0.036458333333333336
0 0.09309895833333333 0.12630208333333334 0.029947916666666668 0.033854166666666664
0 0.8203125 0.20377604166666666 0.037760416666666664 0.036458333333333336
0 0.4205729166666667 0.19466145833333334 0.032552083333333336 0.033854166666666664
0 0.3619791666666667 0.869140625 0.03125 0.032552083333333336
0 0.21419270833333334 0.166015625 0.037760416666666664 0.037760416666666664
0 0.10611979166666667 0.728515625 0.032552083333333336 0.03125
0 0.9192708333333334 0.06575520833333333 0.03125 0.03125
0 0.216796875 0.2877604166666667 0.044270833333333336 0.046875
0 0.25390625 0.19661458333333334 0.049479166666666664 0.052083333333333336
0 0.6048177083333334 0.7291666666666666 0.0390625 0.041666666666666664
0 0.359375 0.047526041666666664 0.037760416666666664 0.036458333333333336
0 0.65234375 0.306640625 0.033854166666666664 0.041666666666666664
0 0.8958333333333334 0.4381510416666667 0.049479166666666664 0.048177083333333336
0 0.1484375 0.008463541666666666 0.036458333333333336 0.016927083333333332
0 0.7194010416666666 0.2799479166666667 0.0390625 0.0390625
0 0.80859375 0.9251302083333334 0.05078125 0.049479166666666664
0 0.026041666666666668 0.609375 0.052083333333333336 0.06770833333333333
0 0.861328125 0.5755208333333334 0.057291666666666664 0.0625
0 0.7063802083333334 0.6673177083333334 0.046875 0.053385416666666664
0 0.2884114583333333 0.016927083333333332 0.05078125 0.033854166666666664
0 0.9830729166666666 0.23502604166666666 0.033854166666666664 0.040364583333333336
0 0.9915364583333334 0.2805989583333333 0.016927083333333332 0.045572916666666664
0 0.7356770833333334 0.474609375 0.044270833333333336 0.044270833333333336
0 0.9446614583333334 0.9596354166666666 0.045572916666666664 0.046875
0 0.8046875 0.560546875 0.046875 0.049479166666666664
0 0.035807291666666664 0.9283854166666666 0.07161458333333333 0.11979166666666667
0 0.8274739583333334 0.7005208333333334 0.06510416666666667 0.06640625
0 0.3893229166666667 0.4036458333333333 0.07682291666666667 0.07421875
0 0.15625 0.5774739583333334 0.08854166666666667 0.09635416666666667
0 0.9108072916666666 0.11328125 0.06770833333333333 0.07421875