0 0.4583333333333333 0.22265625 0.0234375 0.026041666666666668
0 0.091796875 0.4596354166666667 0.040364583333333336 0.0390625
0 0.11653645833333333 0.115234375 0.022135416666666668 0.01953125
0 0.6529947916666666 0.09505208333333333 0.12890625 0.1171875
0 0.6171875 0.057291666666666664 0.015625 0.015625
0 0.4700520833333333 0.3138020833333333 0.09114583333333333 0.09635416666666667
0 0.4830729166666667 0.3580729166666667 0.028645833333333332 0.028645833333333332
0 0.5696614583333334 0.2109375 0.08463541666666667 0.08854166666666667
0 0.4798177083333333 0.123046875 0.11328125 0.11328125
0 0.7877604166666666 0.4010416666666667 0.018229166666666668 0.015625
0 0.873046875 0.2981770833333333 0.022135416666666668 0.020833333333333332
0 0.4309895833333333 0.5423177083333334 0.0234375 0.022135416666666668
0 0.8203125 0.7154947916666666 0.14322916666666666 0.10807291666666667
0 0.6536458333333334 0.6555989583333334 0.018229166666666668 0.016927083333333332
0 0.8938802083333334 0.5305989583333334 0.024739583333333332 0.022135416666666668
0 0.3880208333333333 0.7955729166666666 0.020833333333333332 0.020833333333333332
0 0.44140625 0.9127604166666666 0.020833333333333332 0.020833333333333332
0 0.974609375 0.9055989583333334 0.03515625 0.045572916666666664
0 0.9765625 0.140625 0.03125 0.028645833333333332
0 0.9733072916666666 0.326171875 0.045572916666666664 0.05859375
0 0.9440104166666666 0.4524739583333333 0.015625 0.014322916666666666
0 0.3203125 0.3743489583333333 0.015625 0.014322916666666666
0 0.37890625 0.9446614583333334 0.0234375 0.01953125
0 0.047526041666666664 0.8600260416666666 0.02734375 0.032552083333333336
0 0.17513020833333334 0.9225260416666666 0.016927083333333332 0.01953125
0 0.5397135416666666 0.8483072916666666 0.014322916666666666 0.016927083333333332
0 0.5110677083333334 0.9055989583333334 0.01953125 0.01953125
0 0.6595052083333334 0.8951822916666666 0.024739583333333332 0.024739583333333332
0 0.5950520833333334 0.916015625 0.14322916666666666 0.12890625
0 0.6477864583333334 0.9505208333333334 0.07161458333333333 0.06770833333333333
0 0.3873697916666667 0.556640625 0.01953125 0.016927083333333332
0 0.6686197916666666 0.8014322916666666 0.01953125 0.01953125
0 0.685546875 0.8274739583333334 0.024739583333333332 0.01953125
0 0.5768229166666666 0.4368489583333333 0.018229166666666668 0.01953125
0 0.09505208333333333 0.9576822916666666 0.018229166666666668 0.01953125
0 0.15690104166666666 0.005208333333333333 0.03515625 0.0078125
0 0.4733072916666667 0.014973958333333334 0.053385416666666664 0.02734375
0 0.3587239583333333 0.0234375 0.09505208333333333 0.044270833333333336
0 0.8092447916666666 0.8014322916666666 0.01953125 0.016927083333333332
0 0.5514322916666666 0.03515625 0.014322916666666666 0.013020833333333334
0 0.6920572916666666 0.041015625 0.014322916666666666 0.01171875
0 0.4752604166666667 0.33984375 0.0234375 0.018229166666666668
0 0.291015625 0.4563802083333333 0.01171875 0.016927083333333332
0 0.15234375 0.185546875 0.015625 0.014322916666666666
0 0.4921875 0.7662760416666666 0.013020833333333334 0.014322916666666666
0 0.6295572916666666 0.7819010416666666 0.014322916666666666 0.01171875
0 0.4700520833333333 0.7096354166666666 0.013020833333333334 0.013020833333333334