0 0.01171875 0.9361979166666666 0.0234375 0.026041666666666668
0 0.5774739583333334 0.728515625 0.032552083333333336 0.029947916666666668
0 0.3502604166666667 0.9908854166666666 0.036458333333333336 0.018229166666666668
0 0.9505208333333334 0.19140625 0.037760416666666664 0.03125
0 0.927734375 0.5026041666666666 0.026041666666666668 0.02734375
0 0.14583333333333334 0.607421875 0.028645833333333332 0.024739583333333332
0 0.396484375 0.8619791666666666 0.041666666666666664 0.037760416666666664
0 0.8860677083333334 0.203125 0.02734375 0.024739583333333332
0 0.14973958333333334 0.7825520833333334 0.028645833333333332 0.032552083333333336
0 0.8294270833333334 0.15625 0.024739583333333332 0.0234375
0 0.4713541666666667 0.7200520833333334 0.037760416666666664 0.03515625
0 0.8958333333333334 0.3528645833333333 0.03125 0.024739583333333332
0 0.4713541666666667 0.119140625 0.0234375 0.0234375
0 0.9329427083333334 0.7395833333333334 0.03125 0.02734375
0 0.4993489583333333 0.3704427083333333 0.052083333333333336 0.040364583333333336
0 0.8912760416666666 0.9459635416666666 0.03125 0.03125
0 0.6998697916666666 0.3958333333333333 0.040364583333333336 0.03515625
0 0.4420572916666667 0.12825520833333334 0.02734375 0.028645833333333332
0 0.5084635416666666 0.255859375 0.0234375 0.0234375
0 0.6119791666666666 0.11979166666666667 0.024739583333333332 0.026041666666666668
0 0.8177083333333334 0.9466145833333334 0.046875 0.0390625
0 0.865234375 0.018880208333333332 0.037760416666666664 0.037760416666666664
0 0.6223958333333334 0.44140625 0.022135416666666668 0.022135416666666668
0 0.6725260416666666 0.869140625 0.10546875 0.11067708333333333