0 0.7610677083333334 0.1953125 0.05078125 0.0390625
0 0.8782552083333334 0.154296875 0.02734375 0.03515625
0 0.845703125 0.2513020833333333 0.01953125 0.018229166666666668
0 0.8294270833333334 0.3326822916666667 0.018229166666666668 0.014322916666666666
0 0.712890625 0.4270833333333333 0.01953125 0.020833333333333332
0 0.47265625 0.14713541666666666 0.020833333333333332 0.020833333333333332
0 0.7083333333333334 0.72265625 0.052083333333333336 0.06510416666666667
0 0.9830729166666666 0.7779947916666666 0.026041666666666668 0.032552083333333336
0 0.6653645833333334 0.3450520833333333 0.015625 0.020833333333333332
0 0.42578125 0.6412760416666666 0.018229166666666668 0.01953125
0 0.4615885416666667 0.6536458333333334 0.16276041666666666 0.1796875
0 0.22591145833333334 0.384765625 0.029947916666666668 0.02734375
0 0.236328125 0.4837239583333333 0.01953125 0.01953125
0 0.4173177083333333 0.4830729166666667 0.048177083333333336 0.049479166666666664
0 0.3548177083333333 0.4407552083333333 0.045572916666666664 0.055989583333333336
0 0.13671875 0.15625 0.026041666666666668 0.026041666666666668
0 0.042317708333333336 0.3587239583333333 0.01953125 0.014322916666666666
0 0.16276041666666666 0.392578125 0.013020833333333334 0.016927083333333332
0 0.5279947916666666 0.08528645833333333 0.014322916666666666 0.014322916666666666
0 0.5546875 0.052083333333333336 0.015625 0.013020833333333334
0 0.48828125 0.369140625 0.018229166666666668 0.016927083333333332
0 0.17447916666666666 0.2962239583333333 0.015625 0.016927083333333332
0 0.5592447916666666 0.8151041666666666 0.01953125 0.0234375
0 0.7975260416666666 0.6966145833333334 0.01953125 0.013020833333333334
0 0.4830729166666667 0.21354166666666666 0.015625 0.015625
0 0.029947916666666668 0.5279947916666666 0.018229166666666668 0.01953125
0 0.26953125 0.6087239583333334 0.013020833333333334 0.016927083333333332
0 0.22265625 0.8470052083333334 0.015625 0.014322916666666666
0 0.478515625 0.8541666666666666 0.07161458333333333 0.06770833333333333
0 0.4459635416666667 0.78125 0.01953125 0.013020833333333334
0 0.8932291666666666 0.974609375 0.0234375 0.022135416666666668
0 0.6106770833333334 0.22200520833333334 0.015625 0.014322916666666666
0 0.6328125 0.8984375 0.015625 0.013020833333333334
0 0.6764322916666666 0.96875 0.09244791666666667 0.046875
0 0.919921875 0.055989583333333336 0.01171875 0.013020833333333334
0 0.576171875 0.042317708333333336 0.01171875 0.014322916666666666
0 0.006510416666666667 0.349609375 0.013020833333333334 0.03515625
0 0.0625 0.9921875 0.028645833333333332 0.015625
0 0.4759114583333333 0.986328125 0.016927083333333332 0.01953125