0 0.3899739583333333 0.3483072916666667 0.029947916666666668 0.02734375
0 0.2838541666666667 0.7845052083333334 0.0390625 0.05078125
0 0.3294270833333333 0.78125 0.026041666666666668 0.020833333333333332
0 0.248046875 0.9752604166666666 0.045572916666666664 0.044270833333333336
0 0.318359375 0.953125 0.03515625 0.041666666666666664
0 0.3391927083333333 0.9921875 0.01953125 0.013020833333333334
0 0.4114583333333333 0.78515625 0.026041666666666668 0.028645833333333332
0 0.4680989583333333 0.7747395833333334 0.029947916666666668 0.03125
0 0.47265625 0.7265625 0.026041666666666668 0.026041666666666668
0 0.3483072916666667 0.2688802083333333 0.02734375 0.024739583333333332
0 0.0390625 0.4466145833333333 0.020833333333333332 0.0234375
0 0.5748697916666666 0.7467447916666666 0.06640625 0.05859375
0 0.681640625 0.82421875 0.01953125 0.0234375
0 0.9088541666666666 0.9453125 0.028645833333333332 0.03125
0 0.71484375 0.5618489583333334 0.026041666666666668 0.022135416666666668
0 0.4680989583333333 0.4010416666666667 0.040364583333333336 0.041666666666666664
0 0.7760416666666666 0.4361979166666667 0.046875 0.046875
0 0.7252604166666666 0.3873697916666667 0.18489583333333334 0.17057291666666666
0 0.671875 0.17708333333333334 0.059895833333333336 0.057291666666666664
0 0.4205729166666667 0.17513020833333334 0.09114583333333333 0.10026041666666667
0 0.2727864583333333 0.05078125 0.016927083333333332 0.018229166666666668
0 0.4270833333333333 0.061848958333333336 0.018229166666666668 0.01953125
0 0.787109375 0.016276041666666668 0.016927083333333332 0.014322916666666666
0 0.7936197916666666 0.07291666666666667 0.016927083333333332 0.015625
0 0.912109375 0.140625 0.016927083333333332 0.018229166666666668
0 0.8561197916666666 0.032552083333333336 0.01953125 0.018229166666666668
0 0.353515625 0.6080729166666666 0.016927083333333332 0.015625
0 0.9544270833333334 0.8391927083333334 0.013020833333333334 0.016927083333333332
0 0.035807291666666664 0.9322916666666666 0.040364583333333336 0.046875
0 0.046223958333333336 0.591796875 0.014322916666666666 0.016927083333333332
0 0.027994791666666668 0.359375 0.01171875 0.013020833333333334
0 0.049479166666666664 0.039713541666666664 0.026041666666666668 0.01953125
0 0.07486979166666667 0.15690104166666666 0.016927083333333332 0.01953125
0 0.376953125 0.09309895833333333 0.016927083333333332 0.016927083333333332
0 0.982421875 0.5533854166666666 0.016927083333333332 0.018229166666666668
0 0.16536458333333334 0.46875 0.015625 0.018229166666666668
0 0.5494791666666666 0.7200520833333334 0.07552083333333333 0.06510416666666667
0 0.6764322916666666 0.5950520833333334 0.061197916666666664 0.0625
0 0.794921875 0.986328125 0.014322916666666666 0.014322916666666666
0 0.02734375 0.765625 0.033854166666666664 0.033854166666666664
0 0.6959635416666666 0.21028645833333334 0.01953125 0.016927083333333332
0 0.9348958333333334 0.96875 0.015625 0.013020833333333334
0 0.18880208333333334 0.564453125 0.013020833333333334 0.01171875
0 0.2884114583333333 0.2662760416666667 0.014322916666666666 0.014322916666666666
0 0.3424479166666667 0.36328125 0.013020833333333334 0.013020833333333334
0 0.5182291666666666 0.23046875 0.013020833333333334 0.015625