0 0.9615885416666666 0.376953125 0.029947916666666668 0.032552083333333336
0 0.9010416666666666 0.07942708333333333 0.109375 0.10677083333333333
0 0.95703125 0.22330729166666666 0.078125 0.10286458333333333
0 0.7532552083333334 0.3033854166666667 0.03515625 0.033854166666666664
0 0.8984375 0.3294270833333333 0.0234375 0.020833333333333332
0 0.7493489583333334 0.4576822916666667 0.024739583333333332 0.016927083333333332
0 0.7037760416666666 0.4283854166666667 0.029947916666666668 0.033854166666666664
0 0.6412760416666666 0.3873697916666667 0.032552083333333336 0.032552083333333336
0 0.4322916666666667 0.19010416666666666 0.020833333333333332 0.0234375
0 0.3645833333333333 0.3098958333333333 0.026041666666666668 0.020833333333333332
0 0.5364583333333334 0.59375 0.044270833333333336 0.0390625
0 0.9225260416666666 0.9212239583333334 0.029947916666666668 0.032552083333333336
0 0.7727864583333334 0.837890625 0.029947916666666668 0.029947916666666668
0 0.7350260416666666 0.8860677083333334 0.024739583333333332 0.02734375
0 0.69140625 0.9602864583333334 0.08072916666666667 0.05859375
0 0.5885416666666666 0.9049479166666666 0.057291666666666664 0.052083333333333336
0 0.07161458333333333 0.5403645833333334 0.026041666666666668 0.026041666666666668
0 0.15234375 0.4498697916666667 0.018229166666666668 0.014322916666666666
0 0.9381510416666666 0.990234375 0.022135416666666668 0.01953125
0 0.3626302083333333 0.4231770833333333 0.016927083333333332 0.015625
0 0.466796875 0.6725260416666666 0.014322916666666666 0.014322916666666666
0 0.083984375 0.5208333333333334 0.02734375 0.0234375
0 0.111328125 0.4895833333333333 0.01171875 0.015625
0 0.09505208333333333 0.8170572916666666 0.015625 0.014322916666666666
0 0.020833333333333332 0.0078125 0.033854166666666664 0.013020833333333334
0 0.966796875 0.5188802083333334 0.014322916666666666 0.016927083333333332
0 0.020833333333333332 0.0078125 0.020833333333333332 0.014322916666666666
0 0.3352864583333333 0.4375 0.01171875 0.01171875
0 0.045572916666666664 0.48828125 0.010416666666666666 0.010416666666666666
0 0.11979166666666667 0.6940104166666666 0.018229166666666668 0.018229166666666668
0 0.3541666666666667 0.4759114583333333 0.009114583333333334 0.009114583333333334
0 0.09049479166666667 0.58203125 0.013020833333333334 0.013020833333333334
0 0.8020833333333334 0.4954427083333333 0.014322916666666666 0.014322916666666666
0 0.74609375 0.09049479166666667 0.01171875 0.013020833333333334
0 0.09114583333333333 0.640625 0.010416666666666666 0.010416666666666666
0 0.048177083333333336 0.4778645833333333 0.010416666666666666 0.010416666666666666
0 0.4557291666666667 0.10286458333333333 0.009114583333333334 0.009114583333333334
0 0.5227864583333334 0.3828125 0.01171875 0.01171875