0 0.4244791666666667 0.3678385416666667 0.0234375 0.022135416666666668
0 0.2877604166666667 0.353515625 0.0390625 0.037760416666666664
0 0.3671875 0.404296875 0.03125 0.024739583333333332
0 0.3333333333333333 0.427734375 0.026041666666666668 0.024739583333333332
0 0.6673177083333334 0.17057291666666666 0.045572916666666664 0.044270833333333336
0 0.6640625 0.224609375 0.052083333333333336 0.048177083333333336
0 0.4563802083333333 0.08723958333333333 0.02734375 0.0234375
0 0.59765625 0.18359375 0.3203125 0.265625
0 0.71484375 0.3821614583333333 0.1953125 0.17317708333333334
0 0.3079427083333333 0.24609375 0.016927083333333332 0.015625
0 0.6022135416666666 0.6080729166666666 0.032552083333333336 0.028645833333333332
0 0.88671875 0.5540364583333334 0.12760416666666666 0.11067708333333333
0 0.07161458333333333 0.6940104166666666 0.026041666666666668 0.026041666666666668
0 0.56640625 0.90234375 0.0390625 0.0390625
0 0.7265625 0.6666666666666666 0.3854166666666667 0.328125
0 0.8450520833333334 0.7415364583333334 0.020833333333333332 0.022135416666666668
0 0.8958333333333334 0.7825520833333334 0.018229166666666668 0.020833333333333332
0 0.8470052083333334 0.8001302083333334 0.014322916666666666 0.016927083333333332
0 0.4596354166666667 0.9296875 0.028645833333333332 0.0234375
0 0.671875 0.9694010416666666 0.026041666666666668 0.022135416666666668
0 0.3684895833333333 0.2669270833333333 0.057291666666666664 0.0546875
0 0.4576822916666667 0.4329427083333333 0.01953125 0.01953125
0 0.322265625 0.045572916666666664 0.05859375 0.049479166666666664
0 0.2766927083333333 0.005859375 0.01953125 0.009114583333333334
0 0.23111979166666666 0.083984375 0.014322916666666666 0.01171875
0 0.119140625 0.24479166666666666 0.016927083333333332 0.013020833333333334
0 0.35546875 0.2682291666666667 0.015625 0.013020833333333334
0 0.62890625 0.427734375 0.013020833333333334 0.014322916666666666
0 0.7356770833333334 0.2643229166666667 0.013020833333333334 0.010416666666666666
0 0.8548177083333334 0.154296875 0.014322916666666666 0.014322916666666666
0 0.7682291666666666 0.08658854166666667 0.013020833333333334 0.01171875
0 0.9869791666666666 0.5475260416666666 0.026041666666666668 0.040364583333333336
0 0.880859375 0.9140625 0.01953125 0.015625
0 0.8229166666666666 0.8658854166666666 0.018229166666666668 0.018229166666666668
0 0.6692708333333334 0.814453125 0.015625 0.014322916666666666
0 0.419921875 0.9264322916666666 0.016927083333333332 0.014322916666666666
0 0.556640625 0.8483072916666666 0.022135416666666668 0.01953125
0 0.9856770833333334 0.9420572916666666 0.028645833333333332 0.055989583333333336
0 0.7975260416666666 0.024739583333333332 0.01171875 0.013020833333333334
0 0.8033854166666666 0.004557291666666667 0.013020833333333334 0.006510416666666667