0 0.22135416666666666 0.330078125 0.015625 0.01953125
0 0.07161458333333333 0.6282552083333334 0.0390625 0.045572916666666664
0 0.12109375 0.6946614583333334 0.17708333333333334 0.19140625
0 0.267578125 0.798828125 0.16796875 0.19140625
0 0.30859375 0.9674479166666666 0.026041666666666668 0.026041666666666668
0 0.48828125 0.87890625 0.046875 0.052083333333333336
0 0.5983072916666666 0.9212239583333334 0.029947916666666668 0.03515625
0 0.375 0.6243489583333334 0.018229166666666668 0.022135416666666668
0 0.3092447916666667 0.5807291666666666 0.01953125 0.015625
0 0.21419270833333334 0.5065104166666666 0.05078125 0.057291666666666664
0 0.5390625 0.4140625 0.036458333333333336 0.044270833333333336
0 0.306640625 0.193359375 0.07682291666666667 0.08723958333333333
0 0.08138020833333333 0.29296875 0.01953125 0.020833333333333332
0 0.0625 0.2682291666666667 0.015625 0.015625
0 0.6634114583333334 0.6256510416666666 0.055989583333333336 0.053385416666666664
0 0.7962239583333334 0.716796875 0.032552083333333336 0.03515625
0 0.8645833333333334 0.5559895833333334 0.041666666666666664 0.046875
0 0.9055989583333334 0.2936197916666667 0.02734375 0.029947916666666668
0 0.9270833333333334 0.08463541666666667 0.018229166666666668 0.020833333333333332
0 0.6080729166666666 0.3268229166666667 0.0234375 0.028645833333333332
0 0.9108072916666666 0.85546875 0.032552083333333336 0.028645833333333332
0 0.9342447916666666 0.9212239583333334 0.022135416666666668 0.022135416666666668
0 0.9856770833333334 0.943359375 0.028645833333333332 0.032552083333333336
0 0.3665364583333333 0.12825520833333334 0.01953125 0.022135416666666668
0 0.40234375 0.041015625 0.09895833333333333 0.08203125
0 0.2877604166666667 0.030598958333333332 0.06510416666666667 0.061197916666666664
0 0.07942708333333333 0.9915364583333334 0.020833333333333332 0.014322916666666666
0 0.017578125 0.9720052083333334 0.032552083333333336 0.053385416666666664
0 0.734375 0.759765625 0.018229166666666668 0.01953125
0 0.7740885416666666 0.5266927083333334 0.05859375 0.06640625
0 0.8600260416666666 0.3365885416666667 0.07942708333333333 0.08984375
0 0.05859375 0.10286458333333333 0.018229166666666668 0.018229166666666668
0 0.9401041666666666 0.3404947916666667 0.0703125 0.08203125
0 0.9583333333333334 0.2766927083333333 0.0546875 0.05859375
0 0.40625 0.5611979166666666 0.018229166666666668 0.018229166666666668
0 0.5716145833333334 0.06966145833333333 0.018229166666666668 0.016927083333333332
0 0.8072916666666666 0.052734375 0.013020833333333334 0.016927083333333332
0 0.6419270833333334 0.7532552083333334 0.08854166666666667 0.10546875
0 0.4641927083333333 0.5481770833333334 0.05078125 0.049479166666666664
0 0.84765625 0.7584635416666666 0.0234375 0.01953125
0 0.9609375 0.6471354166666666 0.06770833333333333 0.078125
0 0.9856770833333334 0.7454427083333334 0.018229166666666668 0.01953125
0 0.9921875 0.5358072916666666 0.015625 0.040364583333333336
0 0.6419270833333334 0.5006510416666666 0.015625 0.014322916666666666
0 0.607421875 0.59375 0.01171875 0.013020833333333334
0 0.6243489583333334 0.455078125 0.014322916666666666 0.016927083333333332
0 0.6529947916666666 0.014322916666666666 0.05078125 0.028645833333333332
0 0.71484375 0.14518229166666666 0.018229166666666668 0.016927083333333332
0 0.7864583333333334 0.3326822916666667 0.013020833333333334 0.01171875
0 0.5338541666666666 0.4986979166666667 0.010416666666666666 0.010416666666666666
0 0.22200520833333334 0.603515625 0.014322916666666666 0.014322916666666666
0 0.2884114583333333 0.6341145833333334 0.01171875 0.013020833333333334