0 0.8411458333333334 0.5026041666666666 0.0546875 0.0546875
0 0.6002604166666666 0.4934895833333333 0.041666666666666664 0.033854166666666664
0 0.3151041666666667 0.3984375 0.07291666666666667 0.078125
0 0.2584635416666667 0.5345052083333334 0.055989583333333336 0.053385416666666664
0 0.22330729166666666 0.4733072916666667 0.032552083333333336 0.022135416666666668
0 0.302734375 0.7734375 0.12369791666666667 0.125
0 0.026692708333333332 0.357421875 0.029947916666666668 0.03515625
0 0.009765625 0.2565104166666667 0.01953125 0.03125
0 0.10221354166666667 0.8333333333333334 0.10807291666666667 0.13020833333333334
0 0.203125 0.9244791666666666 0.12760416666666666 0.13020833333333334
0 0.024088541666666668 0.12044270833333333 0.022135416666666668 0.01953125
0 0.013671875 0.64453125 0.02734375 0.03125