0 0.126953125 0.11002604166666667 0.05859375 0.06380208333333333
0 0.1953125 0.4375 0.0390625 0.028645833333333332
0 0.3821614583333333 0.19791666666666666 0.048177083333333336 0.046875
0 0.4108072916666667 0.15104166666666666 0.02734375 0.036458333333333336
0 0.6412760416666666 0.16080729166666666 0.01953125 0.016927083333333332
0 0.5143229166666666 0.6848958333333334 0.026041666666666668 0.0234375
0 0.583984375 0.6380208333333334 0.045572916666666664 0.0390625
0 0.7486979166666666 0.3365885416666667 0.026041666666666668 0.029947916666666668
0 0.65234375 0.5013020833333334 0.020833333333333332 0.020833333333333332
0 0.6770833333333334 0.595703125 0.026041666666666668 0.01953125
0 0.8658854166666666 0.6256510416666666 0.0390625 0.02734375
0 0.6979166666666666 0.8053385416666666 0.028645833333333332 0.029947916666666668
0 0.8053385416666666 0.9830729166666666 0.04296875 0.026041666666666668
0 0.6595052083333334 0.142578125 0.02734375 0.037760416666666664
0 0.14518229166666666 0.7233072916666666 0.02734375 0.02734375
0 0.6028645833333334 0.9088541666666666 0.018229166666666668 0.018229166666666668
0 0.826171875 0.8372395833333334 0.01953125 0.018229166666666668
0 0.3997395833333333 0.51953125 0.033854166666666664 0.041666666666666664
0 0.2916666666666667 0.4830729166666667 0.03125 0.028645833333333332
0 0.3203125 0.4876302083333333 0.015625 0.014322916666666666
0 0.2578125 0.23177083333333334 0.0078125 0.010416666666666666
0 0.23502604166666666 0.3040364583333333 0.01171875 0.009114583333333334
0 0.026041666666666668 0.3190104166666667 0.013020833333333334 0.013020833333333334
0 0.16276041666666666 0.057942708333333336 0.06510416666666667 0.053385416666666664
0 0.6881510416666666 0.91015625 0.016927083333333332 0.015625
0 0.681640625 0.55078125 0.014322916666666666 0.015625
0 0.541015625 0.8235677083333334 0.02734375 0.032552083333333336
0 0.4947916666666667 0.458984375 0.013020833333333334 0.01953125
0 0.6087239583333334 0.849609375 0.016927083333333332 0.01171875
0 0.49609375 0.904296875 0.0234375 0.014322916666666666
0 0.041666666666666664 0.17903645833333334 0.020833333333333332 0.016927083333333332
0 0.4557291666666667 0.52734375 0.013020833333333334 0.013020833333333334
0 0.470703125 0.498046875 0.014322916666666666 0.006510416666666667
0 0.10026041666666667 0.4622395833333333 0.013020833333333334 0.013020833333333334
0 0.18880208333333334 0.5592447916666666 0.013020833333333334 0.01171875
0 0.19270833333333334 0.7884114583333334 0.015625 0.01953125
0 0.92578125 0.4622395833333333 0.078125 0.06510416666666667
0 0.17252604166666666 0.185546875 0.01953125 0.01953125
0 0.037760416666666664 0.044921875 0.033854166666666664 0.02734375
0 0.359375 0.7102864583333334 0.015625 0.014322916666666666
0 0.3470052083333333 0.8151041666666666 0.014322916666666666 0.013020833333333334
0 0.2721354166666667 0.7330729166666666 0.013020833333333334 0.013020833333333334
0 0.7356770833333334 0.728515625 0.013020833333333334 0.014322916666666666
0 0.5338541666666666 0.46484375 0.013020833333333334 0.013020833333333334
0 0.4596354166666667 0.7252604166666666 0.013020833333333334 0.015625
0 0.5065104166666666 0.2630208333333333 0.013020833333333334 0.013020833333333334
0 0.5397135416666666 0.3704427083333333 0.014322916666666666 0.014322916666666666