0 0.8665364583333334 0.18684895833333334 0.048177083333333336 0.04296875
0 0.8326822916666666 0.18489583333333334 0.20963541666666666 0.18229166666666666
0 0.8235677083333334 0.07552083333333333 0.01953125 0.018229166666666668
0 0.97265625 0.024088541666666668 0.018229166666666668 0.016927083333333332
0 0.8723958333333334 0.025390625 0.018229166666666668 0.01953125
0 0.8977864583333334 0.3483072916666667 0.040364583333333336 0.045572916666666664
0 0.708984375 0.037109375 0.024739583333333332 0.022135416666666668
0 0.671875 0.0078125 0.0234375 0.013020833333333334
0 0.6321614583333334 0.2623697916666667 0.029947916666666668 0.02734375
0 0.5481770833333334 0.10677083333333333 0.0234375 0.026041666666666668
0 0.86328125 0.5013020833333334 0.03125 0.0390625
0 0.9407552083333334 0.7194010416666666 0.01953125 0.01953125
0 0.5611979166666666 0.4850260416666667 0.033854166666666664 0.032552083333333336
0 0.6575520833333334 0.5045572916666666 0.015625 0.01953125
0 0.41796875 0.5846354166666666 0.041666666666666664 0.044270833333333336
0 0.625 0.859375 0.09114583333333333 0.09114583333333333
0 0.4016927083333333 0.22265625 0.061197916666666664 0.0546875
0 0.21549479166666666 0.248046875 0.10026041666666667 0.11588541666666667
0 0.4557291666666667 0.4694010416666667 0.09114583333333333 0.09244791666666667
0 0.3802083333333333 0.3014322916666667 0.059895833333333336 0.06640625
0 0.3157552083333333 0.4739583333333333 0.22786458333333334 0.2682291666666667
0 0.3053385416666667 0.51171875 0.024739583333333332 0.03125
0 0.2604166666666667 0.7838541666666666 0.0390625 0.0390625
0 0.5703125 0.62890625 0.018229166666666668 0.018229166666666668
0 0.5501302083333334 0.7259114583333334 0.01953125 0.01953125
0 0.494140625 0.21809895833333334 0.053385416666666664 0.05859375
0 0.46875 0.3255208333333333 0.10416666666666667 0.10416666666666667
0 0.76953125 0.4915364583333333 0.08072916666666667 0.08463541666666667
0 0.759765625 0.80859375 0.016927083333333332 0.015625
0 0.8294270833333334 0.603515625 0.018229166666666668 0.016927083333333332
0 0.154296875 0.6569010416666666 0.022135416666666668 0.01953125
0 0.09375 0.8606770833333334 0.020833333333333332 0.0234375
0 0.15169270833333334 0.779296875 0.022135416666666668 0.022135416666666668
0 0.703125 0.974609375 0.026041666666666668 0.022135416666666668
0 0.470703125 0.830078125 0.01953125 0.01953125
0 0.3203125 0.4537760416666667 0.020833333333333332 0.01953125
0 0.13997395833333334 0.322265625 0.01953125 0.01953125
0 0.042317708333333336 0.125 0.01953125 0.015625
0 0.02734375 0.16341145833333334 0.015625 0.014322916666666666
0 0.5833333333333334 0.4544270833333333 0.018229166666666668 0.018229166666666668
0 0.5494791666666666 0.166015625 0.1171875 0.11067708333333333
0 0.19791666666666666 0.59375 0.0703125 0.0546875
0 0.603515625 0.9830729166666666 0.016927083333333332 0.013020833333333334
0 0.390625 0.537109375 0.013020833333333334 0.01953125
0 0.17903645833333334 0.51953125 0.01953125 0.015625
0 0.016276041666666668 0.64453125 0.032552083333333336 0.052083333333333336
0 0.9817708333333334 0.796875 0.033854166666666664 0.07552083333333333