0 0.16040364583333333 0.10052083333333334 0.02165364583333333 0.01976562500000001
0 0.5537109375 0.34375 0.04201822916666664 0.03662760416666666
0 0.45873697916666667 0.8481510416666667 0.02333333333333328 0.021328125000000142
0 0.16430989583333333 0.7114322916666667 0.050416666666666686 0.04369791666666659
0 0.6372135416666667 0.9560546875 0.011419270833333309 0.01151041666666656
0 0.09106770833333333 0.39673177083333333 0.009895833333333326 0.00927083333333334
0 0.5629947916666667 0.49096354166666667 0.01182291666666672 0.010820312499999929
0 0.6792057291666667 0.43236979166666667 0.016406249999999883 0.014557291666666602
0 0.9794921875 0.7827213541666667 0.03252604166666669 0.030039062499999918
0 0.6474609375 0.97265625 0.010325520833333268 0.01005208333333337
0 0.8374088541666667 0.9692447916666667 0.014622395833333357 0.01524739583333338
0 0.29272135416666667 0.279296875 0.0345442708333333 0.030794270833333304
0 0.13513020833333333 0.7802734375 0.015833333333333328 0.014622395833333357
0 0.6669921875 0.6733463541666667 0.016276041666666668 0.014947916666666691
0 0.5786197916666667 0.5703125 0.01718750000000006 0.015546875000000071
0 0.13744791666666667 0.0678125 0.016718750000000004 0.015299479166666666
0 0.09484375 0.5859375 0.014557291666666675 0.013020833333333334
0 0.59765625 0.8530338541666667 0.016927083333333332 0.015963541666666654
0 0.011250000000000001 0.28858072916666666 0.0158984375 0.014231770833333343
0 0.221796875 0.8852604166666667 0.014010416666666655 0.013333333333333345
0 0.013216145833333333 0.576171875 0.013164062499999999 0.01191406249999997
0 0.26880208333333333 0.6416015625 0.01098958333333333 0.010651041666666602
0 0.6596744791666667 0.24890625 0.017851562500000046 0.015598958333333357
0 0.5620182291666667 0.39330729166666667 0.011380208333333345 0.010859375000000041
0 0.68359375 0.2998046875 0.04458333333333334 0.038242187500000004
0 0.9345703125 0.5322265625 0.04648437500000006 0.04178385416666671
0 0.5859375 0.890625 0.011067708333333334 0.010898437499999858
0 0.736328125 0.45434895833333333 0.016927083333333332 0.014179687499999982
0 0.49731770833333333 0.44653645833333333 0.020065104166666625 0.01847656250000007
0 0.6186588541666667 0.03860677083333333 0.03985677083333335 0.04067708333333333
0 0.6826171875 0.027434895833333334 0.020169270833333346 0.0171875
0 0.16772135416666667 0.49779947916666667 0.011914062499999989 0.010651041666666602
0 0.9453125 0.7309635416666667 0.014010416666666655 0.013281250000000059
0 0.10321614583333333 0.5053776041666667 0.018437499999999996 0.016666666666666607
0 0.5981510416666667 0.7412109375 0.1740755208333334 0.1396484375
0 0.47338541666666667 0.6469791666666667 0.08977864583333339 0.080078125
0 0.44580729166666666 0.9428776041666667 0.015013020833333298 0.01455729166666675
0 0.8046875 0.45483072916666667 0.022981770833333453 0.019557291666666643
0 0.26001302083333333 0.6645572916666667 0.013020833333333334 0.012421874999999952
0 0.7348697916666667 0.69140625 0.016666666666666607 0.014453124999999881
0 0.6528385416666667 0.6396484375 0.0204166666666666 0.019947916666666732
0 0.10576822916666667 0.6337890625 0.013372395833333347 0.01200520833333337
0 0.6762760416666667 0.13024739583333333 0.01455729166666675 0.01296875000000001
0 0.14807291666666667 0.35376302083333333 0.011731770833333321 0.010859375000000041
0 0.32006510416666667 0.29907552083333333 0.012968749999999973 0.012239583333333304
0 0.48755208333333333 0.7338932291666667 0.017916666666666654 0.01854166666666668
0 0.9682682291666667 0.25147135416666666 0.06279947916666669 0.19165364583333336
0 0.71484375 0.20678385416666667 0.1052213541666666 0.09075520833333332
0 0.4736328125 0.7197265625 0.02500000000000006 0.026549479166666796
0 0.72265625 0.6323307291666667 0.07158854166666669 0.06084635416666669
0 0.31006510416666666 0.04950520833333335 0.11010416666666663 0.09740885416666667
0 0.7036197916666667 0.822265625 0.14441406250000002 0.12127604166666679
0 0.9826302083333333 0.5307682291666667 0.03472656250000009 0.0364973958333333
0 0.41381510416666667 0.6694401041666667 0.015195312499999947 0.014062499999999941
0 0.5913151041666667 0.8154296875 0.03085937500000006 0.02733072916666668
0 0.6494140625 0.14111979166666666 0.01182291666666672 0.010572916666666673
0 0.008281249999999999 0.521484375 0.011119791666666665 0.010533854166666709
0 0.207890625 0.3095703125 0.009674479166666675 0.008854166666666682
0 0.42065104166666667 0.2744140625 0.010169270833333263 0.009414062500000023
0 0.24634114583333333 0.45776041666666667 0.00927083333333334 0.008736979166666714
0 0.1502734375 0.28540364583333333 0.01001302083333333 0.009674479166666675
0 0.29736979166666666 0.20947916666666666 0.013789062499999968 0.013072916666666693
0 0.8388671875 0.30005208333333333 0.012968750000000048 0.011692708333333357
0 0.048125 0.82421875 0.009231770833333338 0.00888020833333325
0 0.8266666666666667 0.7387760416666667 0.009635416666666785 0.009375000000000059
0 0.040989583333333336 0.7710026041666667 0.005234375000000004 0.0053906250000001306
0 0.21143229166666666 0.47290364583333333 0.009414062500000023 0.008580729166666709
0 0.6328125 0.21899739583333333 0.010169270833333263 0.00898437499999997
0 0.376953125 0.32080729166666666 0.010325520833333268 0.009023437500000009
0 0.211796875 0.5366276041666667 0.005481770833333306 0.005585937499999953
0 0.2108203125 0.5 0.005677083333333351 0.005455729166666738
0 0.8310546875 0.8335026041666667 0.010572916666666524 0.009518229166666595
0 0.01916666666666667 0.8286197916666667 0.008854166666666668 0.008450520833333345
0 0.8667057291666667 0.7978515625 0.005585937499999953 0.005481770833333381
0 0.22290364583333333 0.28174479166666666 0.005755208333333354 0.005325520833333301
0 0.6650390625 0.47265625 0.010859374999999968 0.009817708333333286
0 0.9174869791666667 0.1225 0.010820312499999929 0.00951822916666667
0 0.6298828125 0.2607421875 0.009296874999999982 0.008880208333333325
0 0.26733072916666667 0.5014713541666667 0.009062499999999973 0.008281250000000018
0 0.13317708333333333 0.44604166666666667 0.005065104166666649 0.004505208333333381
0 0.41381510416666667 0.34057291666666667 0.005013020833333363 0.005364583333333339
0 0.6567447916666667 0.41576822916666667 0.010208333333333375 0.009296874999999982
0 0.7524479166666667 0.9467838541666667 0.009088541666666691 0.00888020833333325
0 0.8940494791666667 0.17834635416666667 0.009713541666666714 0.008515625000000027
0 0.07421875 0.52734375 0.005651041666666671 0.004856770833333357
0 0.33764322916666667 0.984375 0.009088541666666691 0.010247395833333192
0 0.890625 0.2049609375 0.056640625 0.05184895833333333
0 0.15381510416666666 0.6743229166666667 0.012187500000000018 0.011380208333333345
0 0.9580078125 0.6977604166666667 0.016223958333333382 0.014283854166666702
0 0.84765625 0.9306640625 0.008984375000000119 0.008919270833333215
0 0.80859375 0.8129947916666667 0.01053385416666656 0.012578125000000107
0 0.46899739583333333 0.1505078125 0.010013020833333405 0.009713541666666678
0 0.462890625 0.1513671875 0.008854166666666607 0.008619791666666673
0 0.7544010416666667 0.736328125 0.008854166666666607 0.008671875000000107
0 0.15515625 0.44408854166666667 0.004088541666666649 0.004309895833333262
0 0.48877604166666666 0.26049479166666667 0.008815104166666643 0.008450520833333345
0 0.5395572916666667 0.8090885416666667 0.012057291666666655 0.011692708333333357
0 0.05489583333333333 0.2421875 0.004453125000000002 0.0045703124999999884
0 0.33447916666666666 0.8173828125 0.005286458333333299 0.0051953125000000116
0 0.28125 0.3623046875 0.004140625000000009 0.004114583333333292
0 0.9018619791666667 0.748046875 0.009023437500000083 0.008736979166666714
0 0.06524739583333333 0.9977473958333333 0.009296875000000001 0.0044921875000000595
0 0.9819401041666667 0.6298828125 0.010247395833333192 0.009557291666666709
0 0.0062890625 0.8266666666666667 0.004895833333333333 0.004687499999999882
0 0.022838541666666667 0.2138671875 0.009596354166666666 0.00898437499999997
0 0.1206640625 0.8266666666666667 0.004062500000000006 0.004531250000000024
0 0.211796875 0.7470703125 0.004427083333333304 0.004739583333333464
0 0.5026041666666666 0.9967447916666666 0.010416666666666666 0.006510416666666667
0 0.9057682291666667 0.39233072916666667 0.13916666666666652 0.1605208333333333
0 0.021653645833333332 0.1973828125 0.01666666666666667 0.010898437500000005
0 0.41186197916666667 0.916015625 0.004661458333333386 0.005143229166666726
0 0.41430989583333333 0.8818359375 0.005677083333333351 0.005481770833333381
0 0.8559635416666667 0.06408854166666667 0.010091145833333334 0.010455729166666669
0 0.089296875 0.87109375 0.004062500000000006 0.004309895833333262
0 0.701171875 0.8901432291666667 0.009127604166666655 0.009518229166666595
0 0.9096744791666667 0.919921875 0.004856770833333357 0.004856770833333357
0 0.5542057291666667 0.13598958333333333 0.004531250000000024 0.004596354166666668
0 0.5932682291666667 0.6640625 0.009635416666666638 0.009817708333333286
0 0.27197916666666666 0.9887760416666667 0.01045572916666663 0.011419270833333309
0 0.15661458333333333 0.36303385416666667 0.038606770833333325 0.03738281250000005
0 0.37451822916666666 0.8891666666666667 0.0037499999999999942 0.004231770833333333
0 0.6821354166666667 0.04287760416666667 0.16882812500000002 0.0849609375
0 0.26342447916666667 0.65625 0.0318619791666667 0.04046874999999998
0 0.6064453125 0.46166666666666667 0.06042968749999996 0.052825520833333396
0 0.31592447916666666 0.04369791666666667 0.013841145833333327 0.015963541666666668
0 0.28393229166666667 0.0411328125 0.023697916666666652 0.021367187500000006