0 0.17057291666666666 0.2819010416666667 0.020833333333333332 0.022135416666666668
0 0.27734375 0.9798177083333334 0.036458333333333336 0.037760416666666664
0 0.4420572916666667 0.78515625 0.08203125 0.09114583333333333
0 0.462890625 0.6940104166666666 0.01953125 0.026041666666666668
0 0.4166666666666667 0.5325520833333334 0.0703125 0.07552083333333333
0 0.646484375 0.7174479166666666 0.02734375 0.03125
0 0.623046875 0.8268229166666666 0.02734375 0.03125
0 0.6354166666666666 0.9505208333333334 0.06510416666666667 0.059895833333333336
0 0.7760416666666666 0.849609375 0.026041666666666668 0.024739583333333332
0 0.8125 0.9296875 0.018229166666666668 0.020833333333333332
0 0.8157552083333334 0.3313802083333333 0.014322916666666666 0.016927083333333332
0 0.8046875 0.13541666666666666 0.020833333333333332 0.020833333333333332
0 0.7578125 0.16471354166666666 0.3255208333333333 0.3268229166666667
0 0.447265625 0.2955729166666667 0.032552083333333336 0.033854166666666664
0 0.4798177083333333 0.3040364583333333 0.17317708333333334 0.18880208333333334
0 0.24544270833333334 0.115234375 0.022135416666666668 0.024739583333333332
0 0.205078125 0.7936197916666666 0.016927083333333332 0.022135416666666668
0 0.03515625 0.6829427083333334 0.018229166666666668 0.01953125
0 0.109375 0.736328125 0.015625 0.014322916666666666
0 0.12174479166666667 0.7272135416666666 0.014322916666666666 0.016927083333333332
0 0.130859375 0.4759114583333333 0.09765625 0.12369791666666667
0 0.068359375 0.5638020833333334 0.11328125 0.15625
0 0.3248697916666667 0.150390625 0.11328125 0.11067708333333333
0 0.3287760416666667 0.7766927083333334 0.014322916666666666 0.01953125
0 0.5494791666666666 0.9283854166666666 0.15885416666666666 0.1171875
0 0.9661458333333334 0.8098958333333334 0.018229166666666668 0.018229166666666668
0 0.6419270833333334 0.09114583333333333 0.020833333333333332 0.020833333333333332
0 0.396484375 0.10611979166666667 0.016927083333333332 0.01953125
0 0.5989583333333334 0.732421875 0.020833333333333332 0.02734375
0 0.59375 0.76171875 0.08072916666666667 0.10416666666666667
0 0.330078125 0.012369791666666666 0.014322916666666666 0.016927083333333332
0 0.185546875 0.4420572916666667 0.016927083333333332 0.022135416666666668
0 0.19010416666666666 0.5690104166666666 0.015625 0.015625
0 0.22265625 0.779296875 0.013020833333333334 0.014322916666666666
0 0.291015625 0.7662760416666666 0.014322916666666666 0.014322916666666666
0 0.28515625 0.9440104166666666 0.015625 0.018229166666666668
0 0.4375 0.619140625 0.013020833333333334 0.014322916666666666
0 0.529296875 0.5852864583333334 0.014322916666666666 0.014322916666666666
0 0.4036458333333333 0.4010416666666667 0.013020833333333334 0.015625
0 0.8072916666666666 0.3151041666666667 0.013020833333333334 0.015625
0 0.85546875 0.16861979166666666 0.044270833333333336 0.055989583333333336
0 0.6028645833333334 0.2662760416666667 0.013020833333333334 0.016927083333333332
0 0.2845052083333333 0.09440104166666667 0.014322916666666666 0.014322916666666666
0 0.06901041666666667 0.4388020833333333 0.010416666666666666 0.015625
0 0.04296875 0.8723958333333334 0.010416666666666666 0.010416666666666666
0 0.06315104166666667 0.05859375 0.014322916666666666 0.010416666666666666
0 0.345703125 0.011067708333333334 0.01171875 0.014322916666666666
0 0.3255208333333333 0.03515625 0.010416666666666666 0.013020833333333334
0 0.5651041666666666 0.01953125 0.013020833333333334 0.013020833333333334
0 0.603515625 0.17643229166666666 0.01171875 0.014322916666666666
0 0.810546875 0.517578125 0.01171875 0.014322916666666666
0 0.7747395833333334 0.4485677083333333 0.010416666666666666 0.01171875
0 0.9889322916666666 0.2897135416666667 0.01171875 0.014322916666666666
0 0.8248697916666666 0.5813802083333334 0.01171875 0.014322916666666666
0 0.8196614583333334 0.9778645833333334 0.01171875 0.013020833333333334