0 0.4720052083333333 0.3834635416666667 0.048177083333333336 0.053385416666666664
0 0.13736979166666666 0.4661458333333333 0.016927083333333332 0.013020833333333334
0 0.045572916666666664 0.4869791666666667 0.018229166666666668 0.015625
0 0.09830729166666667 0.4361979166666667 0.19401041666666666 0.21875
0 0.2799479166666667 0.3828125 0.0234375 0.0234375
0 0.310546875 0.30078125 0.014322916666666666 0.013020833333333334
0 0.4375 0.4557291666666667 0.0390625 0.0390625
0 0.4811197916666667 0.7779947916666666 0.016927083333333332 0.01953125
0 0.7643229166666666 0.78515625 0.0234375 0.018229166666666668
0 0.3111979166666667 0.7063802083333334 0.018229166666666668 0.016927083333333332
0 0.14908854166666666 0.7291666666666666 0.01953125 0.018229166666666668
0 0.4244791666666667 0.6575520833333334 0.018229166666666668 0.013020833333333334
0 0.1796875 0.8958333333333334 0.028645833333333332 0.028645833333333332
0 0.20638020833333334 0.7890625 0.01171875 0.010416666666666666
0 0.21223958333333334 0.8834635416666666 0.015625 0.014322916666666666
0 0.5286458333333334 0.8639322916666666 0.018229166666666668 0.016927083333333332
0 0.2779947916666667 0.962890625 0.09505208333333333 0.05859375
0 0.6041666666666666 0.9791666666666666 0.015625 0.015625
0 0.6022135416666666 0.9680989583333334 0.15494791666666666 0.06380208333333333
0 0.22330729166666666 0.030598958333333332 0.01953125 0.01953125
0 0.2649739583333333 0.10872395833333333 0.014322916666666666 0.014322916666666666
0 0.16471354166666666 0.072265625 0.029947916666666668 0.02734375
0 0.03125 0.13020833333333334 0.020833333333333332 0.018229166666666668
0 0.4596354166666667 0.044921875 0.018229166666666668 0.01953125
0 0.6158854166666666 0.056640625 0.052083333333333336 0.05078125
0 0.751953125 0.3372395833333333 0.024739583333333332 0.026041666666666668
0 0.9010416666666666 0.423828125 0.0625 0.053385416666666664
0 0.8053385416666666 0.20703125 0.3893229166666667 0.4114583333333333
0 0.8424479166666666 0.435546875 0.0234375 0.024739583333333332
0 0.931640625 0.5475260416666666 0.06380208333333333 0.06640625
0 0.9641927083333334 0.787109375 0.016927083333333332 0.016927083333333332
0 0.1015625 0.7884114583333334 0.013020833333333334 0.01171875
0 0.006510416666666667 0.177734375 0.010416666666666666 0.014322916666666666
0 0.16861979166666666 0.14518229166666666 0.014322916666666666 0.01171875
0 0.24479166666666666 0.3138020833333333 0.013020833333333334 0.010416666666666666
0 0.18489583333333334 0.267578125 0.010416666666666666 0.01171875
0 0.107421875 0.4290364583333333 0.01171875 0.01171875
0 0.2701822916666667 0.634765625 0.048177083333333336 0.04296875
0 0.072265625 0.91015625 0.014322916666666666 0.013020833333333334
0 0.3756510416666667 0.8131510416666666 0.01171875 0.01171875
0 0.373046875 0.884765625 0.01171875 0.01171875
0 0.3645833333333333 0.78515625 0.010416666666666666 0.010416666666666666
0 0.5651041666666666 0.7662760416666666 0.013020833333333334 0.01171875
0 0.5045572916666666 0.8216145833333334 0.01171875 0.013020833333333334
0 0.5279947916666666 0.74609375 0.009114583333333334 0.010416666666666666
0 0.6158854166666666 0.736328125 0.013020833333333334 0.01171875
0 0.591796875 0.712890625 0.009114583333333334 0.009114583333333334
0 0.498046875 0.8352864583333334 0.22526041666666666 0.18619791666666666
0 0.73046875 0.9915364583333334 0.013020833333333334 0.014322916666666666
0 0.775390625 0.9856770833333334 0.014322916666666666 0.013020833333333334
0 0.990234375 0.865234375 0.016927083333333332 0.01953125
0 0.7330729166666666 0.5358072916666666 0.013020833333333334 0.01171875
0 0.7962239583333334 0.07356770833333333 0.01171875 0.014322916666666666
0 0.5989583333333334 0.31640625 0.013020833333333334 0.013020833333333334
0 0.6302083333333334 0.2734375 0.018229166666666668 0.015625
0 0.365234375 0.2760416666666667 0.01171875 0.013020833333333334
0 0.552734375 0.16080729166666666 0.01171875 0.009114583333333334
0 0.4322916666666667 0.19791666666666666 0.013020833333333334 0.010416666666666666