0 0.6419270833333334 0.259765625 0.0234375 0.024739583333333332
0 0.8138020833333334 0.5286458333333334 0.018229166666666668 0.018229166666666668
0 0.8411458333333334 0.9479166666666666 0.0390625 0.041666666666666664
0 0.8756510416666666 0.337890625 0.01171875 0.01171875
0 0.3040364583333333 0.3157552083333333 0.022135416666666668 0.01953125
0 0.2962239583333333 0.291015625 0.022135416666666668 0.01953125
0 0.09375 0.232421875 0.0234375 0.024739583333333332
0 0.043619791666666664 0.228515625 0.022135416666666668 0.016927083333333332
0 0.14583333333333334 0.9381510416666666 0.033854166666666664 0.037760416666666664
0 0.09114583333333333 0.9329427083333334 0.028645833333333332 0.02734375
0 0.09700520833333333 0.8157552083333334 0.016927083333333332 0.016927083333333332
0 0.8151041666666666 0.8463541666666666 0.013020833333333334 0.010416666666666666
0 0.23763020833333334 0.7135416666666666 0.014322916666666666 0.013020833333333334
0 0.634765625 0.13671875 0.009114583333333334 0.010416666666666666
0 0.462890625 0.8795572916666666 0.01171875 0.009114583333333334
0 0.265625 0.9108072916666666 0.010416666666666666 0.01171875
0 0.708984375 0.19205729166666666 0.01171875 0.01171875
0 0.24348958333333334 0.24609375 0.013020833333333334 0.013020833333333334
0 0.4440104166666667 0.5904947916666666 0.020833333333333332 0.020833333333333332
0 0.052734375 0.08919270833333333 0.014322916666666666 0.014322916666666666
0 0.7037760416666666 0.8059895833333334 0.013020833333333334 0.013020833333333334
0 0.06510416666666667 0.8606770833333334 0.010416666666666666 0.010416666666666666
0 0.60546875 0.7955729166666666 0.013020833333333334 0.013020833333333334
0 0.736328125 0.09765625 0.014322916666666666 0.014322916666666666
0 0.9869791666666666 0.3509114583333333 0.014322916666666666 0.015625
0 0.947265625 0.65234375 0.016927083333333332 0.016927083333333332
0 0.9798177083333334 0.4850260416666667 0.014322916666666666 0.014322916666666666
0 0.8411458333333334 0.7708333333333334 0.013020833333333334 0.013020833333333334
0 0.185546875 0.9036458333333334 0.01171875 0.010416666666666666
0 0.7376302083333334 0.44140625 0.015625 0.015625
0 0.5729166666666666 0.4388020833333333 0.013020833333333334 0.013020833333333334
0 0.4791666666666667 0.634765625 0.01171875 0.01171875
0 0.6471354166666666 0.09375 0.013020833333333334 0.013020833333333334
0 0.2578125 0.478515625 0.01171875 0.01171875
0 0.5572916666666666 0.6627604166666666 0.010416666666666666 0.010416666666666666
0 0.8977864583333334 0.2643229166666667 0.01171875 0.01171875
0 0.5859375 0.7708333333333334 0.010416666666666666 0.010416666666666666
0 0.2981770833333333 0.9622395833333334 0.01171875 0.010416666666666666
0 0.3138020833333333 0.5234375 0.01171875 0.01171875
0 0.455078125 0.7903645833333334 0.010416666666666666 0.009114583333333334
0 0.8125 0.3190104166666667 0.01171875 0.01171875
0 0.5110677083333334 0.6178385416666666 0.010416666666666666 0.010416666666666666
0 0.66015625 0.630859375 0.010416666666666666 0.010416666666666666
0 0.16927083333333334 0.6692708333333334 0.010416666666666666 0.010416666666666666
0 0.4361979166666667 0.3743489583333333 0.010416666666666666 0.010416666666666666
0 0.24739583333333334 0.96875 0.010416666666666666 0.010416666666666666
0 0.37890625 0.6341145833333334 0.010416666666666666 0.010416666666666666
0 0.37890625 0.36328125 0.010416666666666666 0.010416666666666666
0 0.7682291666666666 0.3684895833333333 0.010416666666666666 0.010416666666666666
0 0.4505208333333333 0.9537760416666666 0.010416666666666666 0.010416666666666666
0 0.5963541666666666 0.5911458333333334 0.010416666666666666 0.010416666666666666
0 0.19205729166666666 0.6145833333333334 0.010416666666666666 0.010416666666666666
0 0.3450520833333333 0.5970052083333334 0.010416666666666666 0.010416666666666666