0 0.271484375 0.2805989583333333 0.022135416666666668 0.01953125
0 0.75 0.15299479166666666 0.0234375 0.022135416666666668
0 0.6549479166666666 0.15690104166666666 0.020833333333333332 0.01953125
0 0.8177083333333334 0.2584635416666667 0.03125 0.02734375
0 0.8307291666666666 0.35546875 0.033854166666666664 0.026041666666666668
0 0.8053385416666666 0.5677083333333334 0.022135416666666668 0.020833333333333332
0 0.888671875 0.7825520833333334 0.032552083333333336 0.03125
0 0.587890625 0.2532552083333333 0.016927083333333332 0.016927083333333332
0 0.6100260416666666 0.13151041666666666 0.016927083333333332 0.015625
0 0.458984375 0.026041666666666668 0.12890625 0.049479166666666664
0 0.05859375 0.03125 0.10677083333333333 0.057291666666666664
0 0.54296875 0.185546875 0.017643229166666607 0.016979166666666694
0 0.013333333333333334 0.14587239583333333 0.013216145833333337 0.013372395833333347
0 0.9233463541666667 0.16174479166666667 0.01248697916666656 0.012096354166666675
0 0.8774479166666667 0.11298177083333333 0.012864583333333476 0.012187499999999981
0 0.6538151041666667 0.0687890625 0.015833333333333293 0.01609375
0 0.36986979166666667 0.7387760416666667 0.01513020833333334 0.015963541666666654
0 0.677734375 0.08770833333333333 0.020885416666666618 0.020690104166666678
0 0.7915104166666667 0.28442708333333333 0.015481770833333464 0.014726562500000004
0 0.6845703125 0.6684635416666667 0.01524739583333338 0.014453124999999956
0 0.7944401041666667 0.875 0.05707031249999991 0.05498697916666669
0 0.9812369791666667 0.6284244791666667 0.037526041666666586 0.05420572916666666
0 0.5817708333333333 0.19303385416666666 0.012356770833333345 0.013593749999999996