0 0.3198697916666666 0.7057552083333333 0.04037760416666666 0.041328125000000014
0 0.009114583333333334 0.873046875 0.018229166666666668 0.02734375
0 0.2770833333333333 0.7526822916666666 0.036940104166666675 0.03811197916666664
0 0.9817708333333334 0.7864583333333334 0.036458333333333336 0.0390625
0 0.24878906250000007 0.17365885416666668 0.030000000000000027 0.03046874999999999
0 0.34333333333333327 0.48628906250000004 0.037226562500000004 0.035976562499999996
0 0.22325520833333337 0.8893359375 0.038541666666666696 0.03541666666666673
0 0.4689453125000001 0.0697916666666667 0.03446614583333337 0.03638020833333333
0 0.19565104166666666 0.6443359375000001 0.041953125000000036 0.04294270833333336
0 0.15424479166666671 0.2530208333333333 0.03329427083333333 0.03446614583333337
0 0.9347916666666668 0.13915364583333334 0.0338151041666667 0.034596354166666655
0 0.4264322916666667 0.016276041666666668 0.03515625 0.032552083333333336
0 0.15838541666666664 0.3758723958333334 0.037812500000000006 0.04179687500000003
0 0.0396744791666667 0.4918098958333334 0.03216145833333334 0.029544270833333403
0 0.24809895833333329 0.26544270833333333 0.032786458333333345 0.03240885416666665
0 0.38406250000000003 0.28131510416666666 0.038255208333333325 0.0356901041666667
0 0.5662500000000001 0.7878776041666667 0.034999999999999996 0.03446614583333337
0 0.15079427083333327 0.9824999999999999 0.02424479166666667 0.025494791666666572
0 0.13766927083333336 0.5608333333333334 0.039440104166666656 0.038541666666666696
0 0.955078125 0.9934895833333334 0.037760416666666664 0.013020833333333334
0 0.6642578125000002 0.9176302083333333 0.05404947916666666 0.052239583333333194
0 0.6435546875 0.06253906249999996 0.036536458333333265 0.04511718750000001
0 0.7939973958333333 0.36654947916666664 0.049856770833333286 0.05231770833333327
0 0.545546875 0.5366666666666666 0.04968749999999996 0.050247395833333375
0 0.35575520833333335 0.10843749999999996 0.05184895833333336 0.05779947916666666
0 0.07624999999999993 0.80859375 0.029869791666666663 0.029999999999999954
0 0.4413411458333334 0.8762239583333334 0.061119791666666735 0.06180989583333337
0 0.4102864583333334 0.43798177083333334 0.05201822916666673 0.05210937499999998
0 0.5841927083333335 0.6291536458333334 0.03216145833333339 0.03240885416666665
0 0.4213281249999999 0.37069010416666665 0.05283854166666672 0.05425781249999995
0 0.7779947916666666 0.03125 0.06640625 0.0625
0 0.2584635416666667 0.013020833333333334 0.04296875 0.026041666666666668
0 0.7719140624999999 0.6802213541666666 0.13889322916666677 0.1331119791666667
0 0.7070442708333333 0.7409505208333332 0.04968750000000011 0.04929687499999987
0 0.5207031250000002 0.8258463541666666 0.07682291666666667 0.09601562500000001
0 0.018880208333333332 0.6412760416666666 0.037760416666666664 0.17578125