0 0.078125 0.16276041666666666 0.026041666666666668 0.015625
0 0.3522135416666667 0.020182291666666668 0.014322916666666666 0.016927083333333332
0 0.8072916666666666 0.19921875 0.015625 0.018229166666666668
0 0.8313802083333334 0.6087239583333334 0.016927083333333332 0.014322916666666666
0 0.6575520833333334 0.8951822916666666 0.013020833333333334 0.016927083333333332
0 0.6321614583333334 0.9134114583333334 0.014322916666666666 0.014322916666666666
0 0.4108072916666667 0.8756510416666666 0.01171875 0.016927083333333332
0 0.46484375 0.6015625 0.013020833333333334 0.013020833333333334
0 0.3919270833333333 0.64453125 0.015625 0.015625
0 0.58203125 0.7141927083333334 0.015625 0.016927083333333332
0 0.078125 0.5872395833333334 0.013020833333333334 0.013020833333333334
0 0.9583333333333334 0.57421875 0.010416666666666666 0.013020833333333334