0 0.5494791666666666 0.4759114583333333 0.0703125 0.05859375
0 0.6666666666666666 0.4889322916666667 0.0390625 0.032552083333333336
0 0.751953125 0.4108072916666667 0.032552083333333336 0.032552083333333336
0 0.11783854166666667 0.625 0.037760416666666664 0.03125
0 0.150390625 0.4368489583333333 0.024739583333333332 0.01953125
0 0.047526041666666664 0.41796875 0.024739583333333332 0.020833333333333332
0 0.634765625 0.5319010416666666 0.01953125 0.014322916666666666
0 0.6145833333333334 0.6575520833333334 0.057291666666666664 0.057291666666666664
0 0.2265625 0.3235677083333333 0.020833333333333332 0.01953125
0 0.13997395833333334 0.07552083333333333 0.01953125 0.026041666666666668
0 0.9244791666666666 0.08723958333333333 0.09114583333333333 0.08072916666666667
0 0.369140625 0.8040364583333334 0.022135416666666668 0.029947916666666668
0 0.931640625 0.7330729166666666 0.07682291666666667 0.06510416666666667
0 0.3287760416666667 0.251953125 0.01953125 0.024739583333333332
0 0.267578125 0.28125 0.014322916666666666 0.013020833333333334
0 0.2766927083333333 0.3235677083333333 0.01953125 0.014322916666666666
0 0.068359375 0.3854166666666667 0.01953125 0.018229166666666668
0 0.4947916666666667 0.5266927083333334 0.052083333333333336 0.048177083333333336
0 0.701171875 0.3444010416666667 0.022135416666666668 0.016927083333333332
0 0.7102864583333334 0.224609375 0.014322916666666666 0.022135416666666668
0 0.7916666666666666 0.2805989583333333 0.018229166666666668 0.01953125
0 0.544921875 0.018880208333333332 0.022135416666666668 0.022135416666666668
0 0.365234375 0.5208333333333334 0.014322916666666666 0.015625
0 0.3958333333333333 0.10221354166666667 0.020833333333333332 0.01953125
0 0.779296875 0.201171875 0.022135416666666668 0.022135416666666668
0 0.6608072916666666 0.10481770833333333 0.01953125 0.01953125
0 0.5065104166666666 0.06705729166666667 0.018229166666666668 0.01953125
0 0.6516927083333334 0.18815104166666666 0.014322916666666666 0.016927083333333332
0 0.8984375 0.818359375 0.013020833333333334 0.014322916666666666
0 0.7766927083333334 0.32421875 0.016927083333333332 0.015625
0 0.02734375 0.23828125 0.018229166666666668 0.020833333333333332
0 0.103515625 0.7350260416666666 0.014322916666666666 0.016927083333333332
0 0.6673177083333334 0.296875 0.016927083333333332 0.013020833333333334
0 0.3040364583333333 0.15885416666666666 0.016927083333333332 0.013020833333333334
0 0.6829427083333334 0.012369791666666666 0.055989583333333336 0.01953125