0 0.2662760416666667 0.2513020833333333 0.022135416666666668 0.026041666666666668
0 0.21875 0.8079427083333334 0.026041666666666668 0.032552083333333336
0 0.287109375 0.9440104166666666 0.032552083333333336 0.03125
0 0.3912760416666667 0.74609375 0.032552083333333336 0.0390625
0 0.4173177083333333 0.703125 0.01953125 0.018229166666666668
0 0.24544270833333334 0.5013020833333334 0.01953125 0.03125
0 0.2552083333333333 0.5696614583333334 0.2552083333333333 0.3111979166666667
0 0.3515625 0.5240885416666666 0.036458333333333336 0.037760416666666664
0 0.3997395833333333 0.51171875 0.07552083333333333 0.078125
0 0.51171875 0.6829427083333334 0.0390625 0.03515625
0 0.6145833333333334 0.775390625 0.0234375 0.01953125
0 0.681640625 0.7786458333333334 0.032552083333333336 0.052083333333333336
0 0.7350260416666666 0.8665364583333334 0.03515625 0.032552083333333336
0 0.748046875 0.9576822916666666 0.03515625 0.032552083333333336
0 0.8404947916666666 0.8951822916666666 0.032552083333333336 0.037760416666666664
0 0.873046875 0.8424479166666666 0.032552083333333336 0.028645833333333332
0 0.5852864583333334 0.9342447916666666 0.016927083333333332 0.024739583333333332
0 0.521484375 0.5279947916666666 0.045572916666666664 0.045572916666666664
0 0.3717447916666667 0.9055989583333334 0.01953125 0.01953125
0 0.533203125 0.3802083333333333 0.029947916666666668 0.0234375
0 0.5950520833333334 0.4166666666666667 0.015625 0.018229166666666668
0 0.7298177083333334 0.3782552083333333 0.01953125 0.01953125
0 0.7643229166666666 0.2799479166666667 0.028645833333333332 0.020833333333333332
0 0.8795572916666666 0.306640625 0.08463541666666667 0.09765625
0 0.037109375 0.5436197916666666 0.07161458333333333 0.07682291666666667
0 0.0078125 0.8359375 0.013020833333333334 0.028645833333333332
0 0.0703125 0.20638020833333334 0.020833333333333332 0.01953125
0 0.8151041666666666 0.059244791666666664 0.020833333333333332 0.01953125
0 0.865234375 0.140625 0.022135416666666668 0.026041666666666668
0 0.7630208333333334 0.54296875 0.0703125 0.08854166666666667
0 0.7135416666666666 0.498046875 0.06510416666666667 0.09244791666666667
0 0.5279947916666666 0.169921875 0.01953125 0.01953125
0 0.23502604166666666 0.9381510416666666 0.045572916666666664 0.045572916666666664
0 0.06640625 0.4615885416666667 0.059895833333333336 0.07421875
0 0.5026041666666666 0.8684895833333334 0.013020833333333334 0.015625
0 0.16861979166666666 0.81640625 0.032552083333333336 0.046875
0 0.17122395833333334 0.9622395833333334 0.01171875 0.013020833333333334
0 0.8841145833333334 0.720703125 0.015625 0.01953125
0 0.8098958333333334 0.5826822916666666 0.020833333333333332 0.022135416666666668
0 0.8821614583333334 0.5696614583333334 0.016927083333333332 0.016927083333333332
0 0.9049479166666666 0.6829427083333334 0.0078125 0.014322916666666666
0 0.9694010416666666 0.884765625 0.01171875 0.01171875
0 0.9713541666666666 0.86328125 0.010416666666666666 0.013020833333333334
0 0.658203125 0.48046875 0.01171875 0.013020833333333334
0 0.7096354166666666 0.2786458333333333 0.013020833333333334 0.0234375
0 0.6764322916666666 0.06640625 0.01953125 0.020833333333333332
0 0.5950520833333334 0.17513020833333334 0.015625 0.01953125
0 0.529296875 0.12825520833333334 0.01953125 0.01953125
0 0.556640625 0.3678385416666667 0.016927083333333332 0.016927083333333332
0 0.34765625 0.31640625 0.020833333333333332 0.020833333333333332
0 0.5423177083333334 0.943359375 0.01171875 0.016927083333333332
0 0.051432291666666664 0.7408854166666666 0.014322916666666666 0.013020833333333334
0 0.953125 0.3951822916666667 0.09375 0.15494791666666666
0 0.8098958333333334 0.041015625 0.265625 0.08203125