0 0.7721354166666666 0.3893229166666667 0.020833333333333332 0.020833333333333332
0 0.759765625 0.3053385416666667 0.009114583333333334 0.01953125
0 0.509765625 0.6419270833333334 0.016927083333333332 0.018229166666666668
0 0.8600260416666666 0.6555989583333334 0.02734375 0.032552083333333336
0 0.7747395833333334 0.6555989583333334 0.013020833333333334 0.01953125
0 0.9817708333333334 0.8756510416666666 0.036458333333333336 0.06901041666666667
0 0.18033854166666666 0.004557291666666667 0.009114583333333334 0.006510416666666667
0 0.3515625 0.974609375 0.013020833333333334 0.01953125
0 0.40234375 0.5299479166666666 0.018229166666666668 0.015625
0 0.6009114583333334 0.515625 0.014322916666666666 0.013020833333333334
0 0.08528645833333333 0.3743489583333333 0.01171875 0.009114583333333334