0 0.043619791666666664 0.9251302083333334 0.08723958333333333 0.14973958333333334
0 0.611328125 0.17122395833333334 0.11458333333333333 0.10807291666666667
0 0.251953125 0.21940104166666666 0.09635416666666667 0.09375
0 0.5852864583333334 0.057942708333333336 0.07421875 0.0703125
0 0.4348958333333333 0.9446614583333334 0.055989583333333336 0.048177083333333336
0 0.17708333333333334 0.68359375 0.0546875 0.05078125
0 0.21354166666666666 0.5677083333333334 0.04296875 0.04296875
0 0.28515625 0.8352864583333334 0.040364583333333336 0.036458333333333336
0 0.057291666666666664 0.8502604166666666 0.033854166666666664 0.032552083333333336
0 0.9583333333333334 0.4459635416666667 0.05078125 0.049479166666666664
0 0.748046875 0.7936197916666666 0.04296875 0.040364583333333336
0 0.8834635416666666 0.68359375 0.06510416666666667 0.061197916666666664
0 0.17252604166666666 0.016276041666666668 0.053385416666666664 0.032552083333333336
0 0.921875 0.2975260416666667 0.040364583333333336 0.037760416666666664
0 0.5481770833333334 0.3951822916666667 0.045572916666666664 0.040364583333333336
0 0.23502604166666666 0.14518229166666666 0.032552083333333336 0.032552083333333336
0 0.3717447916666667 0.4205729166666667 0.02734375 0.029947916666666668
0 0.8873697916666666 0.4361979166666667 0.03515625 0.032552083333333336
0 0.9765625 0.005859375 0.0390625 0.01171875
0 0.16927083333333334 0.10546875 0.029947916666666668 0.02734375
0 0.13736979166666666 0.3619791666666667 0.037760416666666664 0.03515625
0 0.3033854166666667 0.8873697916666666 0.03515625 0.029947916666666668
0 0.4720052083333333 0.041015625 0.052083333333333336 0.055989583333333336
0 0.9440104166666666 0.17838541666666666 0.029947916666666668 0.03125
0 0.6868489583333334 0.71484375 0.03515625 0.029947916666666668