0 0.578125 0.16861979166666666 0.018229166666666668 0.016927083333333332
0 0.8333333333333334 0.041666666666666664 0.013020833333333334 0.015625
0 0.943359375 0.0390625 0.01953125 0.0234375
0 0.888671875 0.022786458333333332 0.045572916666666664 0.04296875
0 0.6458333333333334 0.11197916666666667 0.015625 0.013020833333333334
0 0.6686197916666666 0.14127604166666666 0.016927083333333332 0.016927083333333332
0 0.400390625 0.051432291666666664 0.024739583333333332 0.02734375
0 0.322265625 0.24674479166666666 0.05859375 0.055989583333333336
0 0.3294270833333333 0.3170572916666667 0.018229166666666668 0.01953125
0 0.439453125 0.4016927083333333 0.01953125 0.02734375
0 0.20963541666666666 0.2552083333333333 0.0234375 0.020833333333333332
0 0.17838541666666666 0.296875 0.018229166666666668 0.026041666666666668
0 0.08268229166666667 0.4108072916666667 0.10807291666666667 0.11067708333333333
0 0.057291666666666664 0.462890625 0.0234375 0.01953125
0 0.3170572916666667 0.435546875 0.016927083333333332 0.016927083333333332
0 0.146484375 0.6373697916666666 0.01953125 0.022135416666666668
0 0.4407552083333333 0.24479166666666666 0.04296875 0.0390625
0 0.732421875 0.287109375 0.11067708333333333 0.11067708333333333
0 0.7454427083333334 0.3561197916666667 0.01953125 0.014322916666666666
0 0.4986979166666667 0.4947916666666667 0.018229166666666668 0.018229166666666668
0 0.662109375 0.423828125 0.022135416666666668 0.01953125
0 0.7682291666666666 0.4563802083333333 0.018229166666666668 0.01953125
0 0.8450520833333334 0.4029947916666667 0.020833333333333332 0.022135416666666668
0 0.9485677083333334 0.3424479166666667 0.016927083333333332 0.020833333333333332
0 0.8828125 0.3111979166666667 0.018229166666666668 0.013020833333333334
0 0.8177083333333334 0.541015625 0.018229166666666668 0.01953125
0 0.7552083333333334 0.5397135416666666 0.052083333333333336 0.055989583333333336
0 0.466796875 0.5384114583333334 0.016927083333333332 0.016927083333333332
0 0.3919270833333333 0.7200520833333334 0.028645833333333332 0.026041666666666668
0 0.6484375 0.71875 0.033854166666666664 0.036458333333333336
0 0.5970052083333334 0.82421875 0.016927083333333332 0.013020833333333334
0 0.828125 0.6705729166666666 0.018229166666666668 0.018229166666666668
0 0.9088541666666666 0.82421875 0.018229166666666668 0.026041666666666668
0 0.931640625 0.9075520833333334 0.024739583333333332 0.0234375
0 0.400390625 0.14583333333333334 0.01953125 0.0234375
0 0.4583333333333333 0.3092447916666667 0.020833333333333332 0.01953125
0 0.599609375 0.12760416666666666 0.014322916666666666 0.018229166666666668
0 0.3509114583333333 0.6328125 0.01953125 0.020833333333333332
0 0.17447916666666666 0.13736979166666666 0.08333333333333333 0.09765625
0 0.06966145833333333 0.146484375 0.12630208333333334 0.14192708333333334
0 0.16080729166666666 0.4602864583333333 0.016927083333333332 0.014322916666666666
0 0.76171875 0.07096354166666667 0.026041666666666668 0.022135416666666668
0 0.9544270833333334 0.16861979166666666 0.03125 0.03515625
0 0.310546875 0.052083333333333336 0.016927083333333332 0.018229166666666668
0 0.4231770833333333 0.16731770833333334 0.013020833333333334 0.01171875
0 0.373046875 0.58203125 0.01171875 0.010416666666666666
0 0.345703125 0.423828125 0.014322916666666666 0.01953125
0 0.666015625 0.39453125 0.022135416666666668 0.018229166666666668
0 0.12565104166666666 0.4212239583333333 0.01171875 0.009114583333333334
0 0.9752604166666666 0.140625 0.013020833333333334 0.010416666666666666