0 0.017578125 0.6764322916666666 0.032552083333333336 0.061197916666666664
0 0.095703125 0.9680989583333334 0.032552083333333336 0.032552083333333336
0 0.2942708333333333 0.6875 0.026041666666666668 0.026041666666666668
0 0.14127604166666666 0.6432291666666666 0.01953125 0.018229166666666668
0 0.3352864583333333 0.4811197916666667 0.022135416666666668 0.022135416666666668
0 0.3470052083333333 0.16276041666666666 0.01953125 0.03125
0 0.6412760416666666 0.6712239583333334 0.02734375 0.029947916666666668
0 0.4309895833333333 0.60546875 0.013020833333333334 0.018229166666666668
0 0.17122395833333334 0.13671875 0.01953125 0.018229166666666668
0 0.83984375 0.22526041666666666 0.036458333333333336 0.026041666666666668
0 0.841796875 0.126953125 0.01953125 0.02734375
0 0.8912760416666666 0.6510416666666666 0.024739583333333332 0.0234375
0 0.8704427083333334 0.5279947916666666 0.01953125 0.01953125
0 0.9876302083333334 0.513671875 0.01953125 0.022135416666666668
0 0.9622395833333334 0.380859375 0.020833333333333332 0.014322916666666666
0 0.8971354166666666 0.98828125 0.018229166666666668 0.018229166666666668
0 0.6048177083333334 0.2623697916666667 0.016927083333333332 0.01953125
0 0.6907552083333334 0.884765625 0.016927083333333332 0.01171875