0 0.8860677083333334 0.4798177083333333 0.22526041666666666 0.30859375
0 0.892578125 0.55859375 0.037760416666666664 0.036458333333333336
0 0.8561197916666666 0.16861979166666666 0.032552083333333336 0.032552083333333336
0 0.8118489583333334 0.267578125 0.016927083333333332 0.014322916666666666
0 0.6015625 0.06510416666666667 0.1484375 0.1171875
0 0.5774739583333334 0.8717447916666666 0.11328125 0.12369791666666667
0 0.4752604166666667 0.224609375 0.026041666666666668 0.01953125
0 0.3587239583333333 0.16927083333333334 0.029947916666666668 0.026041666666666668
0 0.2565104166666667 0.169921875 0.03125 0.024739583333333332
0 0.4388020833333333 0.4407552083333333 0.03125 0.029947916666666668
0 0.2532552083333333 0.232421875 0.024739583333333332 0.022135416666666668
0 0.20638020833333334 0.27734375 0.06901041666666667 0.0703125
0 0.11979166666666667 0.55078125 0.020833333333333332 0.020833333333333332
0 0.6256510416666666 0.384765625 0.024739583333333332 0.024739583333333332
0 0.734375 0.22526041666666666 0.020833333333333332 0.020833333333333332
0 0.9388020833333334 0.716796875 0.0234375 0.024739583333333332
0 0.52734375 0.6315104166666666 0.052083333333333336 0.052083333333333336
0 0.7194010416666666 0.9778645833333334 0.032552083333333336 0.036458333333333336
0 0.75390625 0.03515625 0.015625 0.018229166666666668
0 0.759765625 0.6796875 0.016927083333333332 0.018229166666666668
0 0.458984375 0.349609375 0.01953125 0.01953125
0 0.70703125 0.330078125 0.018229166666666668 0.016927083333333332
0 0.9114583333333334 0.8430989583333334 0.015625 0.01953125
0 0.9908854166666666 0.90234375 0.015625 0.020833333333333332
0 0.5533854166666666 0.974609375 0.026041666666666668 0.029947916666666668
0 0.7669270833333334 0.9622395833333334 0.018229166666666668 0.010416666666666666
0 0.2936197916666667 0.7063802083333334 0.12630208333333334 0.11067708333333333
0 0.12044270833333333 0.888671875 0.24088541666666666 0.21484375
0 0.92578125 0.6263020833333334 0.015625 0.015625
0 0.3645833333333333 0.016276041666666668 0.013020833333333334 0.01953125
0 0.4329427083333333 0.4661458333333333 0.01953125 0.020833333333333332
0 0.404296875 0.8984375 0.022135416666666668 0.0234375
0 0.5729166666666666 0.8671875 0.026041666666666668 0.028645833333333332