0 0.19205729166666666 0.21744791666666666 0.07161458333333333 0.07552083333333333
0 0.01171875 0.43359375 0.020833333333333332 0.026041666666666668
0 0.11979166666666667 0.240234375 0.22135416666666666 0.42578125
0 0.35546875 0.053385416666666664 0.13541666666666666 0.09895833333333333
0 0.3951822916666667 0.10807291666666667 0.01953125 0.026041666666666668
0 0.470703125 0.06380208333333333 0.02734375 0.026041666666666668
0 0.421875 0.15690104166666666 0.020833333333333332 0.01953125
0 0.59375 0.16861979166666666 0.0625 0.055989583333333336
0 0.65234375 0.056640625 0.015625 0.014322916666666666
0 0.361328125 0.5188802083333334 0.01953125 0.024739583333333332
0 0.705078125 0.193359375 0.05078125 0.040364583333333336
0 0.712890625 0.173828125 0.01953125 0.014322916666666666
0 0.830078125 0.3391927083333333 0.01953125 0.032552083333333336
0 0.7233072916666666 0.38671875 0.037760416666666664 0.041666666666666664
0 0.697265625 0.2975260416666667 0.014322916666666666 0.01953125
0 0.119140625 0.7200520833333334 0.06640625 0.06510416666666667
0 0.205078125 0.8561197916666666 0.032552083333333336 0.029947916666666668
0 0.4720052083333333 0.5970052083333334 0.01953125 0.01953125
0 0.5143229166666666 0.5930989583333334 0.026041666666666668 0.01953125
0 0.8170572916666666 0.55078125 0.032552083333333336 0.0390625
0 0.7141927083333334 0.642578125 0.029947916666666668 0.037760416666666664
0 0.6901041666666666 0.4915364583333333 0.013020833333333334 0.016927083333333332
0 0.462890625 0.23567708333333334 0.014322916666666666 0.018229166666666668
0 0.9615885416666666 0.0859375 0.022135416666666668 0.020833333333333332
0 0.014322916666666666 0.6471354166666666 0.013020833333333334 0.015625
0 0.9283854166666666 0.0546875 0.109375 0.08854166666666667
0 0.53515625 0.853515625 0.015625 0.01953125
0 0.57421875 0.916015625 0.036458333333333336 0.037760416666666664
0 0.5833333333333334 0.9811197916666666 0.020833333333333332 0.024739583333333332
0 0.8372395833333334 0.7467447916666666 0.0703125 0.06640625
0 0.751953125 0.5670572916666666 0.01953125 0.01953125
0 0.9830729166666666 0.775390625 0.013020833333333334 0.01953125
0 0.30078125 0.8313802083333334 0.0546875 0.05859375
0 0.5989583333333334 0.6484375 0.013020833333333334 0.013020833333333334
0 0.3841145833333333 0.39453125 0.013020833333333334 0.013020833333333334
0 0.88671875 0.642578125 0.015625 0.024739583333333332
0 0.8763020833333334 0.892578125 0.046875 0.05859375
0 0.9641927083333334 0.974609375 0.014322916666666666 0.014322916666666666
0 0.7369791666666666 0.09895833333333333 0.078125 0.078125
0 0.6184895833333334 0.4498697916666667 0.018229166666666668 0.016927083333333332
0 0.646484375 0.263671875 0.014322916666666666 0.01171875