0 0.8997395833333334 0.4309895833333333 0.0546875 0.041666666666666664
0 0.8821614583333334 0.609375 0.045572916666666664 0.044270833333333336
0 0.416015625 0.7779947916666666 0.053385416666666664 0.05859375
0 0.6881510416666666 0.8509114583333334 0.029947916666666668 0.032552083333333336
0 0.5436197916666666 0.21158854166666666 0.01953125 0.032552083333333336
0 0.640625 0.314453125 0.020833333333333332 0.02734375
0 0.486328125 0.2864583333333333 0.022135416666666668 0.026041666666666668
0 0.439453125 0.2649739583333333 0.032552083333333336 0.032552083333333336
0 0.279296875 0.7200520833333334 0.024739583333333332 0.03125
0 0.125 0.9244791666666666 0.0234375 0.026041666666666668
0 0.21809895833333334 0.107421875 0.01953125 0.01953125
0 0.032552083333333336 0.06640625 0.026041666666666668 0.0234375
0 0.5755208333333334 0.3880208333333333 0.015625 0.015625
0 0.23828125 0.9225260416666666 0.20052083333333334 0.15494791666666666
0 0.022135416666666668 0.4127604166666667 0.044270833333333336 0.109375
0 0.09049479166666667 0.5162760416666666 0.015625 0.016927083333333332
0 0.609375 0.6100260416666666 0.015625 0.016927083333333332
0 0.529296875 0.5716145833333334 0.015625 0.016927083333333332
0 0.4427083333333333 0.022135416666666668 0.014322916666666666 0.015625
0 0.578125 0.810546875 0.01171875 0.01171875
0 0.5755208333333334 0.4147135416666667 0.01171875 0.01171875
0 0.5416666666666666 0.21549479166666666 0.020833333333333332 0.022135416666666668
0 0.3828125 0.19140625 0.015625 0.016927083333333332
0 0.4720052083333333 0.6712239583333334 0.029947916666666668 0.03125
0 0.3658854166666667 0.869140625 0.010416666666666666 0.010416666666666666
0 0.703125 0.3372395833333333 0.01171875 0.01171875
0 0.849609375 0.685546875 0.010416666666666666 0.01171875
0 0.546875 0.2513020833333333 0.01171875 0.01171875
0 0.6022135416666666 0.5052083333333334 0.010416666666666666 0.010416666666666666
0 0.8561197916666666 0.2708333333333333 0.009114583333333334 0.009114583333333334
0 0.8111979166666666 0.9108072916666666 0.009114583333333334 0.009114583333333334
0 0.578125 0.6822916666666666 0.010416666666666666 0.01171875
0 0.8313802083333334 0.890625 0.009114583333333334 0.010416666666666666
0 0.7708333333333334 0.537109375 0.01171875 0.01171875
0 0.7161458333333334 0.13736979166666666 0.010416666666666666 0.010416666666666666
0 0.3430989583333333 0.0625 0.010416666666666666 0.010416666666666666
0 0.9016927083333334 0.22526041666666666 0.009114583333333334 0.010416666666666666