0 0.185546875 0.375 0.037760416666666664 0.03125
0 0.3958333333333333 0.20377604166666666 0.020833333333333332 0.024739583333333332
0 0.14908854166666666 0.578125 0.024739583333333332 0.026041666666666668
0 0.6419270833333334 0.5377604166666666 0.0390625 0.03125
0 0.6399739583333334 0.5813802083333334 0.01953125 0.016927083333333332
0 0.016927083333333332 0.3756510416666667 0.018229166666666668 0.01953125
0 0.057942708333333336 0.14453125 0.014322916666666666 0.013020833333333334
0 0.3912760416666667 0.13671875 0.022135416666666668 0.020833333333333332
0 0.537109375 0.3541666666666667 0.032552083333333336 0.03125
0 0.2532552083333333 0.9036458333333334 0.02734375 0.028645833333333332
0 0.0703125 0.892578125 0.028645833333333332 0.022135416666666668
0 0.046875 0.8743489583333334 0.015625 0.014322916666666666
0 0.8079427083333334 0.556640625 0.01953125 0.024739583333333332
0 0.576171875 0.7942708333333334 0.014322916666666666 0.018229166666666668
0 0.22721354166666666 0.6087239583333334 0.014322916666666666 0.014322916666666666
0 0.034505208333333336 0.681640625 0.06380208333333333 0.06640625
0 0.10481770833333333 0.9401041666666666 0.01171875 0.010416666666666666
0 0.6217447916666666 0.2545572916666667 0.01171875 0.009114583333333334
0 0.3990885416666667 0.06966145833333333 0.01171875 0.01171875
0 0.7936197916666666 0.4036458333333333 0.07682291666666667 0.078125
0 0.2643229166666667 0.734375 0.010416666666666666 0.010416666666666666
0 0.6959635416666666 0.71875 0.009114583333333334 0.010416666666666666
0 0.19075520833333334 0.8203125 0.009114583333333334 0.010416666666666666
0 0.027994791666666668 0.576171875 0.053385416666666664 0.16796875
0 0.7135416666666666 0.9713541666666666 0.009114583333333334 0.009114583333333334
0 0.10611979166666667 0.8138020833333334 0.0078125 0.0078125
0 0.65625 0.009114583333333334 0.009114583333333334 0.009114583333333334
0 0.7721354166666666 0.20572916666666666 0.010416666666666666 0.009114583333333334
0 0.296875 0.20768229166666666 0.013020833333333334 0.013020833333333334
0 0.3802083333333333 0.6041666666666666 0.013020833333333334 0.01171875
0 0.08072916666666667 0.7063802083333334 0.01171875 0.010416666666666666
0 0.97265625 0.6569010416666666 0.014322916666666666 0.013020833333333334
0 0.8880208333333334 0.18229166666666666 0.01171875 0.010416666666666666
0 0.4485677083333333 0.2734375 0.01171875 0.010416666666666666
0 0.9524739583333334 0.48046875 0.010416666666666666 0.010416666666666666
0 0.267578125 0.478515625 0.009114583333333334 0.009114583333333334
0 0.10546875 0.7330729166666666 0.009114583333333334 0.009114583333333334
0 0.23763020833333334 0.705078125 0.024739583333333332 0.0234375
0 0.3216145833333333 0.4016927083333333 0.009114583333333334 0.009114583333333334
0 0.7786458333333334 0.8541666666666666 0.013020833333333334 0.013020833333333334
0 0.7265625 0.115234375 0.016927083333333332 0.015625
0 0.5358072916666666 0.509765625 0.01171875 0.01171875
0 0.9153645833333334 0.6927083333333334 0.010416666666666666 0.010416666666666666
0 0.055338541666666664 0.474609375 0.010416666666666666 0.010416666666666666
0 0.623046875 0.2584635416666667 0.010416666666666666 0.010416666666666666
0 0.798828125 0.6315104166666666 0.009114583333333334 0.009114583333333334
0 0.69921875 0.6263020833333334 0.009114583333333334 0.0078125
0 0.3092447916666667 0.84375 0.0078125 0.0078125
0 0.22135416666666666 0.6575520833333334 0.0078125 0.0078125
0 0.6946614583333334 0.4654947916666667 0.009114583333333334 0.0078125
0 0.6106770833333334 0.8997395833333334 0.0078125 0.0078125
0 0.9420572916666666 0.8177083333333334 0.0078125 0.0078125
0 0.5709635416666666 0.6106770833333334 0.0078125 0.0078125
0 0.8665364583333334 0.615234375 0.0078125 0.009114583333333334