0 0.20377604166666666 0.5 0.4075520833333333 1
0 0.7291666666666666 0.5709635416666666 0.5416666666666666 0.7747395833333334
0 0.5 0.9609375 0.14583333333333334 0.078125
0 0.5553385416666666 0.20963541666666666 0.053385416666666664 0.040364583333333336
0 0.5045572916666666 0.2994791666666667 0.024739583333333332 0.029947916666666668
0 0.4602864583333333 0.322265625 0.033854166666666664 0.03515625
0 0.9114583333333334 0.055989583333333336 0.016927083333333332 0.018229166666666668
0 0.583984375 0.029296875 0.024739583333333332 0.02734375
0 0.3880208333333333 0.15234375 0.014322916666666666 0.015625
0 0.423828125 0.13997395833333334 0.01953125 0.020833333333333332
0 0.3899739583333333 0.007161458333333333 0.022135416666666668 0.014322916666666666
0 0.6861979166666666 0.13020833333333334 0.016927083333333332 0.018229166666666668
0 0.91015625 0.09505208333333333 0.016927083333333332 0.016927083333333332
0 0.75390625 0.036458333333333336 0.022135416666666668 0.018229166666666668
0 0.73828125 0.061197916666666664 0.020833333333333332 0.016927083333333332
0 0.716796875 0.0859375 0.0234375 0.02734375
0 0.6822916666666666 0.06901041666666667 0.024739583333333332 0.0234375
0 0.8216145833333334 0.9720052083333334 0.015625 0.020833333333333332
0 0.74609375 0.9921875 0.010416666666666666 0.01171875
0 0.9576822916666666 0.9381510416666666 0.022135416666666668 0.026041666666666668
0 0.9583333333333334 0.21419270833333334 0.01953125 0.022135416666666668
0 0.4140625 0.5475260416666666 0.015625 0.013020833333333334
0 0.416015625 0.5123697916666666 0.029947916666666668 0.02734375
0 0.4036458333333333 0.4296875 0.020833333333333332 0.016927083333333332
0 0.41796875 0.474609375 0.018229166666666668 0.015625
0 0.3463541666666667 0.10807291666666667 0.015625 0.016927083333333332