0 0.3274739583333333 0.41015625 0.04296875 0.0390625
0 0.6985677083333334 0.5071614583333334 0.040364583333333336 0.04296875
0 0.865234375 0.08072916666666667 0.05859375 0.057291666666666664
0 0.11067708333333333 0.8248697916666666 0.1015625 0.10546875
0 0.349609375 0.8860677083333334 0.024739583333333332 0.022135416666666668
0 0.908203125 0.5579427083333334 0.01171875 0.01171875
0 0.5247395833333334 0.6731770833333334 0.005208333333333333 0.0078125
0 0.3606770833333333 0.8209635416666666 0.015625 0.014322916666666666
0 0.7239583333333334 0.7493489583333334 0.010416666666666666 0.01171875
0 0.080078125 0.6829427083333334 0.01171875 0.016927083333333332
0 0.2708333333333333 0.74609375 0.013020833333333334 0.015625
0 0.177734375 0.796875 0.009114583333333334 0.010416666666666666
0 0.95703125 0.66015625 0.010416666666666666 0.010416666666666666
0 0.98046875 0.8723958333333334 0.010416666666666666 0.010416666666666666
0 0.9609375 0.9251302083333334 0.013020833333333334 0.014322916666666666
0 0.09765625 0.19596354166666666 0.010416666666666666 0.009114583333333334
0 0.14322916666666666 0.2975260416666667 0.049479166666666664 0.048177083333333336
0 0.20442708333333334 0.08984375 0.013020833333333334 0.015625
0 0.6796875 0.0234375 0.015625 0.015625
0 0.6751302083333334 0.2799479166666667 0.01171875 0.013020833333333334
0 0.5846354166666666 0.3509114583333333 0.0078125 0.009114583333333334
0 0.032552083333333336 0.4140625 0.018229166666666668 0.018229166666666668
0 0.3606770833333333 0.7024739583333334 0.0078125 0.009114583333333334
0 0.498046875 0.826171875 0.01171875 0.01171875
0 0.6204427083333334 0.8365885416666666 0.009114583333333334 0.009114583333333334
0 0.8678385416666666 0.7688802083333334 0.006510416666666667 0.009114583333333334
0 0.7018229166666666 0.6803385416666666 0.0078125 0.006510416666666667
0 0.2708333333333333 0.17122395833333334 0.015625 0.014322916666666666
0 0.74609375 0.033854166666666664 0.0078125 0.0078125