0 0.8463541666666666 0.84765625 0.1875 0.19010416666666666
0 0.90625 0.126953125 0.0546875 0.05859375
0 0.978515625 0.4186197916666667 0.02734375 0.029947916666666668
0 0.9303385416666666 0.5885416666666666 0.032552083333333336 0.033854166666666664
0 0.70703125 0.4908854166666667 0.059895833333333336 0.06770833333333333
0 0.8444010416666666 0.2955729166666667 0.022135416666666668 0.0234375
0 0.8776041666666666 0.2981770833333333 0.015625 0.018229166666666668
0 0.7408854166666666 0.208984375 0.06770833333333333 0.06640625
0 0.6927083333333334 0.044921875 0.0546875 0.055989583333333336
0 0.6236979166666666 0.0546875 0.015625 0.020833333333333332
0 0.7662760416666666 0.034505208333333336 0.07161458333333333 0.06640625
0 0.4440104166666667 0.15755208333333334 0.046875 0.052083333333333336
0 0.4114583333333333 0.5625 0.041666666666666664 0.044270833333333336
0 0.3489583333333333 0.7819010416666666 0.0390625 0.032552083333333336
0 0.314453125 0.34375 0.03515625 0.036458333333333336
0 0.2877604166666667 0.19140625 0.028645833333333332 0.028645833333333332
0 0.24934895833333334 0.265625 0.029947916666666668 0.03125
0 0.2421875 0.15885416666666666 0.015625 0.015625
0 0.123046875 0.091796875 0.029947916666666668 0.029947916666666668
0 0.236328125 0.484375 0.01953125 0.020833333333333332
0 0.181640625 0.60546875 0.10286458333333333 0.10416666666666667
0 0.19791666666666666 0.76171875 0.013020833333333334 0.013020833333333334
0 0.107421875 0.892578125 0.06640625 0.07161458333333333
0 0.6067708333333334 0.7220052083333334 0.057291666666666664 0.061197916666666664
0 0.7688802083333334 0.5384114583333334 0.016927083333333332 0.016927083333333332
0 0.16731770833333334 0.2545572916666667 0.037760416666666664 0.045572916666666664
0 0.0078125 0.173828125 0.013020833333333334 0.01953125
0 0.11783854166666667 0.654296875 0.045572916666666664 0.053385416666666664
0 0.61328125 0.5071614583333334 0.013020833333333334 0.014322916666666666
0 0.8932291666666666 0.6477864583333334 0.0546875 0.061197916666666664
0 0.4453125 0.24348958333333334 0.013020833333333334 0.018229166666666668
0 0.392578125 0.15104166666666666 0.01171875 0.015625
0 0.3984375 0.06770833333333333 0.013020833333333334 0.015625
0 0.17838541666666666 0.4654947916666667 0.013020833333333334 0.014322916666666666
0 0.53125 0.912109375 0.14322916666666666 0.13671875
0 0.18294270833333334 0.12825520833333334 0.2721354166666667 0.25390625
0 0.11979166666666667 0.345703125 0.013020833333333334 0.01171875
0 0.853515625 0.14192708333333334 0.01171875 0.013020833333333334
0 0.6959635416666666 0.3977864583333333 0.01171875 0.01171875
0 0.6126302083333334 0.3860677083333333 0.009114583333333334 0.009114583333333334
0 0.033854166666666664 0.486328125 0.010416666666666666 0.009114583333333334
0 0.016927083333333332 0.4772135416666667 0.010416666666666666 0.009114583333333334
0 0.033203125 0.3626302083333333 0.009114583333333334 0.009114583333333334
0 0.125 0.5748697916666666 0.010416666666666666 0.014322916666666666
0 0.07942708333333333 0.494140625 0.010416666666666666 0.01171875
0 0.18229166666666666 0.16471354166666666 0.010416666666666666 0.01171875
0 0.18294270833333334 0.2890625 0.01171875 0.015625
0 0.548828125 0.5201822916666666 0.006510416666666667 0.006510416666666667
0 0.93359375 0.466796875 0.0078125 0.009114583333333334
0 0.890625 0.17513020833333334 0.010416666666666666 0.009114583333333334
0 0.8763020833333334 0.1875 0.0078125 0.0078125
0 0.8977864583333334 0.18815104166666666 0.009114583333333334 0.009114583333333334
0 0.6666666666666666 0.026041666666666668 0.010416666666666666 0.013020833333333334
0 0.654296875 0.103515625 0.006510416666666667 0.009114583333333334
0 0.7005208333333334 0.15234375 0.0078125 0.0078125
0 0.59765625 0.17317708333333334 0.0078125 0.0078125
0 0.5748697916666666 0.22395833333333334 0.009114583333333334 0.010416666666666666
0 0.5944010416666666 0.197265625 0.006510416666666667 0.006510416666666667
0 0.5540364583333334 0.15104166666666666 0.006510416666666667 0.0078125
0 0.5455729166666666 0.078125 0.0078125 0.0078125
0 0.4602864583333333 0.10546875 0.009114583333333334 0.0078125
0 0.4010416666666667 0.11393229166666667 0.0078125 0.009114583333333334
0 0.2740885416666667 0.21549479166666666 0.014322916666666666 0.014322916666666666
0 0.2858072916666667 0.23828125 0.01171875 0.013020833333333334
0 0.203125 0.031901041666666664 0.010416666666666666 0.01171875