0 0.20052083333333334 0.6256510416666666 0.033854166666666664 0.032552083333333336
0 0.3717447916666667 0.9772135416666666 0.022135416666666668 0.01953125
0 0.17057291666666666 0.9850260416666666 0.020833333333333332 0.016927083333333332
0 0.14388020833333334 0.24609375 0.040364583333333336 0.049479166666666664
0 0.21028645833333334 0.3001302083333333 0.02734375 0.032552083333333336
0 0.13151041666666666 0.5143229166666666 0.015625 0.018229166666666668
0 0.008463541666666666 0.3912760416666667 0.014322916666666666 0.01953125
0 0.4375 0.6126302083333334 0.015625 0.01953125
0 0.4446614583333333 0.296875 0.037760416666666664 0.052083333333333336
0 0.8020833333333334 0.36328125 0.028645833333333332 0.0234375
0 0.6979166666666666 0.12890625 0.036458333333333336 0.041666666666666664
0 0.83984375 0.20247395833333334 0.020833333333333332 0.01953125
0 0.916015625 0.8196614583333334 0.022135416666666668 0.016927083333333332
0 0.8821614583333334 0.5735677083333334 0.045572916666666664 0.05859375
0 0.9153645833333334 0.3938802083333333 0.018229166666666668 0.016927083333333332
0 0.7630208333333334 0.9283854166666666 0.11458333333333333 0.09114583333333333
0 0.892578125 0.7395833333333334 0.08984375 0.08333333333333333
0 0.9674479166666666 0.712890625 0.015625 0.014322916666666666
0 0.068359375 0.8072916666666666 0.014322916666666666 0.015625
0 0.4368489583333333 0.9563802083333334 0.01171875 0.014322916666666666
0 0.029947916666666668 0.3372395833333333 0.0078125 0.015625
0 0.21744791666666666 0.046875 0.015625 0.013020833333333334
0 0.75390625 0.03125 0.0234375 0.015625
0 0.4856770833333333 0.01171875 0.020833333333333332 0.020833333333333332
0 0.6002604166666666 0.4348958333333333 0.1796875 0.18489583333333334
0 0.916015625 0.8359375 0.016927083333333332 0.015625
0 0.9205729166666666 0.3828125 0.013020833333333334 0.020833333333333332