0 0.06177083333333333 0.7563541666666667 0.013072916666666656 0.012721354166666643
0 0.8955078125 0.48071614583333333 0.013020833333333334 0.012630208333333393
0 0.8491276041666667 0.41065104166666666 0.010690104166666714 0.01045572916666663
0 0.48559895833333333 0.7412109375 0.009453124999999988 0.008671875000000107
0 0.41626302083333333 0.6059635416666667 0.012669270833333357 0.011966145833333405
0 0.5581119791666667 0.6162109375 0.01005208333333337 0.01036458333333338
0 0.200078125 0.5024479166666667 0.013593749999999996 0.013216145833333304
0 0.8447265625 0.5737369791666667 0.010208333333333227 0.009856770833333398
0 0.6147526041666667 0.6967838541666667 0.013424479166666595 0.01307291666666662
0 0.37036458333333333 0.43018229166666666 0.011289062499999947 0.010950520833333291
0 0.6689453125 0.6967838541666667 0.009973958333333366 0.00947916666666663
0 0.27197916666666666 0.5786197916666667 0.01069010416666664 0.010950520833333291
0 0.24243489583333333 0.8657291666666667 0.011158854166666657 0.010859374999999893
0 0.6674869791666667 0.47192708333333333 0.020846354166666654 0.01963541666666672
0 0.39014322916666666 0.44897135416666667 0.009674479166666602 0.009414062500000023
0 0.8745182291666667 0.39819010416666667 0.019947916666666583 0.018697916666666686
0 0.43286458333333333 0.48559895833333333 0.009296874999999982 0.00898437499999997
0 0.6049869791666667 0.9096744791666667 0.00916666666666662 0.009895833333333215
0 0.36352864583333333 0.5791015625 0.009453124999999988 0.009674479166666602
0 0.697265625 0.6245182291666667 0.02169270833333344 0.020299479166666707
0 0.34009114583333333 0.6533203125 0.01730468749999999 0.016848958333333403
0 0.3701171875 0.8071354166666667 0.012630208333333393 0.012239583333333451
0 0.8276432291666667 0.744140625 0.012864583333333476 0.012382812499999988
0 0.7705078125 0.9248046875 0.00947916666666663 0.009453124999999988
0 0.33545572916666666 0.25049479166666666 0.010013020833333367 0.009596354166666673
0 0.9536197916666667 0.8432682291666667 0.015299479166666666 0.015429687499999881
0 0.19006510416666667 0.5908203125 0.016979166666666694 0.016223958333333382
0 0.8481510416666667 0.7036197916666667 0.013736979166666607 0.01307291666666662
0 0.31494791666666666 0.1561328125 0.010611979166666638 0.009934895833333327
0 0.16247395833333333 0.7216796875 0.010286458333333323 0.010494791666666595
0 0.29809895833333333 0.9663151041666667 0.010533854166666634 0.010859374999999893
0 0.41381510416666667 0.904296875 0.011731770833333321 0.011471354166666595
0 0.7895572916666667 0.671875 0.01316406249999987 0.012669270833333357
0 0.47729166666666667 0.6938541666666667 0.009934895833333327 0.00967447916666675
0 0.7744140625 0.6420963541666667 0.01953125 0.018346354166666707
0 0.5532291666666667 0.1982421875 0.009778645833333321 0.009374999999999986
0 0.7788151041666667 0.7016666666666667 0.015481770833333464 0.015130208333333192
0 0.7109375 0.8120182291666667 0.009596354166666524 0.009192708333333263
0 0.16296875 0.5981510416666667 0.010130208333333316 0.00947916666666663
0 0.04321614583333333 0.37842447916666666 0.009479166666666669 0.009453124999999988
0 0.60546875 0.7392578125 0.013333333333333345 0.013020833333333334
0 0.4384765625 0.3564453125 0.010781249999999964 0.010651041666666602
0 0.5786197916666667 0.33447916666666666 0.009557291666666709 0.00955729166666667
0 0.30981770833333333 0.8779296875 0.0224609375 0.021940104166666547
0 0.5698307291666667 0.06983072916666667 0.02360677083333333 0.023151041666666667
0 0.556640625 0.9482421875 0.01484374999999997 0.014283854166666702
0 0.7241276041666667 0.39502604166666666 0.009635416666666785 0.009414062500000023
0 0.7216796875 0.52734375 0.00985677083333325 0.009778645833333321
0 0.8901432291666667 0.3564453125 0.009518229166666595 0.009375000000000059
0 0.39307291666666666 0.05541666666666667 0.009856770833333398 0.00955729166666667
0 0.34717447916666666 0.07598958333333333 0.009778645833333321 0.009635416666666674
0 0.6484375 0.5322265625 0.029817708333333304 0.027851562499999982
0 0.80078125 0.8335026041666667 0.00929687500000013 0.009088541666666691
0 0.20446614583333333 0.7211979166666667 0.009192708333333336 0.009270833333333192
0 0.5454166666666667 0.6103515625 0.005065104166666649 0.005065104166666649
0 0.5825260416666667 0.8779296875 0.009088541666666691 0.009518229166666595
0 0.36352864583333333 0.6967838541666667 0.010494791666666595 0.010729166666666679
0 0.5688541666666667 0.26440104166666667 0.005325520833333375 0.005455729166666663
0 0.5927734375 0.31299479166666666 0.008815104166666643 0.008945312500000005
0 0.0809375 0.8686588541666667 0.005260416666666666 0.005234374999999976
0 0.5927734375 0.15270833333333333 0.008945312500000005 0.009166666666666656
0 0.6127994791666667 0.26807291666666666 0.005364583333333339 0.005455729166666663
0 0.6015625 0.9609375 0.05541666666666659 0.04867187500000014
0 0.8422916666666667 0.6142578125 0.008645833333333464 0.008710937500000071
0 0.41333333333333333 0.30225260416666666 0.01200520833333337 0.011419270833333309
0 0.31322916666666667 0.748046875 0.00873697916666664 0.008255208333333227
0 0.8159244791666667 0.19592447916666667 0.019908854166666618 0.017578125
0 0.029986979166666667 0.5859375 0.009453124999999998 0.00947916666666663
0 0.865234375 0.1795703125 0.005781250000000071 0.005624999999999991
0 0.6528385416666667 0.7036197916666667 0.005781250000000071 0.005781250000000071
0 0.1318359375 0.08977864583333334 0.016158854166666663 0.015013020833333335
0 0.29272135416666667 0.48291666666666666 0.010403645833333345 0.01024739583333334
0 0.9311588541666667 0.87890625 0.01102864583333337 0.010898437499999858
0 0.6567447916666667 0.37549479166666666 0.009778645833333321 0.009557291666666709
0 0.40404947916666667 0.27709635416666667 0.011601562499999959 0.010820312500000004
0 0.7583072916666667 0.9736328125 0.009713541666666714 0.009270833333333192
0 0.09912760416666666 0.8481510416666667 0.004531249999999987 0.0051953125000000116
0 0.012773437499999998 0.7094791666666667 0.022083333333333333 0.021041666666666774
0 0.15649739583333333 0.060429687499999996 0.01730468749999999 0.01634114583333333
0 0.23022135416666667 0.8037109375 0.0855729166666667 0.0837369791666666
0 0.38256510416666667 0.8862369791666667 0.05779947916666665 0.05332031250000006
0 0.5693359375 0.9848697916666667 0.018802083333333403 0.018828125000000046
0 0.17614583333333333 0.026653645833333333 0.010651041666666675 0.00977864583333333
0 0.0668359375 0.9018619791666667 0.004596354166666668 0.005013020833333215
0 0.34888020833333333 0.5327213541666667 0.011692708333333357 0.011692708333333357
0 0.9897526041666667 0.453125 0.01571614583333325 0.014283854166666702
0 0.75390625 0.8662109375 0.005364583333333191 0.005260416666666619
0 0.18236979166666667 0.546875 0.01342447916666667 0.012330729166666702
0 0.7280338541666667 0.34154947916666667 0.009127604166666655 0.009023437499999934
0 0.34009114583333333 0.8662109375 0.018046875000000018 0.017773437500000117
0 0.5600651041666667 0.7275390625 0.03515625 0.033203125
0 0.3212890625 0.44604166666666667 0.010169270833333336 0.010950520833333291
0 0.6713932291666667 0.10576822916666667 0.012187499999999943 0.01169270833333332
0 0.44483072916666666 0.32153645833333333 0.009934895833333327 0.00951822916666667
0 0.33471354166666667 0.85546875 0.012578124999999996 0.011914062500000119
0 0.16626302083333333 0.755859375 0.04223958333333333 0.04287760416666675
0 0.0499609375 0.9868229166666667 0.00927083333333334 0.009231770833333227
0 0.0441015625 0.9614322916666667 0.008515625000000004 0.009335937500000094
0 0.7666015625 0.5205078125 0.01125000000000013 0.01111979166666662
0 0.9345703125 0.1795703125 0.021210937499999954 0.019635416666666645
0 0.997734375 0.0615234375 0.0016536458333333097 0.005013020833333326
0 0.44018229166666667 0.9292057291666667 0.008450520833333345 0.008710937500000071
0 0.9658203125 0.1279296875 0.011471354166666595 0.011601562499999996
0 0.9814453125 0.6127994791666667 0.011692708333333357 0.011692708333333357
0 0.2342578125 0.9973958333333334 0.01102864583333337 0.005208333333333333
0 0.038763020833333335 0.042330729166666664 0.0053906250000000005 0.004973958333333329
0 0.41186197916666667 0.978515625 0.038242187500000004 0.03583333333333331
0 0.44385416666666666 0.2900390625 0.0999739583333333 0.0970442708333333
0 0.9130859375 0.7802734375 0.04699218749999989 0.04977864583333336
0 0.205078125 0.5561588541666667 0.014062500000000014 0.015078125000000053
0 0.529296875 0.34619791666666666 0.06020833333333334 0.056640625
0 0.2305859375 0.11877604166666667 0.0092317708333333 0.00927083333333334
0 0.7670963541666667 0.8032291666666667 0.01102864583333337 0.01053385416666656
0 0.7241276041666667 0.333984375 0.1947005208333333 0.1806640625
0 0.7666015625 0.7778385416666667 0.06720052083333321 0.06451822916666661
0 0.0248828125 0.36743489583333333 0.009713541666666667 0.010651041666666602
0 0.6127994791666667 0.7895572916666667 0.07794270833333335 0.07342447916666679
0 0.36865885416666666 0.701171875 0.011731770833333321 0.011966145833333405
0 0.005533854166666667 0.91796875 0.008320312500000001 0.00985677083333325
0 0.16065104166666666 0.11553385416666669 0.32104166666666667 0.2294921875
0 0.1895703125 0.38696614583333333 0.013684895833333321 0.013684895833333321
0 0.014453124999999997 0.5048828125 0.027903645833333334 0.035065104166666604
0 0.9702213541666667 0.6674869791666667 0.01200520833333337 0.01111979166666662
0 0.9721744791666667 0.16015625 0.0394270833333333 0.04238281250000001
0 0.8408203125 0.13696614583333333 0.2454817708333333 0.21082031249999997
0 0.9287109375 0.9477604166666667 0.00828124999999987 0.009270833333333192
0 0.9889322916666666 0.5625 0.022135416666666668 0.03125
0 0.27416666666666667 0.20959635416666667 0.04690104166666664 0.047083333333333366
0 0.9772135416666666 0.6458333333333334 0.045572916666666664 0.057291666666666664
0 0.16296875 0.39477864583333333 0.32592447916666667 0.3024869791666667
0 0.5297916666666667 0.5102604166666667 0.1066927083333334 0.0999739583333333
0 0.9658203125 0.7880859375 0.06549479166666661 0.07276041666666681