0 0.5625 0.2109375 0.1640625 0.140625
0 0.4609375 0.12434895833333333 0.028645833333333332 0.024739583333333332
0 0.16145833333333334 0.2623697916666667 0.0625 0.06901041666666667
0 0.4518229166666667 0.15364583333333334 0.028645833333333332 0.028645833333333332
0 0.9225260416666666 0.18294270833333334 0.040364583333333336 0.05078125
0 0.349609375 0.5201822916666666 0.022135416666666668 0.022135416666666668
0 0.029947916666666668 0.64453125 0.057291666666666664 0.07552083333333333
0 0.349609375 0.7317708333333334 0.02734375 0.026041666666666668
0 0.7135416666666666 0.7955729166666666 0.03125 0.028645833333333332
0 0.4251302083333333 0.96484375 0.029947916666666668 0.028645833333333332
0 0.4973958333333333 0.890625 0.028645833333333332 0.026041666666666668
0 0.033203125 0.9283854166666666 0.04296875 0.044270833333333336
0 0.6126302083333334 0.95703125 0.08723958333333333 0.0859375
0 0.75390625 0.037109375 0.013020833333333334 0.016927083333333332
0 0.025390625 0.9798177083333334 0.01171875 0.014322916666666666
0 0.7786458333333334 0.7994791666666666 0.013020833333333334 0.020833333333333332
0 0.7858072916666666 0.7044270833333334 0.014322916666666666 0.0234375
0 0.6243489583333334 0.7395833333333334 0.014322916666666666 0.013020833333333334
0 0.30078125 0.6966145833333334 0.015625 0.013020833333333334
0 0.4609375 0.7571614583333334 0.010416666666666666 0.01171875
0 0.17643229166666666 0.7083333333333334 0.01171875 0.013020833333333334
0 0.18619791666666666 0.5638020833333334 0.013020833333333334 0.013020833333333334
0 0.234375 0.271484375 0.015625 0.014322916666666666
0 0.3033854166666667 0.27734375 0.0390625 0.03125
0 0.3665364583333333 0.27734375 0.016927083333333332 0.015625
0 0.3626302083333333 0.8268229166666666 0.009114583333333334 0.010416666666666666