0 0.035807291666666664 0.8782552083333334 0.03515625 0.03515625
0 0.09505208333333333 0.849609375 0.018229166666666668 0.016927083333333332
0 0.12174479166666667 0.7825520833333334 0.22526041666666666 0.2552083333333333
0 0.228515625 0.9837239583333334 0.01953125 0.01953125
0 0.3717447916666667 0.8587239583333334 0.032552083333333336 0.029947916666666668
0 0.185546875 0.7233072916666666 0.014322916666666666 0.01953125
0 0.10026041666666667 0.3600260416666667 0.028645833333333332 0.02734375
0 0.026041666666666668 0.513671875 0.018229166666666668 0.01953125
0 0.5572916666666666 0.625 0.026041666666666668 0.0234375
0 0.5703125 0.6009114583333334 0.0234375 0.022135416666666668
0 0.5319010416666666 0.921875 0.09765625 0.10416666666666667
0 0.58984375 0.708984375 0.052083333333333336 0.04296875
0 0.6569010416666666 0.8515625 0.10026041666666667 0.09895833333333333
0 0.7591145833333334 0.9166666666666666 0.044270833333333336 0.036458333333333336
0 0.6360677083333334 0.9602864583333334 0.09244791666666667 0.07682291666666667
0 0.3658854166666667 0.3118489583333333 0.059895833333333336 0.055989583333333336
0 0.255859375 0.21744791666666666 0.10546875 0.11458333333333333
0 0.4694010416666667 0.24739583333333334 0.2799479166666667 0.3203125
0 0.744140625 0.619140625 0.024739583333333332 0.024739583333333332
0 0.7376302083333334 0.4641927083333333 0.022135416666666668 0.022135416666666668
0 0.759765625 0.48046875 0.014322916666666666 0.015625
0 0.13151041666666666 0.015625 0.020833333333333332 0.0234375
0 0.037109375 0.056640625 0.06640625 0.07161458333333333
0 0.9368489583333334 0.3938802083333333 0.022135416666666668 0.024739583333333332
0 0.10091145833333333 0.4765625 0.016927083333333332 0.020833333333333332
0 0.9029947916666666 0.09244791666666667 0.016927083333333332 0.018229166666666668
0 0.055989583333333336 0.2903645833333333 0.013020833333333334 0.013020833333333334
0 0.09114583333333333 0.16015625 0.013020833333333334 0.013020833333333334
0 0.7955729166666666 0.17643229166666666 0.057291666666666664 0.05859375
0 0.7923177083333334 0.8645833333333334 0.014322916666666666 0.015625
0 0.20572916666666666 0.77734375 0.015625 0.018229166666666668
0 0.029296875 0.2845052083333333 0.01171875 0.016927083333333332
0 0.07486979166666667 0.15625 0.01171875 0.015625
0 0.056640625 0.050130208333333336 0.01171875 0.01171875
0 0.22265625 0.6002604166666666 0.013020833333333334 0.013020833333333334
0 0.3678385416666667 0.5846354166666666 0.014322916666666666 0.013020833333333334
0 0.578125 0.6315104166666666 0.015625 0.020833333333333332
0 0.5703125 0.18684895833333334 0.015625 0.014322916666666666
0 0.515625 0.044270833333333336 0.013020833333333334 0.013020833333333334
0 0.6790364583333334 0.8372395833333334 0.01171875 0.013020833333333334
0 0.7682291666666666 0.9661458333333334 0.015625 0.018229166666666668
0 0.9856770833333334 0.005859375 0.018229166666666668 0.01171875
0 0.712890625 0.006510416666666667 0.014322916666666666 0.013020833333333334
0 0.5703125 0.021484375 0.013020833333333334 0.01171875
0 0.37890625 0.0390625 0.013020833333333334 0.013020833333333334
0 0.16080729166666666 0.8177083333333334 0.01171875 0.013020833333333334