0 0.7727864583333334 0.52734375 0.029947916666666668 0.026041666666666668
0 0.9615885416666666 0.8411458333333334 0.04296875 0.041666666666666664
0 0.7649739583333334 0.2421875 0.01953125 0.0234375
0 0.60546875 0.703125 0.026041666666666668 0.026041666666666668
0 0.7213541666666666 0.8098958333333334 0.026041666666666668 0.03125
0 0.7819010416666666 0.07356770833333333 0.014322916666666666 0.016927083333333332
0 0.9765625 0.986328125 0.026041666666666668 0.01953125
0 0.888671875 0.771484375 0.01953125 0.01953125
0 0.482421875 0.5859375 0.037760416666666664 0.0390625
0 0.4934895833333333 0.8385416666666666 0.018229166666666668 0.018229166666666668
0 0.12825520833333334 0.974609375 0.016927083333333332 0.022135416666666668
0 0.5924479166666666 0.673828125 0.020833333333333332 0.01953125