0 0.3815104166666667 0.849609375 0.026041666666666668 0.026041666666666668
0 0.13020833333333334 0.56640625 0.024739583333333332 0.024739583333333332
0 0.2760416666666667 0.6848958333333334 0.033854166666666664 0.033854166666666664
0 0.4557291666666667 0.8294270833333334 0.026041666666666668 0.026041666666666668
0 0.8125 0.3971354166666667 0.0234375 0.0234375
0 0.6640625 0.685546875 0.02734375 0.02734375
0 0.9856770833333334 0.7447916666666666 0.028645833333333332 0.028645833333333332
0 0.9811197916666666 0.3430989583333333 0.028645833333333332 0.02734375
0 0.576171875 0.59765625 0.026041666666666668 0.026041666666666668
0 0.8248697916666666 0.4928385416666667 0.026041666666666668 0.026041666666666668
0 0.7259114583333334 0.5091145833333334 0.032552083333333336 0.032552083333333336
0 0.15104166666666666 0.232421875 0.04296875 0.040364583333333336
0 0.9967447916666666 0.6282552083333334 0.006510416666666667 0.029947916666666668
0 0.6002604166666666 0.5611979166666666 0.0234375 0.0234375
0 0.9856770833333334 0.8033854166666666 0.028645833333333332 0.028645833333333332
0 0.482421875 0.408203125 0.041666666666666664 0.04296875
0 0.033854166666666664 0.23502604166666666 0.03125 0.029947916666666668
0 0.6979166666666666 0.16015625 0.03515625 0.03515625
0 0.12044270833333333 0.9309895833333334 0.0703125 0.06901041666666667
0 0.2962239583333333 0.7858072916666666 0.06640625 0.0703125
0 0.42578125 0.7467447916666666 0.055989583333333336 0.0625
0 0.662109375 0.9830729166666666 0.029947916666666668 0.02734375
0 0.5651041666666666 0.796875 0.06380208333333333 0.05859375
0 0.20963541666666666 0.9772135416666666 0.14583333333333334 0.045572916666666664
0 0.4811197916666667 0.4622395833333333 0.048177083333333336 0.041666666666666664
0 0.09765625 0.0546875 0.1953125 0.109375
0 0.4635416666666667 0.3001302083333333 0.11458333333333333 0.07682291666666667
0 0.22916666666666666 0.365234375 0.06770833333333333 0.07161458333333333
0 0.7897135416666666 0.043619791666666664 0.08984375 0.08723958333333333
0 0.2805989583333333 0.140625 0.09635416666666667 0.10026041666666667
0 0.20572916666666666 0.5071614583333334 0.06510416666666667 0.06901041666666667
0 0.6686197916666666 0.275390625 0.10677083333333333 0.0859375
0 0.7213541666666666 0.6139322916666666 0.06510416666666667 0.057291666666666664
0 0.3203125 0.11263020833333333 0.041666666666666664 0.04296875
0 0.8834635416666666 0.6243489583333334 0.0703125 0.06770833333333333
0 0.6529947916666666 0.033203125 0.061197916666666664 0.06640625
0 0.54296875 0.09635416666666667 0.059895833333333336 0.061197916666666664
0 0.035807291666666664 0.82421875 0.06770833333333333 0.0625
0 0.6653645833333334 0.7903645833333334 0.07421875 0.06770833333333333