0 0.5423177083333334 0.3111979166666667 0.20833333333333334 0.17708333333333334
0 0.73828125 0.5891927083333334 0.048177083333333336 0.0390625
0 0.7265625 0.30078125 0.040364583333333336 0.036458333333333336
0 0.4811197916666667 0.8046875 0.052083333333333336 0.05859375
0 0.9166666666666666 0.39453125 0.0625 0.049479166666666664
0 0.4088541666666667 0.923828125 0.045572916666666664 0.045572916666666664
0 0.23697916666666666 0.490234375 0.08072916666666667 0.07942708333333333
0 0.177734375 0.8639322916666666 0.02734375 0.028645833333333332
0 0.6354166666666666 0.022135416666666668 0.037760416666666664 0.037760416666666664
0 0.3294270833333333 0.185546875 0.0390625 0.0390625
0 0.4459635416666667 0.9641927083333334 0.037760416666666664 0.036458333333333336
0 0.744140625 0.3912760416666667 0.03125 0.033854166666666664