0 0.603515625 0.1796875 0.01953125 0.015625
0 0.478515625 0.150390625 0.024739583333333332 0.02734375
0 0.4635416666666667 0.2942708333333333 0.020833333333333332 0.018229166666666668
0 0.9837239583333334 0.044270833333333336 0.024739583333333332 0.020833333333333332
0 0.9407552083333334 0.4055989583333333 0.05078125 0.053385416666666664
0 0.9733072916666666 0.3307291666666667 0.014322916666666666 0.015625
0 0.9895833333333334 0.37890625 0.013020833333333334 0.013020833333333334
0 0.7265625 0.5078125 0.0234375 0.020833333333333332
0 0.8541666666666666 0.6119791666666666 0.020833333333333332 0.020833333333333332
0 0.6868489583333334 0.7526041666666666 0.022135416666666668 0.020833333333333332
0 0.6302083333333334 0.634765625 0.015625 0.016927083333333332
0 0.556640625 0.6490885416666666 0.01953125 0.022135416666666668
0 0.19010416666666666 0.7591145833333334 0.018229166666666668 0.015625
0 0.130859375 0.8736979166666666 0.014322916666666666 0.013020833333333334
0 0.7454427083333334 0.5924479166666666 0.014322916666666666 0.015625
0 0.7923177083333334 0.5123697916666666 0.01171875 0.014322916666666666
0 0.64453125 0.4544270833333333 0.013020833333333334 0.015625
0 0.791015625 0.3014322916666667 0.014322916666666666 0.01171875
0 0.8971354166666666 0.20833333333333334 0.03125 0.03125
0 0.85546875 0.4602864583333333 0.026041666666666668 0.024739583333333332
0 0.560546875 0.1015625 0.01171875 0.010416666666666666
0 0.6399739583333334 0.8359375 0.016927083333333332 0.015625
0 0.5696614583333334 0.6959635416666666 0.022135416666666668 0.022135416666666668
0 0.99609375 0.09700520833333333 0.0078125 0.014322916666666666
0 0.95703125 0.1484375 0.07291666666666667 0.0703125
0 0.4049479166666667 0.3359375 0.041666666666666664 0.026041666666666668
0 0.5462239583333334 0.19596354166666666 0.01171875 0.009114583333333334
0 0.45703125 0.22526041666666666 0.020833333333333332 0.018229166666666668