0 0.96875 0.4036458333333333 0.033854166666666664 0.0390625
0 0.5813802083333334 0.251953125 0.11588541666666667 0.10807291666666667
0 0.5592447916666666 0.3561197916666667 0.032552083333333336 0.032552083333333336
0 0.7447916666666666 0.708984375 0.026041666666666668 0.03515625
0 0.6790364583333334 0.8665364583333334 0.02734375 0.024739583333333332
0 0.6256510416666666 0.6477864583333334 0.016927083333333332 0.01953125
0 0.6145833333333334 0.7682291666666666 0.09114583333333333 0.10416666666666667
0 0.443359375 0.013671875 0.029947916666666668 0.024739583333333332
0 0.2265625 0.130859375 0.044270833333333336 0.040364583333333336
0 0.142578125 0.3430989583333333 0.01953125 0.022135416666666668
0 0.171875 0.404296875 0.3125 0.3268229166666667
0 0.3522135416666667 0.634765625 0.27734375 0.29296875
0 0.7513020833333334 0.18880208333333334 0.026041666666666668 0.013020833333333334
0 0.6276041666666666 0.10807291666666667 0.026041666666666668 0.020833333333333332
0 0.6041666666666666 0.07096354166666667 0.018229166666666668 0.01953125
0 0.43359375 0.6087239583333334 0.015625 0.01953125