0 0.23958333333333334 0.13541666666666666 0.036458333333333336 0.036458333333333336
0 0.8203125 0.22591145833333334 0.026041666666666668 0.02734375
0 0.033854166666666664 0.455078125 0.036458333333333336 0.037760416666666664
0 0.10221354166666667 0.3098958333333333 0.02734375 0.028645833333333332
0 0.8151041666666666 0.583984375 0.0546875 0.055989583333333336
0 0.3893229166666667 0.5963541666666666 0.0234375 0.020833333333333332
0 0.28125 0.6940104166666666 0.020833333333333332 0.020833333333333332
0 0.9140625 0.8509114583333334 0.0234375 0.022135416666666668
0 0.8333333333333334 0.9765625 0.0234375 0.020833333333333332
0 0.8391927083333334 0.9303385416666666 0.016927083333333332 0.01953125
0 0.4505208333333333 0.7994791666666666 0.013020833333333334 0.013020833333333334
0 0.7486979166666666 0.9876302083333334 0.018229166666666668 0.014322916666666666
0 0.040364583333333336 0.6282552083333334 0.013020833333333334 0.014322916666666666
0 0.0625 0.640625 0.013020833333333334 0.013020833333333334
0 0.9440104166666666 0.018880208333333332 0.013020833333333334 0.014322916666666666
0 0.265625 0.396484375 0.06770833333333333 0.06640625
0 0.4869791666666667 0.09440104166666667 0.049479166666666664 0.053385416666666664
0 0.3756510416666667 0.2936197916666667 0.014322916666666666 0.014322916666666666
0 0.3665364583333333 0.740234375 0.014322916666666666 0.01171875
0 0.85546875 0.5970052083333334 0.010416666666666666 0.01171875
0 0.984375 0.9908854166666666 0.03125 0.018229166666666668
0 0.5338541666666666 0.7298177083333334 0.013020833333333334 0.01171875
0 0.587890625 0.8600260416666666 0.009114583333333334 0.01171875
0 0.5266927083333334 0.8372395833333334 0.01171875 0.010416666666666666
0 0.3971354166666667 0.8352864583333334 0.010416666666666666 0.01171875
0 0.4765625 0.9016927083333334 0.010416666666666666 0.009114583333333334
0 0.6256510416666666 0.21940104166666666 0.032552083333333336 0.032552083333333336
0 0.006510416666666667 0.60546875 0.010416666666666666 0.0234375