0 0.7897135416666666 0.4225260416666667 0.024739583333333332 0.024739583333333332
0 0.7506510416666666 0.6536458333333334 0.024739583333333332 0.028645833333333332
0 0.4739583333333333 0.3834635416666667 0.059895833333333336 0.061197916666666664
0 0.572265625 0.296875 0.016927083333333332 0.013020833333333334
0 0.623046875 0.6061197916666666 0.016927083333333332 0.016927083333333332
0 0.11653645833333333 0.21549479166666666 0.03515625 0.032552083333333336
0 0.09049479166666667 0.18033854166666666 0.055989583333333336 0.053385416666666664
0 0.029947916666666668 0.078125 0.015625 0.018229166666666668
0 0.4973958333333333 0.014973958333333334 0.028645833333333332 0.02734375
0 0.318359375 0.5201822916666666 0.022135416666666668 0.022135416666666668
0 0.16471354166666666 0.51171875 0.016927083333333332 0.018229166666666668
0 0.15885416666666666 0.7506510416666666 0.020833333333333332 0.022135416666666668
0 0.40234375 0.23567708333333334 0.018229166666666668 0.020833333333333332
0 0.326171875 0.2708333333333333 0.022135416666666668 0.0234375
0 0.22786458333333334 0.014322916666666666 0.026041666666666668 0.020833333333333332
0 0.20963541666666666 0.13151041666666666 0.013020833333333334 0.013020833333333334
0 0.08723958333333333 0.57421875 0.018229166666666668 0.015625
0 0.091796875 0.6100260416666666 0.055989583333333336 0.055989583333333336
0 0.20638020833333334 0.6907552083333334 0.014322916666666666 0.014322916666666666
0 0.7220052083333334 0.2421875 0.022135416666666668 0.020833333333333332
0 0.6608072916666666 0.6731770833333334 0.061197916666666664 0.06510416666666667
0 0.9303385416666666 0.6875 0.016927083333333332 0.015625
0 0.9524739583333334 0.7805989583333334 0.016927083333333332 0.01953125
0 0.984375 0.24283854166666666 0.015625 0.014322916666666666
0 0.9505208333333334 0.14908854166666666 0.09635416666666667 0.13932291666666666
0 0.4986979166666667 0.9602864583333334 0.015625 0.016927083333333332
0 0.5833333333333334 0.6165364583333334 0.013020833333333334 0.01171875
0 0.54296875 0.3671875 0.013020833333333334 0.015625
0 0.3483072916666667 0.6966145833333334 0.014322916666666666 0.015625
0 0.248046875 0.869140625 0.045572916666666664 0.048177083333333336
0 0.837890625 0.7916666666666666 0.01953125 0.018229166666666668
0 0.8177083333333334 0.8776041666666666 0.015625 0.015625
0 0.9114583333333334 0.84375 0.057291666666666664 0.057291666666666664
0 0.095703125 0.7005208333333334 0.01171875 0.013020833333333334
0 0.5149739583333334 0.5182291666666666 0.014322916666666666 0.015625
0 0.4095052083333333 0.9635416666666666 0.061197916666666664 0.0546875
0 0.7916666666666666 0.751953125 0.013020833333333334 0.014322916666666666
0 0.896484375 0.4075520833333333 0.014322916666666666 0.015625
0 0.4895833333333333 0.779296875 0.109375 0.11848958333333333
0 0.5260416666666666 0.027994791666666668 0.015625 0.016927083333333332
0 0.20703125 0.9173177083333334 0.015625 0.016927083333333332
0 0.19986979166666666 0.3658854166666667 0.01171875 0.013020833333333334
0 0.7083333333333334 0.8040364583333334 0.015625 0.014322916666666666
0 0.5188802083333334 0.666015625 0.11067708333333333 0.11067708333333333
0 0.17057291666666666 0.013671875 0.015625 0.016927083333333332
0 0.3450520833333333 0.8092447916666666 0.013020833333333334 0.014322916666666666
0 0.0390625 0.625 0.013020833333333334 0.013020833333333334
0 0.8899739583333334 0.08463541666666667 0.14713541666666666 0.15625
0 0.8170572916666666 0.3977864583333333 0.01171875 0.014322916666666666
0 0.833984375 0.4049479166666667 0.2825520833333333 0.2916666666666667
0 0.7760416666666666 0.7825520833333334 0.013020833333333334 0.013020833333333334
0 0.7916666666666666 0.7649739583333334 0.010416666666666666 0.01171875
0 0.7024739583333334 0.7389322916666666 0.009114583333333334 0.01171875
0 0.8053385416666666 0.9231770833333334 0.01171875 0.010416666666666666
0 0.9915364583333334 0.9309895833333334 0.014322916666666666 0.044270833333333336
0 0.96484375 0.765625 0.013020833333333334 0.013020833333333334
0 0.603515625 0.4876302083333333 0.01171875 0.01171875
0 0.3196614583333333 0.501953125 0.014322916666666666 0.014322916666666666
0 0.3125 0.654296875 0.046875 0.053385416666666664
0 0.2838541666666667 0.505859375 0.013020833333333334 0.01171875
0 0.3313802083333333 0.6256510416666666 0.009114583333333334 0.009114583333333334
0 0.2766927083333333 0.6002604166666666 0.009114583333333334 0.010416666666666666
0 0.3619791666666667 0.9303385416666666 0.14322916666666666 0.11588541666666667
0 0.2584635416666667 0.93359375 0.045572916666666664 0.049479166666666664
0 0.13411458333333334 0.8802083333333334 0.0234375 0.026041666666666668
0 0.0546875 0.482421875 0.010416666666666666 0.01171875
0 0.041015625 0.06575520833333333 0.01171875 0.01171875
0 0.16536458333333334 0.306640625 0.010416666666666666 0.01171875
0 0.17838541666666666 0.18489583333333334 0.010416666666666666 0.010416666666666666
0 0.3723958333333333 0.21809895833333334 0.010416666666666666 0.01171875
0 0.3372395833333333 0.4108072916666667 0.0390625 0.037760416666666664
0 0.181640625 0.4140625 0.009114583333333334 0.010416666666666666
0 0.265625 0.330078125 0.010416666666666666 0.01171875