0 0.9557291666666666 0.3763020833333333 0.020833333333333332 0.020833333333333332
0 0.8639322916666666 0.14127604166666666 0.04296875 0.032552083333333336
0 0.720703125 0.06901041666666667 0.07421875 0.08333333333333333
0 0.6328125 0.0390625 0.036458333333333336 0.0390625
0 0.5494791666666666 0.16731770833333334 0.044270833333333336 0.04296875
0 0.515625 0.17122395833333334 0.020833333333333332 0.022135416666666668
0 0.505859375 0.3450520833333333 0.06901041666666667 0.07552083333333333
0 0.4075520833333333 0.2962239583333333 0.13541666666666666 0.14973958333333334
0 0.20768229166666666 0.032552083333333336 0.024739583333333332 0.026041666666666668
0 0.17252604166666666 0.2734375 0.01953125 0.026041666666666668
0 0.13671875 0.2421875 0.06510416666666667 0.06770833333333333
0 0.24739583333333334 0.59375 0.0390625 0.041666666666666664
0 0.5559895833333334 0.4303385416666667 0.020833333333333332 0.02734375
0 0.5872395833333334 0.3567708333333333 0.015625 0.015625
0 0.6321614583333334 0.8138020833333334 0.022135416666666668 0.013020833333333334
0 0.5514322916666666 0.7981770833333334 0.3736979166666667 0.3463541666666667
0 0.53515625 0.6041666666666666 0.028645833333333332 0.03125
0 0.458984375 0.6223958333333334 0.08463541666666667 0.0703125
0 0.337890625 0.7369791666666666 0.02734375 0.028645833333333332
0 0.19791666666666666 0.8268229166666666 0.026041666666666668 0.026041666666666668
0 0.07161458333333333 0.5813802083333334 0.026041666666666668 0.024739583333333332
0 0.0234375 0.6119791666666666 0.0234375 0.026041666666666668
0 0.8268229166666666 0.4622395833333333 0.10416666666666667 0.1171875
0 0.9270833333333334 0.8893229166666666 0.020833333333333332 0.020833333333333332
0 0.4850260416666667 0.0859375 0.09505208333333333 0.09375
0 0.8118489583333334 0.24088541666666666 0.01953125 0.020833333333333332
0 0.4752604166666667 0.8216145833333334 0.018229166666666668 0.015625
0 0.21809895833333334 0.9654947916666666 0.01953125 0.016927083333333332
0 0.8411458333333334 0.3346354166666667 0.010416666666666666 0.013020833333333334
0 0.826171875 0.3059895833333333 0.009114583333333334 0.010416666666666666
0 0.8645833333333334 0.5572916666666666 0.015625 0.015625
0 0.8170572916666666 0.5221354166666666 0.01171875 0.010416666666666666
0 0.7747395833333334 0.13346354166666666 0.0078125 0.009114583333333334
0 0.73046875 0.2819010416666667 0.0078125 0.009114583333333334
0 0.400390625 0.4069010416666667 0.01171875 0.01171875
0 0.345703125 0.5006510416666666 0.01171875 0.014322916666666666
0 0.21940104166666666 0.205078125 0.009114583333333334 0.009114583333333334
0 0.2779947916666667 0.054036458333333336 0.014322916666666666 0.014322916666666666