0 0.20638020833333334 0.4453125 0.016927083333333332 0.015625
0 0.22591145833333334 0.24739583333333334 0.08463541666666667 0.0859375
0 0.014973958333333334 0.2838541666666667 0.02734375 0.046875
0 0.07356770833333333 0.2884114583333333 0.07421875 0.07421875
0 0.7265625 0.2591145833333333 0.026041666666666668 0.028645833333333332
0 0.75390625 0.5403645833333334 0.0234375 0.0234375
0 0.9270833333333334 0.9322916666666666 0.013020833333333334 0.018229166666666668
0 0.3033854166666667 0.3821614583333333 0.013020833333333334 0.01171875
0 0.40625 0.5286458333333334 0.020833333333333332 0.020833333333333332
0 0.619140625 0.026692708333333332 0.02734375 0.02734375
0 0.966796875 0.059895833333333336 0.032552083333333336 0.033854166666666664
0 0.20768229166666666 0.7350260416666666 0.014322916666666666 0.01171875
0 0.943359375 0.3795572916666667 0.016927083333333332 0.016927083333333332
0 0.962890625 0.3997395833333333 0.014322916666666666 0.015625
0 0.5423177083333334 0.91796875 0.016927083333333332 0.015625
0 0.055989583333333336 0.1796875 0.013020833333333334 0.013020833333333334
0 0.41796875 0.2532552083333333 0.013020833333333334 0.01171875
0 0.5110677083333334 0.22265625 0.014322916666666666 0.013020833333333334
0 0.4720052083333333 0.6009114583333334 0.016927083333333332 0.01953125
0 0.7630208333333334 0.34765625 0.013020833333333334 0.010416666666666666
0 0.3802083333333333 0.5149739583333334 0.028645833333333332 0.029947916666666668
0 0.5032552083333334 0.4309895833333333 0.06380208333333333 0.06510416666666667
0 0.17513020833333334 0.19466145833333334 0.01953125 0.014322916666666666
0 0.099609375 0.15950520833333334 0.01171875 0.01171875