0 0.2545572916666667 0.3098958333333333 0.015625 0.016927083333333332
0 0.322265625 0.2610677083333333 0.013020833333333334 0.013020833333333334
0 0.08463541666666667 0.3235677083333333 0.015625 0.015625
0 0.048177083333333336 0.2747395833333333 0.015625 0.016927083333333332
0 0.16536458333333334 0.24869791666666666 0.013020833333333334 0.014322916666666666
0 0.20572916666666666 0.2571614583333333 0.013020833333333334 0.014322916666666666
0 0.13541666666666666 0.2825520833333333 0.014322916666666666 0.014322916666666666
0 0.962890625 0.7708333333333334 0.014322916666666666 0.014322916666666666
0 0.3313802083333333 0.3854166666666667 0.016927083333333332 0.016927083333333332
0 0.9837239583333334 0.669921875 0.016927083333333332 0.018229166666666668
0 0.08854166666666667 0.20963541666666666 0.015625 0.015625
0 0.654296875 0.035807291666666664 0.016927083333333332 0.018229166666666668
0 0.5963541666666666 0.3014322916666667 0.015625 0.015625
0 0.00390625 0.2877604166666667 0.0078125 0.013020833333333334
0 0.68359375 0.14388020833333334 0.018229166666666668 0.018229166666666668
0 0.9830729166666666 0.4791666666666667 0.015625 0.016927083333333332
0 0.9576822916666666 0.5397135416666666 0.01953125 0.020833333333333332
0 0.0026041666666666665 0.23697916666666666 0.005208333333333333 0.015625
0 0.30859375 0.3821614583333333 0.014322916666666666 0.014322916666666666
0 0.80078125 0.08268229166666667 0.013020833333333334 0.014322916666666666
0 0.03125 0.310546875 0.015625 0.018229166666666668
0 0.17643229166666666 0.3352864583333333 0.016927083333333332 0.016927083333333332
0 0.9674479166666666 0.994140625 0.015625 0.01171875
0 0.4303385416666667 0.3151041666666667 0.01171875 0.01171875
0 0.765625 0.08723958333333333 0.018229166666666668 0.018229166666666668
0 0.7591145833333334 0.3684895833333333 0.0234375 0.024739583333333332
0 0.18359375 0.22005208333333334 0.015625 0.018229166666666668
0 0.8795572916666666 0.23307291666666666 0.013020833333333334 0.013020833333333334
0 0.6608072916666666 0.20182291666666666 0.020833333333333332 0.022135416666666668
0 0.037760416666666664 0.14192708333333334 0.024739583333333332 0.03125
0 0.9817708333333334 0.22591145833333334 0.014322916666666666 0.014322916666666666
0 0.9361979166666666 0.5989583333333334 0.013020833333333334 0.013020833333333334
0 0.751953125 0.3046875 0.022135416666666668 0.0234375
0 0.9583333333333334 0.6946614583333334 0.014322916666666666 0.013020833333333334
0 0.5944010416666666 0.2421875 0.01953125 0.018229166666666668
0 0.059895833333333336 0.005859375 0.0234375 0.01171875
0 0.935546875 0.970703125 0.018229166666666668 0.018229166666666668
0 0.884765625 0.673828125 0.01171875 0.01171875
0 0.955078125 0.4381510416666667 0.018229166666666668 0.01953125
0 0.8333333333333334 0.24934895833333334 0.029947916666666668 0.029947916666666668
0 0.09440104166666667 0.357421875 0.014322916666666666 0.014322916666666666
0 0.24283854166666666 0.18424479166666666 0.014322916666666666 0.013020833333333334
0 0.4921875 0.3046875 0.01171875 0.01171875
0 0.033854166666666664 0.251953125 0.014322916666666666 0.015625
0 0.9290364583333334 0.3430989583333333 0.04192708333333334 0.15494791666666666
0 0.9889322916666666 0.4088541666666667 0.018229166666666668 0.01953125
0 0.939453125 0.14192708333333334 0.018229166666666668 0.018229166666666668
0 0.9609375 0.8040364583333334 0.014322916666666666 0.015625
0 0.318359375 0.15559895833333334 0.024739583333333332 0.0234375
0 0.6920572916666666 0.027994791666666668 0.028645833333333332 0.03125
0 0.5651041666666666 0.008463541666666666 0.018229166666666668 0.016927083333333332
0 0.7688802083333334 0.22395833333333334 0.0234375 0.0234375
0 0.9544270833333334 0.5950520833333334 0.014322916666666666 0.015625
0 0.7545572916666666 0.16666666666666666 0.033854166666666664 0.03125
0 0.869140625 0.6354166666666666 0.013020833333333334 0.014322916666666666
0 0.93359375 0.162109375 0.018229166666666668 0.018229166666666668
0 0.8587239583333334 0.004322916666666666 0.07161458333333333 0.028645833333333332