0 0.5501302083333334 0.0625 0.09765625 0.078125
0 0.33203125 0.2565104166666667 0.06510416666666667 0.0546875
0 0.5013020833333334 0.3196614583333333 0.078125 0.07161458333333333
0 0.5859375 0.38671875 0.026041666666666668 0.0234375
0 0.7942708333333334 0.09700520833333333 0.026041666666666668 0.029947916666666668
0 0.4733072916666667 0.7233072916666666 0.029947916666666668 0.032552083333333336
0 0.18684895833333334 0.8606770833333334 0.029947916666666668 0.03125
0 0.9375 0.18033854166666666 0.078125 0.07682291666666667
0 0.9049479166666666 0.376953125 0.078125 0.06901041666666667
0 0.9485677083333334 0.53125 0.08723958333333333 0.078125
0 0.6126302083333334 0.90625 0.02734375 0.03125
0 0.345703125 0.09765625 0.016927083333333332 0.015625
0 0.7329166666666667 0.533203125 0.02645833333333325 0.025039062500000025
0 0.17516927083333333 0.12188802083333333 0.01738281250000001 0.015546874999999996
0 0.9194401041666667 0.923828125 0.016158854166666774 0.016458333333333464
0 0.6333072916666667 0.294921875 0.011067708333333334 0.010859374999999968
0 0.9760807291666667 0.12561197916666667 0.020338541666666526 0.018294270833333348
0 0.25903645833333333 0.31225260416666667 0.012421875000000027 0.011692708333333357
0 0.48559895833333333 0.6826171875 0.04376302083333335 0.041835937500000066
0 0.6704166666666667 0.04778645833333334 0.014622395833333357 0.014179687500000001
0 0.25268229166666667 0.27490885416666666 0.01049479166666667 0.010286458333333304
0 0.7026432291666667 0.47510416666666666 0.01053385416666656 0.01045572916666663
0 0.7495182291666667 0.20934895833333333 0.00985677083333325 0.009895833333333362
0 0.6630859375 0.4658203125 0.009453124999999988 0.009557291666666709
0 0.33154947916666666 0.517578125 0.00906250000000001 0.008515624999999952
0 0.6328125 0.053098958333333335 0.013528645833333316 0.012669270833333338
0 0.8715885416666667 0.32885416666666667 0.011640625000000071 0.011289062499999983
0 0.04587239583333333 0.7392578125 0.009596354166666668 0.009231770833333227
0 0.21936197916666667 0.44506510416666667 0.008919270833333362 0.009127604166666655