0 0.828125 0.1484375 0.041666666666666664 0.033854166666666664
0 0.3912760416666667 0.3346354166666667 0.02734375 0.028645833333333332
0 0.14192708333333334 0.08463541666666667 0.036458333333333336 0.028645833333333332
0 0.6412760416666666 0.208984375 0.02734375 0.029947916666666668
0 0.2845052083333333 0.8704427083333334 0.055989583333333336 0.045572916666666664
0 0.19401041666666666 0.5091145833333334 0.0234375 0.026041666666666668
0 0.048828125 0.9127604166666666 0.045572916666666664 0.0390625
0 0.6979166666666666 0.6979166666666666 0.015625 0.026041666666666668
0 0.6868489583333334 0.7421875 0.01953125 0.0234375
0 0.7897135416666666 0.5188802083333334 0.016927083333333332 0.01953125
0 0.80078125 0.498046875 0.013020833333333334 0.016927083333333332
0 0.7369791666666666 0.958984375 0.015625 0.014322916666666666
0 0.4791666666666667 0.3704427083333333 0.020833333333333332 0.022135416666666668
0 0.9459635416666666 0.2903645833333333 0.10807291666666667 0.22395833333333334