0 0.07552083333333333 0.7220052083333334 0.03125 0.037760416666666664
0 0.12369791666666667 0.7578125 0.0390625 0.046875
0 0.087890625 0.7727864583333334 0.01953125 0.016927083333333332
0 0.06640625 0.857421875 0.015625 0.022135416666666668
0 0.052083333333333336 0.8997395833333334 0.026041666666666668 0.028645833333333332
0 0.045572916666666664 0.4876302083333333 0.026041666666666668 0.024739583333333332
0 0.08138020833333333 0.4361979166666667 0.01953125 0.013020833333333334
0 0.10416666666666667 0.5188802083333334 0.052083333333333336 0.055989583333333336
0 0.17903645833333334 0.7063802083333334 0.032552083333333336 0.045572916666666664
0 0.23763020833333334 0.6555989583333334 0.01953125 0.022135416666666668
0 0.2825520833333333 0.4661458333333333 0.026041666666666668 0.028645833333333332
0 0.150390625 0.21614583333333334 0.024739583333333332 0.028645833333333332
0 0.185546875 0.1953125 0.01953125 0.013020833333333334
0 0.055989583333333336 0.3561197916666667 0.09635416666666667 0.12109375
0 0.4342447916666667 0.7330729166666666 0.022135416666666668 0.0234375
0 0.3209635416666667 0.8717447916666666 0.014322916666666666 0.024739583333333332
0 0.318359375 0.21484375 0.045572916666666664 0.052083333333333336
0 0.6171875 0.2682291666666667 0.033854166666666664 0.028645833333333332
0 0.7115885416666666 0.42578125 0.02734375 0.033854166666666664
0 0.564453125 0.8430989583333334 0.022135416666666668 0.032552083333333336
0 0.53125 0.7447916666666666 0.018229166666666668 0.018229166666666668
0 0.11458333333333333 0.9446614583333334 0.020833333333333332 0.022135416666666668
0 0.701171875 0.20442708333333334 0.022135416666666668 0.020833333333333332
0 0.4622395833333333 0.23697916666666666 0.052083333333333336 0.052083333333333336
0 0.3528645833333333 0.016276041666666668 0.015625 0.01953125
0 0.439453125 0.3776041666666667 0.05859375 0.06510416666666667
0 0.3352864583333333 0.4290364583333333 0.045572916666666664 0.07161458333333333
0 0.3424479166666667 0.767578125 0.020833333333333332 0.032552083333333336
0 0.287109375 0.330078125 0.06640625 0.061197916666666664
0 0.23177083333333334 0.91015625 0.018229166666666668 0.013020833333333334
0 0.126953125 0.7135416666666666 0.01953125 0.010416666666666666
0 0.5149739583333334 0.6263020833333334 0.07942708333333333 0.07552083333333333
0 0.3951822916666667 0.6380208333333334 0.022135416666666668 0.013020833333333334
0 0.6673177083333334 0.513671875 0.01953125 0.01953125
0 0.5611979166666666 0.4264322916666667 0.15625 0.18880208333333334
0 0.59375 0.3170572916666667 0.015625 0.016927083333333332
0 0.75390625 0.9700520833333334 0.018229166666666668 0.026041666666666668
0 0.728515625 0.5579427083333334 0.12369791666666667 0.11328125
0 0.7981770833333334 0.4908854166666667 0.018229166666666668 0.018229166666666668
0 0.7486979166666666 0.3268229166666667 0.0390625 0.036458333333333336
0 0.8046875 0.369140625 0.044270833333333336 0.048177083333333336
0 0.830078125 0.134765625 0.032552083333333336 0.029947916666666668
0 0.8984375 0.7252604166666666 0.013020833333333334 0.018229166666666668
0 0.9251302083333334 0.650390625 0.014322916666666666 0.014322916666666666
0 0.740234375 0.7389322916666666 0.01953125 0.01953125
0 0.8391927083333334 0.953125 0.01953125 0.018229166666666668
0 0.8802083333333334 0.6041666666666666 0.1015625 0.13020833333333334
0 0.8014322916666666 0.6927083333333334 0.14192708333333334 0.1484375
0 0.9446614583333334 0.7096354166666666 0.014322916666666666 0.013020833333333334
0 0.9739583333333334 0.625 0.044270833333333336 0.06510416666666667
0 0.548828125 0.904296875 0.3372395833333333 0.18098958333333334
0 0.4381510416666667 0.19140625 0.01171875 0.013020833333333334
0 0.12369791666666667 0.13932291666666666 0.0390625 0.044270833333333336
0 0.9388020833333334 0.3190104166666667 0.041666666666666664 0.0390625