0 0.443359375 0.326171875 0.032552083333333336 0.032552083333333336
0 0.35546875 0.18489583333333334 0.026041666666666668 0.036458333333333336
0 0.4029947916666667 0.8294270833333334 0.022135416666666668 0.036458333333333336
0 0.5091145833333334 0.9772135416666666 0.020833333333333332 0.032552083333333336
0 0.5924479166666666 0.7884114583333334 0.041666666666666664 0.045572916666666664
0 0.2825520833333333 0.7389322916666666 0.11458333333333333 0.11848958333333333
0 0.80078125 0.5891927083333334 0.06770833333333333 0.07682291666666667
0 0.740234375 0.5162760416666666 0.024739583333333332 0.02734375
0 0.6848958333333334 0.24153645833333334 0.020833333333333332 0.032552083333333336
0 0.8509114583333334 0.71875 0.024739583333333332 0.0234375
0 0.9088541666666666 0.583984375 0.013020833333333334 0.01953125
0 0.7252604166666666 0.3359375 0.0234375 0.026041666666666668
0 0.7825520833333334 0.8470052083333334 0.018229166666666668 0.01953125
0 0.10872395833333333 0.08723958333333333 0.024739583333333332 0.015625
0 0.5279947916666666 0.10026041666666667 0.01953125 0.015625
0 0.4733072916666667 0.859375 0.01953125 0.020833333333333332
0 0.13802083333333334 0.87109375 0.015625 0.018229166666666668
0 0.050130208333333336 0.2923177083333333 0.016927083333333332 0.014322916666666666
0 0.125 0.4153645833333333 0.020833333333333332 0.015625
0 0.453125 0.032552083333333336 0.018229166666666668 0.015625
0 0.322265625 0.2805989583333333 0.016927083333333332 0.01171875
0 0.3385416666666667 0.26953125 0.018229166666666668 0.015625
0 0.8053385416666666 0.17838541666666666 0.016927083333333332 0.015625
0 0.845703125 0.4733072916666667 0.016927083333333332 0.016927083333333332
0 0.7604166666666666 0.6946614583333334 0.015625 0.014322916666666666
0 0.7565104166666666 0.8580729166666666 0.015625 0.018229166666666668
0 0.470703125 0.7337239583333334 0.014322916666666666 0.01953125
0 0.7395833333333334 0.016927083333333332 0.015625 0.010416666666666666
0 0.2623697916666667 0.5065104166666666 0.01171875 0.015625
0 0.21614583333333334 0.4381510416666667 0.013020833333333334 0.014322916666666666