0 0.7936197916666666 0.15234375 0.17838541666666666 0.15364583333333334
0 0.177734375 0.4212239583333333 0.029947916666666668 0.02734375
0 0.07486979166666667 0.4954427083333333 0.032552083333333336 0.032552083333333336
0 0.18229166666666666 0.5520833333333334 0.16666666666666666 0.15104166666666666
0 0.22721354166666666 0.78125 0.16276041666666666 0.140625
0 0.154296875 0.8216145833333334 0.01953125 0.020833333333333332
0 0.2936197916666667 0.8326822916666666 0.01953125 0.016927083333333332
0 0.4759114583333333 0.8802083333333334 0.024739583333333332 0.018229166666666668
0 0.6725260416666666 0.861328125 0.02734375 0.022135416666666668
0 0.458984375 0.3255208333333333 0.022135416666666668 0.0234375
0 0.345703125 0.3255208333333333 0.024739583333333332 0.020833333333333332
0 0.7760416666666666 0.2766927083333333 0.028645833333333332 0.029947916666666668
0 0.853515625 0.3131510416666667 0.07942708333333333 0.07161458333333333
0 0.85546875 0.38671875 0.15625 0.09895833333333333
0 0.13216145833333334 0.4348958333333333 0.016927083333333332 0.013020833333333334
0 0.057291666666666664 0.057942708333333336 0.041666666666666664 0.03515625
0 0.036458333333333336 0.17122395833333334 0.033854166666666664 0.032552083333333336
0 0.3665364583333333 0.6920572916666666 0.022135416666666668 0.016927083333333332
0 0.8697916666666666 0.798828125 0.020833333333333332 0.01953125
0 0.923828125 0.646484375 0.01953125 0.024739583333333332
0 0.5149739583333334 0.13802083333333334 0.014322916666666666 0.015625
0 0.17513020833333334 0.14127604166666666 0.01953125 0.016927083333333332
0 0.5709635416666666 0.4290364583333333 0.016927083333333332 0.014322916666666666
0 0.6588541666666666 0.4752604166666667 0.015625 0.015625
0 0.8014322916666666 0.244140625 0.014322916666666666 0.014322916666666666
0 0.1640625 0.9283854166666666 0.028645833333333332 0.026041666666666668
0 0.08072916666666667 0.9557291666666666 0.020833333333333332 0.015625
0 0.022786458333333332 0.951171875 0.01953125 0.01953125
0 0.3138020833333333 0.8997395833333334 0.0234375 0.020833333333333332
0 0.9108072916666666 0.5540364583333334 0.01953125 0.01953125
0 0.8001302083333334 0.5904947916666666 0.022135416666666668 0.022135416666666668
0 0.3177083333333333 0.5221354166666666 0.020833333333333332 0.020833333333333332
0 0.2630208333333333 0.22395833333333334 0.015625 0.015625
0 0.486328125 0.2747395833333333 0.014322916666666666 0.015625
0 0.3001302083333333 0.4811197916666667 0.07682291666666667 0.06901041666666667
0 0.751953125 0.70703125 0.09765625 0.078125
0 0.046223958333333336 0.7389322916666666 0.07682291666666667 0.06640625
0 0.123046875 0.861328125 0.01953125 0.016927083333333332
0 0.9583333333333334 0.14453125 0.08333333333333333 0.0859375
0 0.8046875 0.09505208333333333 0.020833333333333332 0.018229166666666668
0 0.9876302083333334 0.9375 0.024739583333333332 0.03125
0 0.9654947916666666 0.5130208333333334 0.016927083333333332 0.015625
0 0.5696614583333334 0.3502604166666667 0.014322916666666666 0.013020833333333334
0 0.3294270833333333 0.28125 0.013020833333333334 0.013020833333333334