0 0.236328125 0.513671875 0.17317708333333334 0.19140625
0 0.3359375 0.3880208333333333 0.0546875 0.059895833333333336
0 0.376953125 0.83203125 0.02734375 0.0234375
0 0.4049479166666667 0.7591145833333334 0.0234375 0.020833333333333332
0 0.07552083333333333 0.9895833333333334 0.026041666666666668 0.018229166666666668
0 0.4954427083333333 0.203125 0.12109375 0.13541666666666666
0 0.421875 0.07486979166666667 0.1328125 0.13671875
0 0.045572916666666664 0.3548177083333333 0.018229166666666668 0.024739583333333332
0 0.043619791666666664 0.19401041666666666 0.03515625 0.036458333333333336
0 0.06770833333333333 0.18359375 0.020833333333333332 0.020833333333333332
0 0.4635416666666667 0.57421875 0.028645833333333332 0.028645833333333332
0 0.4765625 0.5813802083333334 0.10677083333333333 0.12109375
0 0.490234375 0.5930989583333334 0.01953125 0.014322916666666666
0 0.5377604166666666 0.552734375 0.0234375 0.022135416666666668
0 0.6419270833333334 0.3919270833333333 0.013020833333333334 0.015625
0 0.69921875 0.6966145833333334 0.015625 0.020833333333333332
0 0.93359375 0.4485677083333333 0.018229166666666668 0.01953125
0 0.7018229166666666 0.7610677083333334 0.015625 0.016927083333333332
0 0.11458333333333333 0.9661458333333334 0.018229166666666668 0.020833333333333332
0 0.3463541666666667 0.4765625 0.015625 0.020833333333333332
0 0.4173177083333333 0.88671875 0.3033854166666667 0.22395833333333334
0 0.17643229166666666 0.7688802083333334 0.10546875 0.12890625
0 0.8014322916666666 0.7513020833333334 0.014322916666666666 0.013020833333333334
0 0.6490885416666666 0.984375 0.016927083333333332 0.015625
0 0.73828125 0.9095052083333334 0.015625 0.016927083333333332
0 0.8671875 0.3170572916666667 0.015625 0.016927083333333332
0 0.876953125 0.4811197916666667 0.022135416666666668 0.02734375
0 0.22005208333333334 0.016276041666666668 0.018229166666666668 0.016927083333333332
0 0.038411458333333336 0.4147135416666667 0.01953125 0.016927083333333332
0 0.06315104166666667 0.3645833333333333 0.01171875 0.015625
0 0.7408854166666666 0.6243489583333334 0.013020833333333334 0.014322916666666666
0 0.8587239583333334 0.6451822916666666 0.01171875 0.014322916666666666
0 0.701171875 0.9954427083333334 0.016927083333333332 0.006510416666666667
0 0.23307291666666666 0.5182291666666666 0.020833333333333332 0.020833333333333332
0 0.083984375 0.9401041666666666 0.014322916666666666 0.015625
0 0.07291666666666667 0.10221354166666667 0.015625 0.016927083333333332
0 0.5983072916666666 0.5221354166666666 0.014322916666666666 0.010416666666666666
0 0.841796875 0.818359375 0.01171875 0.01171875
0 0.955078125 0.8014322916666666 0.01171875 0.01171875
0 0.6979166666666666 0.6100260416666666 0.010416666666666666 0.01171875
0 0.88671875 0.5891927083333334 0.013020833333333334 0.01171875
0 0.82421875 0.43359375 0.013020833333333334 0.010416666666666666
0 0.7376302083333334 0.5071614583333334 0.009114583333333334 0.01171875
0 0.8131510416666666 0.390625 0.01171875 0.013020833333333334
0 0.8776041666666666 0.30078125 0.013020833333333334 0.013020833333333334
0 0.9134114583333334 0.400390625 0.009114583333333334 0.01171875
0 0.9947916666666666 0.177734375 0.010416666666666666 0.01953125
0 0.83203125 0.11067708333333333 0.010416666666666666 0.010416666666666666
0 0.716796875 0.13671875 0.009114583333333334 0.010416666666666666
0 0.5032552083333334 0.016927083333333332 0.01171875 0.013020833333333334
0 0.5345052083333334 0.017578125 0.01171875 0.009114583333333334
0 0.5807291666666666 0.15559895833333334 0.010416666666666666 0.009114583333333334
0 0.5709635416666666 0.040364583333333336 0.009114583333333334 0.010416666666666666
0 0.14127604166666666 0.48046875 0.01953125 0.0234375
0 0.12239583333333333 0.140625 0.015625 0.018229166666666668
0 0.2604166666666667 0.12565104166666666 0.015625 0.014322916666666666
0 0.30859375 0.061197916666666664 0.010416666666666666 0.0078125
0 0.26171875 0.026692708333333332 0.010416666666666666 0.01171875
0 0.18229166666666666 0.007161458333333333 0.010416666666666666 0.01171875
0 0.5533854166666666 0.3470052083333333 0.013020833333333334 0.01171875
0 0.587890625 0.2643229166666667 0.01171875 0.010416666666666666
0 0.13736979166666666 0.3430989583333333 0.01171875 0.01171875
0 0.052083333333333336 0.4609375 0.010416666666666666 0.010416666666666666