0 0.4993489583333333 0.20638020833333334 0.009114583333333334 0.014322916666666666
0 0.5305989583333334 0.21354166666666666 0.14973958333333334 0.14322916666666666
0 0.6295572916666666 0.28125 0.029947916666666668 0.020833333333333332
0 0.6953125 0.23046875 0.15104166666666666 0.15885416666666666
0 0.7779947916666666 0.17122395833333334 0.02734375 0.02734375
0 0.7610677083333334 0.043619791666666664 0.022135416666666668 0.024739583333333332
0 0.5338541666666666 0.5091145833333334 0.0390625 0.044270833333333336
0 0.68359375 0.4759114583333333 0.0390625 0.032552083333333336
0 0.4479166666666667 0.6106770833333334 0.0234375 0.0234375
0 0.2955729166666667 0.5638020833333334 0.033854166666666664 0.03125
0 0.5078125 0.3717447916666667 0.026041666666666668 0.032552083333333336
0 0.09244791666666667 0.3489583333333333 0.028645833333333332 0.036458333333333336
0 0.12630208333333334 0.3502604166666667 0.020833333333333332 0.026041666666666668
0 0.205078125 0.228515625 0.045572916666666664 0.045572916666666664
0 0.23177083333333334 0.208984375 0.018229166666666668 0.01953125
0 0.19986979166666666 0.07291666666666667 0.17317708333333334 0.13541666666666666
0 0.3626302083333333 0.21875 0.032552083333333336 0.03125
0 0.4270833333333333 0.2903645833333333 0.09895833333333333 0.10416666666666667
0 0.26953125 0.357421875 0.018229166666666668 0.016927083333333332
0 0.4166666666666667 0.455078125 0.020833333333333332 0.022135416666666668
0 0.966796875 0.3815104166666667 0.045572916666666664 0.052083333333333336
0 0.5221354166666666 0.6516927083333334 0.026041666666666668 0.01953125
0 0.611328125 0.7630208333333334 0.016927083333333332 0.020833333333333332
0 0.814453125 0.6940104166666666 0.024739583333333332 0.026041666666666668
0 0.6477864583333334 0.599609375 0.01953125 0.01953125
0 0.302734375 0.896484375 0.032552083333333336 0.032552083333333336
0 0.07291666666666667 0.8697916666666666 0.0546875 0.052083333333333336
0 0.15234375 0.8170572916666666 0.3020833333333333 0.33984375
0 0.008463541666666666 0.85546875 0.014322916666666666 0.0234375
0 0.23111979166666666 0.6263020833333334 0.01953125 0.018229166666666668
0 0.958984375 0.453125 0.037760416666666664 0.0390625
0 0.7981770833333334 0.07942708333333333 0.018229166666666668 0.020833333333333332
0 0.828125 0.04296875 0.08854166666666667 0.06510416666666667
0 0.55859375 0.560546875 0.013020833333333334 0.014322916666666666
0 0.6490885416666666 0.9329427083333334 0.06901041666666667 0.06901041666666667
0 0.3626302083333333 0.9837239583333334 0.01953125 0.01953125
0 0.8561197916666666 0.8932291666666666 0.05859375 0.046875
0 0.9388020833333334 0.9192708333333334 0.0234375 0.03125
0 0.20638020833333334 0.3235677083333333 0.022135416666666668 0.016927083333333332
0 0.9075520833333334 0.4921875 0.015625 0.015625
0 0.7584635416666666 0.3899739583333333 0.045572916666666664 0.048177083333333336
0 0.84765625 0.3665364583333333 0.0234375 0.022135416666666668
0 0.8157552083333334 0.271484375 0.01171875 0.01171875
0 0.8723958333333334 0.3001302083333333 0.026041666666666668 0.032552083333333336
0 0.12109375 0.6243489583333334 0.046875 0.04296875
0 0.3561197916666667 0.9622395833333334 0.17057291666666666 0.07552083333333333
0 0.7233072916666666 0.5182291666666666 0.029947916666666668 0.03125
0 0.984375 0.357421875 0.015625 0.01953125
0 0.8697916666666666 0.7688802083333334 0.015625 0.014322916666666666