0 0.08072916666666667 0.21940104166666666 0.09375 0.08984375
0 0.4654947916666667 0.3125 0.01953125 0.028645833333333332
0 0.3489583333333333 0.4811197916666667 0.028645833333333332 0.029947916666666668
0 0.057291666666666664 0.49609375 0.015625 0.018229166666666668
0 0.7272135416666666 0.3385416666666667 0.022135416666666668 0.0234375
0 0.5305989583333334 0.6842447916666666 0.01953125 0.01953125
0 0.12109375 0.9251302083333334 0.03125 0.029947916666666668
0 0.248046875 0.4596354166666667 0.01171875 0.013020833333333334
0 0.20703125 0.5748697916666666 0.010416666666666666 0.014322916666666666
0 0.9505208333333334 0.720703125 0.026041666666666668 0.02734375
0 0.37109375 0.123046875 0.015625 0.01953125
0 0.3313802083333333 0.022786458333333332 0.01171875 0.014322916666666666
0 0.7962239583333334 0.016927083333333332 0.014322916666666666 0.015625
0 0.966796875 0.12044270833333333 0.03515625 0.055989583333333336
0 0.7513020833333334 0.4296875 0.015625 0.020833333333333332
0 0.9290364583333334 0.599609375 0.016927083333333332 0.01953125
0 0.7486979166666666 0.7278645833333334 0.013020833333333334 0.015625
0 0.91796875 0.9309895833333334 0.049479166666666664 0.049479166666666664
0 0.9114583333333334 0.9010416666666666 0.1015625 0.1171875
0 0.154296875 0.8092447916666666 0.014322916666666666 0.014322916666666666
0 0.154296875 0.2805989583333333 0.014322916666666666 0.016927083333333332
0 0.2727864583333333 0.026041666666666668 0.01171875 0.013020833333333334
0 0.9166666666666666 0.049479166666666664 0.013020833333333334 0.013020833333333334
0 0.6145833333333334 0.5006510416666666 0.010416666666666666 0.01171875
0 0.7311197916666666 0.4967447916666667 0.01171875 0.014322916666666666
0 0.6236979166666666 0.859375 0.010416666666666666 0.015625
0 0.3522135416666667 0.6041666666666666 0.01171875 0.013020833333333334
0 0.3899739583333333 0.3151041666666667 0.014322916666666666 0.013020833333333334