0 0.3365885416666667 0.3352864583333333 0.024739583333333332 0.02734375
0 0.5182291666666666 0.5963541666666666 0.026041666666666668 0.026041666666666668
0 0.5703125 0.67578125 0.026041666666666668 0.026041666666666668
0 0.6822916666666666 0.7786458333333334 0.020833333333333332 0.020833333333333332
0 0.669921875 0.83984375 0.02734375 0.03125
0 0.794921875 0.4680989583333333 0.05859375 0.05859375
0 0.18033854166666666 0.20638020833333334 0.02734375 0.029947916666666668
0 0.3971354166666667 0.392578125 0.020833333333333332 0.022135416666666668
0 0.7630208333333334 0.8020833333333334 0.018229166666666668 0.018229166666666668
0 0.8704427083333334 0.6178385416666666 0.022135416666666668 0.022135416666666668
0 0.11783854166666667 0.8287760416666666 0.016927083333333332 0.022135416666666668
0 0.08268229166666667 0.501953125 0.01953125 0.01953125
0 0.034505208333333336 0.34375 0.016927083333333332 0.015625
0 0.10807291666666667 0.039713541666666664 0.026041666666666668 0.01953125
0 0.7298177083333334 0.345703125 0.01953125 0.01953125
0 0.759765625 0.26953125 0.032552083333333336 0.028645833333333332
0 0.701171875 0.19075520833333334 0.016927083333333332 0.016927083333333332
0 0.7428385416666666 0.08528645833333333 0.01953125 0.01953125
0 0.7688802083333334 0.6419270833333334 0.01953125 0.026041666666666668
0 0.1171875 0.6640625 0.018229166666666668 0.018229166666666668
0 0.158203125 0.8919270833333334 0.016927083333333332 0.015625
0 0.3430989583333333 0.5201822916666666 0.01953125 0.01953125
0 0.3268229166666667 0.22916666666666666 0.018229166666666668 0.015625
0 0.7565104166666666 0.2936197916666667 0.020833333333333332 0.01953125
0 0.3079427083333333 0.7565104166666666 0.01171875 0.013020833333333334
0 0.3639322916666667 0.943359375 0.01171875 0.01171875
0 0.3600260416666667 0.036458333333333336 0.014322916666666666 0.018229166666666668
0 0.3196614583333333 0.4609375 0.014322916666666666 0.013020833333333334
0 0.61328125 0.09375 0.015625 0.015625
0 0.9016927083333334 0.5182291666666666 0.01171875 0.010416666666666666
0 0.5305989583333334 0.7936197916666666 0.01171875 0.01171875
0 0.6236979166666666 0.76953125 0.013020833333333334 0.013020833333333334
0 0.61328125 0.658203125 0.010416666666666666 0.01171875
0 0.17122395833333334 0.3893229166666667 0.014322916666666666 0.013020833333333334