0 0.5859375 0.5911458333333334 0.0390625 0.036458333333333336
0 0.7688802083333334 0.3404947916666667 0.02734375 0.032552083333333336
0 0.740234375 0.7805989583333334 0.048177083333333336 0.048177083333333336
0 0.18098958333333334 0.087890625 0.018229166666666668 0.016927083333333332
0 0.3014322916666667 0.7858072916666666 0.022135416666666668 0.024739583333333332
0 0.4993489583333333 0.8313802083333334 0.014322916666666666 0.014322916666666666
0 0.7682291666666666 0.189453125 0.026041666666666668 0.032552083333333336
0 0.138671875 0.046223958333333336 0.11848958333333333 0.08723958333333333
0 0.6256510416666666 0.59765625 0.045572916666666664 0.041666666666666664
0 0.8072916666666666 0.9596354166666666 0.028645833333333332 0.026041666666666668
0 0.88671875 0.060546875 0.15885416666666666 0.11067708333333333
0 0.9069010416666666 0.15299479166666666 0.01953125 0.01953125
0 0.6451822916666666 0.5403645833333334 0.014322916666666666 0.015625
0 0.6158854166666666 0.5078125 0.015625 0.015625