0 0.6666666666666666 0.3424479166666667 0.026041666666666668 0.0234375
0 0.21354166666666666 0.091796875 0.0234375 0.024739583333333332
0 0.52734375 0.044270833333333336 0.020833333333333332 0.018229166666666668
0 0.6048177083333334 0.0234375 0.022135416666666668 0.018229166666666668
0 0.4791666666666667 0.11783854166666667 0.015625 0.016927083333333332
0 0.4798177083333333 0.078125 0.014322916666666666 0.013020833333333334
0 0.474609375 0.14192708333333334 0.17838541666666666 0.15625
0 0.7623697916666666 0.11979166666666667 0.08463541666666667 0.0703125
0 0.8587239583333334 0.2981770833333333 0.029947916666666668 0.028645833333333332
0 0.8639322916666666 0.3502604166666667 0.01953125 0.018229166666666668
0 0.578125 0.2649739583333333 0.018229166666666668 0.016927083333333332
0 0.3444010416666667 0.3522135416666667 0.15234375 0.13151041666666666
0 0.458984375 0.3821614583333333 0.014322916666666666 0.016927083333333332
0 0.08072916666666667 0.37109375 0.15885416666666666 0.22135416666666666
0 0.2799479166666667 0.59765625 0.018229166666666668 0.018229166666666668
0 0.026692708333333332 0.5442708333333334 0.022135416666666668 0.020833333333333332
0 0.189453125 0.80859375 0.3763020833333333 0.3489583333333333
0 0.521484375 0.814453125 0.02734375 0.024739583333333332
0 0.4752604166666667 0.9375 0.059895833333333336 0.046875
0 0.6829427083333334 0.8372395833333334 0.029947916666666668 0.03125
0 0.8118489583333334 0.7395833333333334 0.18359375 0.1640625
0 0.98046875 0.8170572916666666 0.018229166666666668 0.01953125
0 0.94921875 0.96484375 0.041666666666666664 0.0390625
0 0.2786458333333333 0.046875 0.049479166666666664 0.041666666666666664
0 0.4635416666666667 0.008463541666666666 0.033854166666666664 0.014322916666666666
0 0.8313802083333334 0.4244791666666667 0.06640625 0.0546875
0 0.7213541666666666 0.24609375 0.140625 0.125
0 0.6380208333333334 0.3040364583333333 0.13541666666666666 0.12890625
0 0.22395833333333334 0.4134114583333333 0.013020833333333334 0.01171875
0 0.89453125 0.030598958333333332 0.015625 0.009114583333333334
0 0.7513020833333334 0.24088541666666666 0.010416666666666666 0.010416666666666666
0 0.875 0.23177083333333334 0.015625 0.018229166666666668
0 0.6614583333333334 0.7044270833333334 0.018229166666666668 0.018229166666666668
0 0.6516927083333334 0.525390625 0.014322916666666666 0.014322916666666666
0 0.2734375 0.6966145833333334 0.049479166666666664 0.041666666666666664
0 0.17513020833333334 0.7981770833333334 0.053385416666666664 0.049479166666666664
0 0.7819010416666666 0.7526041666666666 0.022135416666666668 0.020833333333333332
0 0.951171875 0.853515625 0.009114583333333334 0.009114583333333334
0 0.6920572916666666 0.583984375 0.014322916666666666 0.016927083333333332
0 0.8990885416666666 0.6048177083333334 0.01171875 0.014322916666666666
0 0.892578125 0.5149739583333334 0.016927083333333332 0.014322916666666666
0 0.9850260416666666 0.17057291666666666 0.029947916666666668 0.0390625
0 0.689453125 0.24739583333333334 0.014322916666666666 0.013020833333333334
0 0.7291666666666666 0.4049479166666667 0.010416666666666666 0.0078125
0 0.708984375 0.580078125 0.01171875 0.01171875
0 0.2682291666666667 0.845703125 0.013020833333333334 0.01171875