0 0.026692708333333332 0.783203125 0.024739583333333332 0.032552083333333336
0 0.10286458333333333 0.8444010416666666 0.044270833333333336 0.040364583333333336
0 0.458984375 0.9576822916666666 0.01953125 0.01953125
0 0.43359375 0.962890625 0.020833333333333332 0.016927083333333332
0 0.732421875 0.9609375 0.01953125 0.026041666666666668
0 0.833984375 0.81640625 0.02734375 0.028645833333333332
0 0.9348958333333334 0.8697916666666666 0.03125 0.026041666666666668
0 0.9114583333333334 0.974609375 0.0390625 0.037760416666666664
0 0.16927083333333334 0.8795572916666666 0.015625 0.016927083333333332
0 0.21911458333333333 0.7685546875 0.011445312500000027 0.011575520833333464
0 0.6948307291666667 0.07848958333333333 0.01709635416666681 0.01540364583333334
0 0.13696614583333333 0.83984375 0.012473958333333349 0.011992187500000048
0 0.33545572916666666 0.7685546875 0.008177083333333298 0.00841145833333338
0 0.45532552083333333 0.8247135416666667 0.008111979166666691 0.008854166666666607
0 0.5517578125 0.9067447916666667 0.008854166666666607 0.009140624999999977
0 0.08850260416666667 0.7778385416666667 0.00903645833333333 0.009218749999999906
0 0.19311197916666667 0.759765625 0.008020833333333366 0.008645833333333464
0 0.28149739583333333 0.888671875 0.008216145833333336 0.00828124999999987
0 0.09368489583333334 0.74609375 0.007617187499999993 0.007838541666666643
0 0.9248046875 0.9384765625 0.009361979166666737 0.00947916666666663
0 0.40967447916666666 0.9252994791666667 0.007057291666666614 0.008177083333333298
0 0.3720703125 0.8447265625 0.0068359375 0.007643229166666525
0 0.39404947916666666 0.8335026041666667 0.006549479166666631 0.007552083333333274
0 0.8030338541666667 0.0615625 0.010260416666666808 0.01075520833333334