0 0.2649739583333333 0.11848958333333333 0.048177083333333336 0.044270833333333336
0 0.10481770833333333 0.107421875 0.01953125 0.01953125
0 0.19986979166666666 0.13997395833333334 0.022135416666666668 0.029947916666666668
0 0.14192708333333334 0.19270833333333334 0.044270833333333336 0.0390625
0 0.21875 0.3294270833333333 0.018229166666666668 0.026041666666666668
0 0.419921875 0.306640625 0.25390625 0.2799479166666667
0 0.390625 0.5436197916666666 0.026041666666666668 0.029947916666666668
0 0.7649739583333334 0.671875 0.032552083333333336 0.020833333333333332
0 0.15690104166666666 0.8209635416666666 0.05078125 0.05859375
0 0.13671875 0.73046875 0.013020833333333334 0.018229166666666668
0 0.56640625 0.7141927083333334 0.026041666666666668 0.024739583333333332
0 0.6764322916666666 0.896484375 0.014322916666666666 0.016927083333333332
0 0.3971354166666667 0.22135416666666666 0.020833333333333332 0.018229166666666668
0 0.7291666666666666 0.4537760416666667 0.052083333333333336 0.040364583333333336
0 0.5481770833333334 0.482421875 0.14583333333333334 0.14973958333333334
0 0.9381510416666666 0.13932291666666666 0.02734375 0.0234375
0 0.8600260416666666 0.4029947916666667 0.06640625 0.061197916666666664
0 0.791015625 0.5872395833333334 0.01953125 0.018229166666666668
0 0.011067708333333334 0.2584635416666667 0.016927083333333332 0.014322916666666666
0 0.29296875 0.47265625 0.14322916666666666 0.13020833333333334
0 0.3561197916666667 0.072265625 0.07421875 0.05859375
0 0.9127604166666666 0.697265625 0.041666666666666664 0.045572916666666664
0 0.56640625 0.3326822916666667 0.052083333333333336 0.045572916666666664
0 0.53125 0.8229166666666666 0.018229166666666668 0.015625
0 0.9055989583333334 0.908203125 0.024739583333333332 0.016927083333333332
0 0.9114583333333334 0.220703125 0.026041666666666668 0.016927083333333332
0 0.8470052083333334 0.6881510416666666 0.2981770833333333 0.3372395833333333
0 0.80078125 0.931640625 0.24739583333333334 0.12369791666666667
0 0.84375 0.16731770833333334 0.018229166666666668 0.01953125