0 0.0625 0.4244791666666667 0.044270833333333336 0.044270833333333336
0 0.10611979166666667 0.4069010416666667 0.016927083333333332 0.022135416666666668
0 0.3294270833333333 0.4375 0.020833333333333332 0.026041666666666668
0 0.4322916666666667 0.8470052083333334 0.044270833333333336 0.045572916666666664
0 0.20572916666666666 0.5442708333333334 0.044270833333333336 0.0390625
0 0.6868489583333334 0.20638020833333334 0.08463541666666667 0.08984375
0 0.039713541666666664 0.5377604166666666 0.014322916666666666 0.013020833333333334
0 0.6940104166666666 0.4225260416666667 0.3463541666666667 0.3033854166666667
0 0.498046875 0.712890625 0.01953125 0.022135416666666668
0 0.8209635416666666 0.669921875 0.05078125 0.048177083333333336
0 0.5579427083333334 0.7493489583333334 0.022135416666666668 0.01953125
0 0.0078125 0.7057291666666666 0.013020833333333334 0.028645833333333332
0 0.0625 0.189453125 0.1171875 0.14713541666666666
0 0.830078125 0.759765625 0.2799479166666667 0.2747395833333333
0 0.9127604166666666 0.059895833333333336 0.0234375 0.020833333333333332
0 0.869140625 0.134765625 0.01953125 0.024739583333333332
0 0.13736979166666666 0.787109375 0.040364583333333336 0.03515625
0 0.390625 0.96484375 0.052083333333333336 0.046875
0 0.6119791666666666 0.3346354166666667 0.020833333333333332 0.0234375
0 0.028645833333333332 0.052083333333333336 0.0546875 0.1015625
0 0.8430989583333334 0.07291666666666667 0.014322916666666666 0.013020833333333334
0 0.9537760416666666 0.13020833333333334 0.014322916666666666 0.015625
0 0.9505208333333334 0.4915364583333333 0.0234375 0.02734375
0 0.049479166666666664 0.87890625 0.018229166666666668 0.018229166666666668
0 0.2858072916666667 0.80859375 0.016927083333333332 0.018229166666666668
0 0.2838541666666667 0.8235677083333334 0.015625 0.014322916666666666
0 0.3404947916666667 0.818359375 0.014322916666666666 0.01171875
0 0.23111979166666666 0.14778645833333334 0.014322916666666666 0.01171875
0 0.306640625 0.07291666666666667 0.014322916666666666 0.013020833333333334
0 0.32421875 0.09700520833333333 0.013020833333333334 0.016927083333333332
0 0.79296875 0.388671875 0.0234375 0.022135416666666668
0 0.9127604166666666 0.4524739583333333 0.013020833333333334 0.01171875
0 0.341796875 0.6217447916666666 0.014322916666666666 0.01171875
0 0.4381510416666667 0.697265625 0.014322916666666666 0.01171875
0 0.4583333333333333 0.9557291666666666 0.0546875 0.041666666666666664
0 0.4583333333333333 0.5240885416666666 0.015625 0.016927083333333332