0 0.21549479166666666 0.435546875 0.032552083333333336 0.029947916666666668
0 0.6302083333333334 0.33203125 0.036458333333333336 0.036458333333333336
0 0.4889322916666667 0.4563802083333333 0.09765625 0.09765625
0 0.7317708333333334 0.171875 0.036458333333333336 0.036458333333333336
0 0.6809895833333334 0.185546875 0.018229166666666668 0.01953125
0 0.5670572916666666 0.6692708333333334 0.014322916666666666 0.015625
0 0.5690104166666666 0.5592447916666666 0.015625 0.016927083333333332
0 0.75 0.5475260416666666 0.09895833333333333 0.12369791666666667
0 0.7063802083333334 0.46484375 0.022135416666666668 0.0234375
0 0.13151041666666666 0.5787760416666666 0.020833333333333332 0.022135416666666668
0 0.22981770833333334 0.7389322916666666 0.01953125 0.016927083333333332
0 0.45703125 0.7805989583333334 0.020833333333333332 0.016927083333333332
0 0.9427083333333334 0.8782552083333334 0.020833333333333332 0.01953125
0 0.9772135416666666 0.8391927083333334 0.01953125 0.01953125
0 0.9231770833333334 0.126953125 0.018229166666666668 0.024739583333333332
0 0.9876302083333334 0.014322916666666666 0.022135416666666668 0.026041666666666668
0 0.006510416666666667 0.44921875 0.010416666666666666 0.03125
0 0.220703125 0.2610677083333333 0.022135416666666668 0.01953125
0 0.251953125 0.11393229166666667 0.3138020833333333 0.22005208333333334
0 0.396484375 0.8203125 0.016927083333333332 0.018229166666666668
0 0.11848958333333333 0.7252604166666666 0.015625 0.018229166666666668
0 0.6744791666666666 0.171875 0.013020833333333334 0.013020833333333334
0 0.9869791666666666 0.7298177083333334 0.026041666666666668 0.061197916666666664
0 0.8098958333333334 0.006510416666666667 0.018229166666666668 0.013020833333333334
0 0.12369791666666667 0.19596354166666666 0.013020833333333334 0.014322916666666666
0 0.328125 0.22265625 0.013020833333333334 0.015625
0 0.193359375 0.298828125 0.014322916666666666 0.014322916666666666
0 0.154296875 0.5891927083333334 0.01171875 0.016927083333333332
0 0.216796875 0.6315104166666666 0.01171875 0.010416666666666666
0 0.8658854166666666 0.34375 0.013020833333333334 0.013020833333333334
0 0.9303385416666666 0.251953125 0.01171875 0.014322916666666666
0 0.6360677083333334 0.7057291666666666 0.01171875 0.013020833333333334
0 0.7024739583333334 0.8665364583333334 0.01171875 0.014322916666666666
0 0.5123697916666666 0.7994791666666666 0.01171875 0.010416666666666666
0 0.4934895833333333 0.9264322916666666 0.0078125 0.009114583333333334