0 0.564453125 0.404296875 0.03515625 0.03515625
0 0.8203125 0.287109375 0.057291666666666664 0.053385416666666664
0 0.40625 0.07486979166666667 0.0234375 0.024739583333333332
0 0.3229166666666667 0.038411458333333336 0.0234375 0.022135416666666668
0 0.154296875 0.33203125 0.029947916666666668 0.028645833333333332
0 0.16536458333333334 0.2734375 0.0234375 0.026041666666666668
0 0.2623697916666667 0.173828125 0.01953125 0.01953125
0 0.27734375 0.5716145833333334 0.10677083333333333 0.109375
0 0.15494791666666666 0.4498697916666667 0.049479166666666664 0.048177083333333336
0 0.19466145833333334 0.5071614583333334 0.01953125 0.01953125
0 0.2578125 0.2545572916666667 0.078125 0.06640625
0 0.330078125 0.826171875 0.04296875 0.040364583333333336
0 0.51171875 0.845703125 0.020833333333333332 0.022135416666666668
0 0.7434895833333334 0.9583333333333334 0.0703125 0.0703125
0 0.05859375 0.9654947916666666 0.0234375 0.01953125
0 0.14322916666666666 0.8483072916666666 0.018229166666666668 0.014322916666666666
0 0.7643229166666666 0.4231770833333333 0.041666666666666664 0.041666666666666664
0 0.9811197916666666 0.25390625 0.024739583333333332 0.026041666666666668
0 0.58984375 0.30859375 0.020833333333333332 0.020833333333333332
0 0.416015625 0.13997395833333334 0.01953125 0.016927083333333332
0 0.5983072916666666 0.697265625 0.024739583333333332 0.024739583333333332
0 0.8600260416666666 0.7311197916666666 0.01953125 0.022135416666666668
0 0.8860677083333334 0.5826822916666666 0.01953125 0.01953125
0 0.4733072916666667 0.642578125 0.22526041666666666 0.20442708333333334
0 0.08203125 0.2421875 0.14322916666666666 0.3411458333333333
0 0.5651041666666666 0.478515625 0.020833333333333332 0.01953125
0 0.2942708333333333 0.03125 0.015625 0.013020833333333334
0 0.103515625 0.5026041666666666 0.016927083333333332 0.015625
0 0.018229166666666668 0.5006510416666666 0.020833333333333332 0.022135416666666668
0 0.11848958333333333 0.5638020833333334 0.109375 0.10677083333333333
0 0.6321614583333334 0.3665364583333333 0.01953125 0.014322916666666666
0 0.026041666666666668 0.9010416666666666 0.010416666666666666 0.010416666666666666
0 0.013671875 0.9173177083333334 0.009114583333333334 0.009114583333333334
0 0.2545572916666667 0.990234375 0.055989583333333336 0.01953125
0 0.19661458333333334 0.869140625 0.013020833333333334 0.01171875
0 0.265625 0.8333333333333334 0.0078125 0.0078125
0 0.3828125 0.8020833333333334 0.046875 0.046875
0 0.6419270833333334 0.87109375 0.013020833333333334 0.015625
0 0.5182291666666666 0.6712239583333334 0.013020833333333334 0.014322916666666666
0 0.3216145833333333 0.4615885416666667 0.0078125 0.009114583333333334
0 0.4108072916666667 0.5201822916666666 0.01171875 0.01171875
0 0.4166666666666667 0.3626302083333333 0.013020833333333334 0.01171875
0 0.943359375 0.18229166666666666 0.055989583333333336 0.049479166666666664
0 0.9563802083333334 0.3463541666666667 0.053385416666666664 0.057291666666666664
0 0.6595052083333334 0.12565104166666666 0.17057291666666666 0.20703125
0 0.9108072916666666 0.59765625 0.17838541666666666 0.375
0 0.9889322916666666 0.3385416666666667 0.022135416666666668 0.0703125
0 0.8580729166666666 0.8177083333333334 0.013020833333333334 0.013020833333333334
0 0.9075520833333334 0.8984375 0.010416666666666666 0.010416666666666666
0 0.9700520833333334 0.8170572916666666 0.010416666666666666 0.01171875
0 0.9361979166666666 0.759765625 0.013020833333333334 0.014322916666666666