0 0.2688802083333333 0.83984375 0.01953125 0.018229166666666668
0 0.26953125 0.529296875 0.020833333333333332 0.022135416666666668
0 0.2552083333333333 0.17643229166666666 0.026041666666666668 0.01953125
0 0.8287760416666666 0.8736979166666666 0.01953125 0.026041666666666668
0 0.7877604166666666 0.8079427083333334 0.0234375 0.01953125
0 0.5123697916666666 0.6028645833333334 0.01953125 0.026041666666666668
0 0.8951822916666666 0.8040364583333334 0.016927083333333332 0.024739583333333332
0 0.5188802083333334 0.19596354166666666 0.01953125 0.01953125
0 0.654296875 0.5638020833333334 0.016927083333333332 0.020833333333333332
0 0.9251302083333334 0.2604166666666667 0.022135416666666668 0.018229166666666668
0 0.7486979166666666 0.09765625 0.015625 0.0078125
0 0.900390625 0.22135416666666666 0.014322916666666666 0.018229166666666668
0 0.3795572916666667 0.55078125 0.10286458333333333 0.10416666666666667
0 0.330078125 0.8046875 0.01171875 0.013020833333333334
0 0.6295572916666666 0.8567708333333334 0.01171875 0.013020833333333334
0 0.65625 0.490234375 0.015625 0.014322916666666666
0 0.560546875 0.251953125 0.014322916666666666 0.014322916666666666
0 0.6848958333333334 0.2688802083333333 0.010416666666666666 0.01171875
0 0.7734375 0.15885416666666666 0.018229166666666668 0.020833333333333332
0 0.9498697916666666 0.0546875 0.016927083333333332 0.015625
0 0.4192708333333333 0.18229166666666666 0.013020833333333334 0.013020833333333334
0 0.486328125 0.603515625 0.01171875 0.014322916666666666