0 0.873046875 0.8899739583333334 0.05859375 0.06380208333333333
0 0.8046875 0.5625 0.0390625 0.028645833333333332
0 0.6178385416666666 0.8020833333333334 0.048177083333333336 0.046875
0 0.5891927083333334 0.8489583333333334 0.02734375 0.036458333333333336
0 0.3587239583333333 0.8391927083333334 0.01953125 0.016927083333333332
0 0.4856770833333333 0.3151041666666667 0.026041666666666668 0.0234375
0 0.416015625 0.3619791666666667 0.045572916666666664 0.0390625
0 0.2513020833333333 0.6634114583333334 0.026041666666666668 0.029947916666666668
0 0.34765625 0.4986979166666667 0.020833333333333332 0.020833333333333332
0 0.3229166666666667 0.404296875 0.026041666666666668 0.01953125
0 0.13411458333333334 0.3743489583333333 0.0390625 0.02734375
0 0.3020833333333333 0.19466145833333334 0.028645833333333332 0.029947916666666668
0 0.19466145833333334 0.016927083333333332 0.04296875 0.026041666666666668
0 0.3404947916666667 0.857421875 0.02734375 0.037760416666666664
0 0.8548177083333334 0.2766927083333333 0.02734375 0.02734375
0 0.3971354166666667 0.09114583333333333 0.018229166666666668 0.018229166666666668
0 0.173828125 0.16276041666666666 0.01953125 0.018229166666666668
0 0.6002604166666666 0.48046875 0.033854166666666664 0.041666666666666664
0 0.7083333333333334 0.5169270833333334 0.03125 0.028645833333333332
0 0.6796875 0.5123697916666666 0.015625 0.014322916666666666
0 0.7421875 0.7682291666666666 0.0078125 0.010416666666666666
0 0.7649739583333334 0.6959635416666666 0.01171875 0.009114583333333334
0 0.9739583333333334 0.6809895833333334 0.013020833333333334 0.013020833333333334
0 0.8372395833333334 0.9420572916666666 0.06510416666666667 0.053385416666666664
0 0.3118489583333333 0.08984375 0.016927083333333332 0.015625
0 0.318359375 0.44921875 0.014322916666666666 0.015625
0 0.458984375 0.17643229166666666 0.02734375 0.032552083333333336
0 0.5052083333333334 0.541015625 0.013020833333333334 0.01953125
0 0.3912760416666667 0.150390625 0.016927083333333332 0.01171875
0 0.50390625 0.095703125 0.0234375 0.014322916666666666
0 0.9583333333333334 0.8209635416666666 0.020833333333333332 0.016927083333333332
0 0.5442708333333334 0.47265625 0.013020833333333334 0.013020833333333334
0 0.529296875 0.501953125 0.014322916666666666 0.006510416666666667
0 0.8997395833333334 0.5377604166666666 0.013020833333333334 0.013020833333333334
0 0.8111979166666666 0.4407552083333333 0.013020833333333334 0.01171875
0 0.8072916666666666 0.21158854166666666 0.015625 0.01953125
0 0.07421875 0.5377604166666666 0.078125 0.06510416666666667
0 0.8274739583333334 0.814453125 0.01953125 0.01953125
0 0.9622395833333334 0.955078125 0.033854166666666664 0.02734375
0 0.640625 0.2897135416666667 0.015625 0.014322916666666666
0 0.6529947916666666 0.18489583333333334 0.014322916666666666 0.013020833333333334
0 0.7278645833333334 0.2669270833333333 0.013020833333333334 0.013020833333333334
0 0.2643229166666667 0.271484375 0.013020833333333334 0.014322916666666666
0 0.4661458333333333 0.53515625 0.013020833333333334 0.013020833333333334
0 0.5403645833333334 0.2747395833333333 0.013020833333333334 0.015625
0 0.4934895833333333 0.7369791666666666 0.013020833333333334 0.013020833333333334
0 0.4602864583333333 0.6295572916666666 0.014322916666666666 0.014322916666666666