0 0.2584635416666667 0.8971354166666666 0.024739583333333332 0.033854166666666664
0 0.08984375 0.3385416666666667 0.03125 0.03125
0 0.48828125 0.4518229166666667 0.049479166666666664 0.0546875
0 0.2766927083333333 0.318359375 0.016927083333333332 0.016927083333333332
0 0.361328125 0.66015625 0.016927083333333332 0.0234375
0 0.3528645833333333 0.7682291666666666 0.026041666666666668 0.020833333333333332
0 0.3209635416666667 0.798828125 0.024739583333333332 0.01953125
0 0.8606770833333334 0.8046875 0.026041666666666668 0.026041666666666668
0 0.9720052083333334 0.9114583333333334 0.01953125 0.020833333333333332
0 0.6373697916666666 0.3411458333333333 0.01953125 0.0234375
0 0.8541666666666666 0.7649739583333334 0.013020833333333334 0.014322916666666666
0 0.888671875 0.8717447916666666 0.016927083333333332 0.016927083333333332
0 0.7265625 0.2923177083333333 0.010416666666666666 0.016927083333333332
0 0.3743489583333333 0.11263020833333333 0.016927083333333332 0.014322916666666666
0 0.03125 0.12044270833333333 0.018229166666666668 0.014322916666666666
0 0.8020833333333334 0.6256510416666666 0.018229166666666668 0.01953125
0 0.9016927083333334 0.6028645833333334 0.016927083333333332 0.013020833333333334
0 0.291015625 0.16666666666666666 0.01953125 0.013020833333333334
0 0.2571614583333333 0.23828125 0.01171875 0.013020833333333334
0 0.2819010416666667 0.12369791666666667 0.016927083333333332 0.013020833333333334
0 0.014973958333333334 0.5416666666666666 0.014322916666666666 0.015625
0 0.79296875 0.3678385416666667 0.0234375 0.022135416666666668