0 0.380859375 0.2565104166666667 0.022135416666666668 0.020833333333333332
0 0.14192708333333334 0.19856770833333334 0.046875 0.04296875
0 0.080078125 0.050130208333333336 0.022135416666666668 0.022135416666666668
0 0.20572916666666666 0.10611979166666667 0.018229166666666668 0.016927083333333332
0 0.2838541666666667 0.23893229166666666 0.018229166666666668 0.01953125
0 0.5904947916666666 0.031901041666666664 0.03515625 0.029947916666666668
0 0.3704427083333333 0.373046875 0.022135416666666668 0.022135416666666668
0 0.4908854166666667 0.3587239583333333 0.020833333333333332 0.01953125
0 0.2942708333333333 0.4055989583333333 0.11979166666666667 0.12109375
0 0.08919270833333333 0.634765625 0.022135416666666668 0.024739583333333332
0 0.6770833333333334 0.634765625 0.06510416666666667 0.061197916666666664
0 0.6985677083333334 0.466796875 0.022135416666666668 0.01953125
0 0.9108072916666666 0.3815104166666667 0.032552083333333336 0.028645833333333332
0 0.048828125 0.4622395833333333 0.01953125 0.015625
0 0.5149739583333334 0.03515625 0.022135416666666668 0.020833333333333332
0 0.646484375 0.14192708333333334 0.016927083333333332 0.015625
0 0.7356770833333334 0.11979166666666667 0.06770833333333333 0.0546875
0 0.7233072916666666 0.05859375 0.01953125 0.018229166666666668
0 0.8352864583333334 0.123046875 0.01953125 0.016927083333333332
0 0.4947916666666667 0.5026041666666666 0.013020833333333334 0.013020833333333334
0 0.5501302083333334 0.7233072916666666 0.032552083333333336 0.032552083333333336
0 0.5110677083333334 0.7395833333333334 0.01953125 0.013020833333333334
0 0.6263020833333334 0.818359375 0.2630208333333333 0.2669270833333333
0 0.8274739583333334 0.8196614583333334 0.05078125 0.048177083333333336
0 0.8684895833333334 0.5403645833333334 0.018229166666666668 0.0234375
0 0.9583333333333334 0.9524739583333334 0.020833333333333332 0.01953125
0 0.5794270833333334 0.3580729166666667 0.026041666666666668 0.028645833333333332
0 0.12565104166666666 0.666015625 0.09505208333333333 0.09765625
0 0.8932291666666666 0.7265625 0.015625 0.015625
0 0.22200520833333334 0.01171875 0.08203125 0.020833333333333332