0 0.17708333333333334 0.4459635416666667 0.033854166666666664 0.040364583333333336
0 0.3248697916666667 0.2805989583333333 0.048177083333333336 0.05859375
0 0.220703125 0.365234375 0.022135416666666668 0.01953125
0 0.572265625 0.15559895833333334 0.15234375 0.17317708333333334
0 0.4375 0.7317708333333334 0.033854166666666664 0.0390625
0 0.6940104166666666 0.462890625 0.026041666666666668 0.032552083333333336
0 0.853515625 0.70703125 0.05859375 0.06510416666666667
0 0.501953125 0.5006510416666666 0.032552083333333336 0.032552083333333336
0 0.6712239583333334 0.9563802083333334 0.01953125 0.022135416666666668
0 0.15364583333333334 0.09830729166666667 0.0390625 0.045572916666666664
0 0.2975260416666667 0.026041666666666668 0.024739583333333332 0.020833333333333332
0 0.5240885416666666 0.7845052083333334 0.016927083333333332 0.024739583333333332
0 0.043619791666666664 0.8033854166666666 0.01953125 0.015625
0 0.046223958333333336 0.9446614583333334 0.01953125 0.01953125
0 0.8828125 0.8098958333333334 0.026041666666666668 0.015625
0 0.2936197916666667 0.5755208333333334 0.01953125 0.0234375
0 0.3235677083333333 0.54296875 0.01953125 0.0234375
0 0.3782552083333333 0.29296875 0.01953125 0.018229166666666668
0 0.080078125 0.48828125 0.01953125 0.018229166666666668
0 0.043619791666666664 0.6809895833333334 0.024739583333333332 0.013020833333333334
0 0.11783854166666667 0.20247395833333334 0.01953125 0.01953125
0 0.7298177083333334 0.7708333333333334 0.01953125 0.015625
0 0.86328125 0.7578125 0.026041666666666668 0.0234375
0 0.38671875 0.7337239583333334 0.0234375 0.01953125
0 0.892578125 0.21484375 0.01953125 0.018229166666666668
0 0.8684895833333334 0.6061197916666666 0.015625 0.014322916666666666
0 0.9583333333333334 0.7766927083333334 0.013020833333333334 0.01171875
0 0.83203125 0.8795572916666666 0.010416666666666666 0.01171875
0 0.5859375 0.9075520833333334 0.013020833333333334 0.013020833333333334
0 0.3606770833333333 0.8743489583333334 0.013020833333333334 0.014322916666666666
0 0.4075520833333333 0.748046875 0.015625 0.016927083333333332
0 0.404296875 0.7727864583333334 0.01171875 0.01171875
0 0.2760416666666667 0.5598958333333334 0.010416666666666666 0.013020833333333334
0 0.2662760416666667 0.07096354166666667 0.016927083333333332 0.014322916666666666
0 0.20442708333333334 0.22330729166666666 0.013020833333333334 0.014322916666666666