0 0.8932291666666666 0.275390625 0.026041666666666668 0.02734375
0 0.6276041666666666 0.3359375 0.13020833333333334 0.109375
0 0.609375 0.15234375 0.09114583333333333 0.08333333333333333
0 0.4973958333333333 0.232421875 0.026041666666666668 0.02734375
0 0.4303385416666667 0.044921875 0.055989583333333336 0.05859375
0 0.4309895833333333 0.212890625 0.013020833333333334 0.01171875
0 0.912109375 0.16796875 0.02734375 0.028645833333333332
0 0.984375 0.3639322916666667 0.028645833333333332 0.04296875
0 0.91796875 0.701171875 0.052083333333333336 0.05078125
0 0.8678385416666666 0.73046875 0.024739583333333332 0.028645833333333332
0 0.7395833333333334 0.9114583333333334 0.018229166666666668 0.018229166666666668
0 0.7643229166666666 0.9661458333333334 0.015625 0.015625
0 0.3053385416666667 0.6080729166666666 0.024739583333333332 0.026041666666666668
0 0.423828125 0.7766927083333334 0.045572916666666664 0.04296875
0 0.7604166666666666 0.697265625 0.015625 0.014322916666666666
0 0.6490885416666666 0.8678385416666666 0.03515625 0.037760416666666664
0 0.57421875 0.8333333333333334 0.23958333333333334 0.2552083333333333
0 0.509765625 0.9700520833333334 0.05859375 0.0546875
0 0.08854166666666667 0.0390625 0.06510416666666667 0.0703125
0 0.07421875 0.4010416666666667 0.0234375 0.026041666666666668
0 0.041666666666666664 0.328125 0.018229166666666668 0.020833333333333332
0 0.025390625 0.59765625 0.040364583333333336 0.041666666666666664
0 0.798828125 0.2708333333333333 0.016927083333333332 0.018229166666666668
0 0.85546875 0.3984375 0.015625 0.015625
0 0.6315104166666666 0.5481770833333334 0.018229166666666668 0.020833333333333332
0 0.3274739583333333 0.8170572916666666 0.016927083333333332 0.016927083333333332
0 0.07747395833333333 0.189453125 0.01171875 0.01171875
0 0.3333333333333333 0.244140625 0.018229166666666668 0.016927083333333332
0 0.4694010416666667 0.4309895833333333 0.14192708333333334 0.15625
0 0.6080729166666666 0.537109375 0.0234375 0.024739583333333332
0 0.2799479166666667 0.3483072916666667 0.23697916666666666 0.2591145833333333
0 0.5266927083333334 0.5514322916666666 0.014322916666666666 0.01171875
0 0.421875 0.96484375 0.015625 0.015625
0 0.615234375 0.8873697916666666 0.016927083333333332 0.016927083333333332
0 0.9166666666666666 0.9739583333333334 0.010416666666666666 0.010416666666666666
0 0.9134114583333334 0.3326822916666667 0.016927083333333332 0.01953125
0 0.22265625 0.3046875 0.013020833333333334 0.013020833333333334
0 0.5696614583333334 0.08919270833333333 0.01953125 0.016927083333333332
0 0.5904947916666666 0.072265625 0.11067708333333333 0.09765625
0 0.5891927083333334 0.3372395833333333 0.016927083333333332 0.018229166666666668
0 0.16276041666666666 0.8203125 0.1875 0.20052083333333334
0 0.06510416666666667 0.8717447916666666 0.013020833333333334 0.014322916666666666
0 0.029947916666666668 0.8157552083333334 0.052083333333333336 0.09765625
0 0.63671875 0.4557291666666667 0.015625 0.015625
0 0.6360677083333334 0.4791666666666667 0.01171875 0.013020833333333334
0 0.58203125 0.057291666666666664 0.013020833333333334 0.013020833333333334
0 0.21744791666666666 0.5221354166666666 0.013020833333333334 0.013020833333333334
0 0.3131510416666667 0.568359375 0.014322916666666666 0.01171875
0 0.6953125 0.040364583333333336 0.14583333333333334 0.078125
0 0.21484375 0.2747395833333333 0.010416666666666666 0.010416666666666666
0 0.20833333333333334 0.3287760416666667 0.010416666666666666 0.009114583333333334
0 0.21354166666666666 0.3723958333333333 0.0078125 0.0078125
0 0.326171875 0.423828125 0.009114583333333334 0.009114583333333334
0 0.3079427083333333 0.4303385416666667 0.006510416666666667 0.009114583333333334
0 0.30859375 0.21223958333333334 0.010416666666666666 0.010416666666666666
0 0.2734375 0.5540364583333334 0.0078125 0.009114583333333334
0 0.18489583333333334 0.5729166666666666 0.033854166666666664 0.033854166666666664
0 0.15625 0.4036458333333333 0.010416666666666666 0.013020833333333334
0 0.16796875 0.44140625 0.010416666666666666 0.0078125
0 0.359375 0.443359375 0.018229166666666668 0.01953125
0 0.18684895833333334 0.6796875 0.07421875 0.10416666666666667
0 0.2786458333333333 0.6295572916666666 0.010416666666666666 0.01171875
0 0.26171875 0.6145833333333334 0.010416666666666666 0.013020833333333334
0 0.18684895833333334 0.8411458333333334 0.009114583333333334 0.010416666666666666
0 0.2571614583333333 0.7688802083333334 0.024739583333333332 0.024739583333333332
0 0.400390625 0.6484375 0.05078125 0.057291666666666664
0 0.11783854166666667 0.8580729166666666 0.01171875 0.010416666666666666
0 0.12760416666666666 0.7486979166666666 0.010416666666666666 0.010416666666666666
0 0.14453125 0.6842447916666666 0.013020833333333334 0.01171875
0 0.15690104166666666 0.6712239583333334 0.009114583333333334 0.009114583333333334
0 0.310546875 0.8834635416666666 0.009114583333333334 0.009114583333333334
0 0.3561197916666667 0.9147135416666666 0.02734375 0.029947916666666668
0 0.4602864583333333 0.44140625 0.01171875 0.013020833333333334
0 0.4309895833333333 0.4505208333333333 0.010416666666666666 0.010416666666666666
0 0.6822916666666666 0.8248697916666666 0.020833333333333332 0.01953125
0 0.7102864583333334 0.7272135416666666 0.009114583333333334 0.009114583333333334
0 0.5481770833333334 0.7779947916666666 0.010416666666666666 0.014322916666666666
0 0.6334635416666666 0.9635416666666666 0.006510416666666667 0.010416666666666666
0 0.8372395833333334 0.78515625 0.010416666666666666 0.010416666666666666
0 0.9147135416666666 0.8736979166666666 0.01171875 0.013020833333333334
0 0.921875 0.9192708333333334 0.010416666666666666 0.013020833333333334
0 0.880859375 0.9264322916666666 0.01171875 0.01171875
0 0.9674479166666666 0.912109375 0.0078125 0.009114583333333334
0 0.8509114583333334 0.6953125 0.06901041666666667 0.07552083333333333
0 0.767578125 0.7122395833333334 0.009114583333333334 0.010416666666666666
0 0.6640625 0.716796875 0.0078125 0.009114583333333334
0 0.9654947916666666 0.18424479166666666 0.014322916666666666 0.014322916666666666
0 0.5169270833333334 0.20572916666666666 0.010416666666666666 0.013020833333333334
0 0.16666666666666666 0.17513020833333334 0.010416666666666666 0.014322916666666666
0 0.13736979166666666 0.21223958333333334 0.009114583333333334 0.0078125
0 0.009765625 0.028645833333333332 0.01953125 0.0546875
0 0.13932291666666666 0.06770833333333333 0.0078125 0.010416666666666666
0 0.22786458333333334 0.13997395833333334 0.0078125 0.006510416666666667
0 0.4205729166666667 0.15494791666666666 0.0078125 0.0078125
0 0.41796875 0.19661458333333334 0.0078125 0.010416666666666666
0 0.4856770833333333 0.10026041666666667 0.0078125 0.0078125
0 0.5201822916666666 0.061197916666666664 0.01171875 0.010416666666666666
0 0.4231770833333333 0.02734375 0.010416666666666666 0.013020833333333334
0 0.3046875 0.4029947916666667 0.0078125 0.009114583333333334