0 0.06380208333333333 0.01171875 0.026041666666666668 0.0234375
0 0.2714204788208008 0.5772253672281901 0.029759913682937622 0.03202524781227112
0 0.009114583333333334 0.3502604166666667 0.018229166666666668 0.036458333333333336
0 0.8086700439453125 0.950201670328776 0.031787753105163574 0.03763377666473389
0 0.49707698822021484 0.9279867808024088 0.027037858963012695 0.025411933660507202
0 0.39243316650390625 0.14578882853190103 0.024918675422668457 0.029193580150604248
0 0.13813114166259766 0.39658323923746747 0.03763377666473389 0.04223752021789551
0 0.7969779968261719 0.8858954111735026 0.0246446430683136 0.027238816022872925
0 0.2176370620727539 0.14988104502360025 0.03215312957763672 0.028426289558410645
0 0.8437461853027344 0.8291889826456705 0.022890836000442505 0.024735987186431885
0 0.28018951416015625 0.47141234079996747 0.035277098417282104 0.03735974431037903
0 0.6473197937011719 0.8958336512247721 0.024352341890335083 0.030709892511367798
0 0.8811607360839844 0.47141234079996747 0.02332928776741028 0.02332928776741028
0 0.2603130340576172 0.9326635996500651 0.027238816022872925 0.031057000160217285
0 0.6297817230224609 0.49947325388590497 0.0409587025642395 0.05195653438568115
0 0.053948402404785156 0.8911568323771158 0.031787753105163574 0.030947387218475342
0 0.6040592193603516 0.6999918619791666 0.035532861948013306 0.040812551975250244
0 0.8718070983886719 0.4421822230021159 0.029193580150604248 0.027878224849700928
0 0.7443637847900391 0.5082422892252604 0.022890836000442505 0.023603320121765137
0 0.8799915313720703 0.6117169062296549 0.025704234838485718 0.025119632482528687
0 0.053363800048828125 0.8174969355265299 0.03913182020187378 0.046402812004089355
0 0.9811197916666666 0.865234375 0.037760416666666664 0.037760416666666664
0 0.5584602355957031 0.6222397486368815 0.02226969599723816 0.022543728351593018
0 0.13111591339111328 0.6725155512491862 0.11041676998138428 0.10559380054473877