0 0.15234375 0.20638020833333334 0.15364583333333334 0.17838541666666666
0 0.4212239583333333 0.822265625 0.02734375 0.029947916666666668
0 0.4954427083333333 0.9251302083333334 0.032552083333333336 0.032552083333333336
0 0.5520833333333334 0.8177083333333334 0.15104166666666666 0.16666666666666666
0 0.78125 0.7727864583333334 0.140625 0.16276041666666666
0 0.8216145833333334 0.845703125 0.020833333333333332 0.01953125
0 0.8326822916666666 0.7063802083333334 0.016927083333333332 0.01953125
0 0.8802083333333334 0.5240885416666666 0.018229166666666668 0.024739583333333332
0 0.861328125 0.3274739583333333 0.022135416666666668 0.02734375
0 0.3255208333333333 0.541015625 0.0234375 0.022135416666666668
0 0.3255208333333333 0.654296875 0.020833333333333332 0.024739583333333332
0 0.2766927083333333 0.22395833333333334 0.029947916666666668 0.028645833333333332
0 0.3131510416666667 0.146484375 0.07161458333333333 0.07942708333333333
0 0.38671875 0.14453125 0.09895833333333333 0.15625
0 0.4348958333333333 0.8678385416666666 0.013020833333333334 0.016927083333333332
0 0.057942708333333336 0.9427083333333334 0.03515625 0.041666666666666664
0 0.17122395833333334 0.9635416666666666 0.032552083333333336 0.033854166666666664
0 0.6920572916666666 0.6334635416666666 0.016927083333333332 0.022135416666666668
0 0.798828125 0.13020833333333334 0.01953125 0.020833333333333332
0 0.646484375 0.076171875 0.024739583333333332 0.01953125
0 0.13802083333333334 0.4850260416666667 0.015625 0.014322916666666666
0 0.14127604166666666 0.8248697916666666 0.016927083333333332 0.01953125
0 0.4290364583333333 0.4290364583333333 0.014322916666666666 0.016927083333333332
0 0.4752604166666667 0.3411458333333333 0.015625 0.015625
0 0.244140625 0.19856770833333334 0.014322916666666666 0.014322916666666666
0 0.9283854166666666 0.8359375 0.026041666666666668 0.028645833333333332
0 0.9557291666666666 0.9192708333333334 0.015625 0.020833333333333332
0 0.951171875 0.9772135416666666 0.01953125 0.01953125
0 0.8997395833333334 0.6861979166666666 0.020833333333333332 0.0234375
0 0.5540364583333334 0.08919270833333333 0.01953125 0.01953125
0 0.5904947916666666 0.19986979166666666 0.022135416666666668 0.022135416666666668
0 0.5221354166666666 0.6822916666666666 0.020833333333333332 0.020833333333333332
0 0.22395833333333334 0.7369791666666666 0.015625 0.015625
0 0.2747395833333333 0.513671875 0.015625 0.014322916666666666
0 0.4811197916666667 0.6998697916666666 0.06901041666666667 0.07682291666666667
0 0.70703125 0.248046875 0.078125 0.09765625
0 0.7389322916666666 0.9537760416666666 0.06640625 0.07682291666666667
0 0.861328125 0.876953125 0.016927083333333332 0.01953125
0 0.14453125 0.041666666666666664 0.0859375 0.08333333333333333
0 0.09505208333333333 0.1953125 0.018229166666666668 0.020833333333333332
0 0.9375 0.012369791666666666 0.03125 0.024739583333333332
0 0.5130208333333334 0.034505208333333336 0.015625 0.016927083333333332
0 0.3502604166666667 0.4303385416666667 0.013020833333333334 0.014322916666666666
0 0.28125 0.6705729166666666 0.013020833333333334 0.013020833333333334