0 0.421875 0.2506510416666667 0.13802083333333334 0.13411458333333334
0 0.6184895833333334 0.388671875 0.0390625 0.032552083333333336
0 0.24739583333333334 0.3658854166666667 0.06510416666666667 0.052083333333333336
0 0.06966145833333333 0.11783854166666667 0.03515625 0.029947916666666668
0 0.12955729166666666 0.14518229166666666 0.01953125 0.01953125
0 0.3333333333333333 0.11458333333333333 0.0234375 0.018229166666666668
0 0.3033854166666667 0.427734375 0.028645833333333332 0.01953125
0 0.095703125 0.8821614583333334 0.029947916666666668 0.022135416666666668
0 0.3489583333333333 0.8020833333333334 0.03125 0.026041666666666668
0 0.90234375 0.6647135416666666 0.0703125 0.07421875
0 0.80078125 0.8743489583333334 0.026041666666666668 0.024739583333333332
0 0.9153645833333334 0.7799479166666666 0.020833333333333332 0.018229166666666668
0 0.4622395833333333 0.9759114583333334 0.057291666666666664 0.048177083333333336
0 0.9446614583333334 0.4049479166666667 0.022135416666666668 0.0234375
0 0.931640625 0.169921875 0.037760416666666664 0.03515625
0 0.8645833333333334 0.2779947916666667 0.0234375 0.024739583333333332
0 0.4290364583333333 0.349609375 0.01953125 0.024739583333333332
0 0.8268229166666666 0.7513020833333334 0.020833333333333332 0.020833333333333332
0 0.23567708333333334 0.30078125 0.0234375 0.018229166666666668
0 0.7337239583333334 0.3515625 0.01953125 0.015625
0 0.19986979166666666 0.08919270833333333 0.016927083333333332 0.01953125
0 0.5110677083333334 0.654296875 0.01953125 0.009114583333333334
0 0.513671875 0.8841145833333334 0.01171875 0.018229166666666668
0 0.6341145833333334 0.9153645833333334 0.018229166666666668 0.018229166666666668
0 0.4049479166666667 0.7747395833333334 0.015625 0.013020833333333334
0 0.8567708333333334 0.986328125 0.015625 0.01171875