0 0.5286458333333334 0.16471354166666666 0.026041666666666668 0.02734375
0 0.841796875 0.3723958333333333 0.21484375 0.22135416666666666
0 0.859375 0.26171875 0.018229166666666668 0.015625
0 0.3587239583333333 0.5084635416666666 0.029947916666666668 0.02734375
0 0.16861979166666666 0.3209635416666667 0.14713541666666666 0.15494791666666666
0 0.2591145833333333 0.3391927083333333 0.020833333333333332 0.01953125
0 0.08463541666666667 0.552734375 0.013020833333333334 0.014322916666666666
0 0.130859375 0.5553385416666666 0.15234375 0.17578125
0 0.07291666666666667 0.8665364583333334 0.13541666666666666 0.15755208333333334
0 0.189453125 0.8157552083333334 0.02734375 0.024739583333333332
0 0.7877604166666666 0.6998697916666666 0.049479166666666664 0.045572916666666664
0 0.5279947916666666 0.521484375 0.02734375 0.024739583333333332
0 0.65234375 0.4934895833333333 0.2578125 0.24739583333333334
0 0.9166666666666666 0.8385416666666666 0.015625 0.015625
0 0.97265625 0.84765625 0.0234375 0.015625
0 0.18229166666666666 0.978515625 0.015625 0.014322916666666666
0 0.3138020833333333 0.9739583333333334 0.013020833333333334 0.013020833333333334
0 0.5403645833333334 0.81640625 0.24479166666666666 0.24739583333333334
0 0.16276041666666666 0.7532552083333334 0.015625 0.016927083333333332
0 0.515625 0.5944010416666666 0.018229166666666668 0.016927083333333332
0 0.3626302083333333 0.4270833333333333 0.014322916666666666 0.013020833333333334
0 0.35546875 0.2578125 0.013020833333333334 0.013020833333333334
0 0.12369791666666667 0.7532552083333334 0.015625 0.016927083333333332
0 0.3053385416666667 0.3938802083333333 0.01171875 0.01171875
0 0.013020833333333334 0.9095052083333334 0.015625 0.016927083333333332
0 0.09440104166666667 0.857421875 0.01171875 0.01171875
0 0.2740885416666667 0.7897135416666666 0.01171875 0.01171875
0 0.3561197916666667 0.5494791666666666 0.009114583333333334 0.010416666666666666
0 0.14388020833333334 0.765625 0.01171875 0.010416666666666666
0 0.22526041666666666 0.8828125 0.0078125 0.0078125
0 0.4348958333333333 0.9934895833333334 0.010416666666666666 0.010416666666666666
0 0.3294270833333333 0.5950520833333334 0.0078125 0.0078125
0 0.318359375 0.3971354166666667 0.01171875 0.013020833333333334
0 0.45703125 0.3346354166666667 0.010416666666666666 0.013020833333333334
0 0.509765625 0.794921875 0.01171875 0.01171875
0 0.7454427083333334 0.82421875 0.01171875 0.010416666666666666
0 0.8287760416666666 0.8151041666666666 0.01171875 0.010416666666666666
0 0.8046875 0.9029947916666666 0.013020833333333334 0.01171875
0 0.8352864583333334 0.4765625 0.014322916666666666 0.013020833333333334
0 0.8098958333333334 0.7154947916666666 0.010416666666666666 0.01171875
0 0.9889322916666666 0.830078125 0.022135416666666668 0.04296875