0 0.646484375 0.5631510416666666 0.01953125 0.01953125
0 0.5598958333333334 0.7200520833333334 0.0234375 0.018229166666666668
0 0.794921875 0.091796875 0.04296875 0.048177083333333336
0 0.7819010416666666 0.146484375 0.022135416666666668 0.01953125
0 0.5833333333333334 0.033203125 0.0234375 0.014322916666666666
0 0.5625 0.0390625 0.013020833333333334 0.013020833333333334
0 0.642578125 0.4075520833333333 0.01953125 0.020833333333333332
0 0.6178385416666666 0.4388020833333333 0.01953125 0.018229166666666668
0 0.494140625 0.6354166666666666 0.032552083333333336 0.03125
0 0.5813802083333334 0.8463541666666666 0.040364583333333336 0.0390625
0 0.5234375 0.8014322916666666 0.052083333333333336 0.053385416666666664
0 0.4518229166666667 0.95703125 0.026041666666666668 0.026041666666666668
0 0.5657552083333334 0.62890625 0.01953125 0.020833333333333332
0 0.4453125 0.841796875 0.026041666666666668 0.02734375
0 0.33203125 0.857421875 0.028645833333333332 0.032552083333333336
0 0.501953125 0.5924479166666666 0.022135416666666668 0.026041666666666668
0 0.609375 0.5501302083333334 0.0234375 0.01953125
0 0.79296875 0.7467447916666666 0.3984375 0.4778645833333333
0 0.5904947916666666 0.4173177083333333 0.016927083333333332 0.016927083333333332
0 0.474609375 0.7643229166666666 0.02734375 0.03125
0 0.3860677083333333 0.8580729166666666 0.01953125 0.020833333333333332
0 0.4251302083333333 0.9674479166666666 0.01953125 0.0234375
0 0.4622395833333333 0.859375 0.020833333333333332 0.020833333333333332
0 0.408203125 0.8580729166666666 0.016927083333333332 0.020833333333333332