0 0.6536458333333334 0.5475260416666666 0.03125 0.02734375
0 0.541015625 0.123046875 0.06901041666666667 0.08463541666666667
0 0.498046875 0.10416666666666667 0.01953125 0.026041666666666668
0 0.3580729166666667 0.19921875 0.020833333333333332 0.020833333333333332
0 0.3509114583333333 0.033854166666666664 0.01171875 0.013020833333333334
0 0.13932291666666666 0.022135416666666668 0.026041666666666668 0.026041666666666668
0 0.044921875 0.06380208333333333 0.032552083333333336 0.033854166666666664
0 0.24479166666666666 0.20052083333333334 0.06770833333333333 0.06770833333333333
0 0.783203125 0.19010416666666666 0.06901041666666667 0.059895833333333336
0 0.708984375 0.189453125 0.014322916666666666 0.014322916666666666
0 0.9205729166666666 0.24088541666666666 0.13541666666666666 0.16927083333333334
0 0.6764322916666666 0.419921875 0.01953125 0.01953125
0 0.6276041666666666 0.6360677083333334 0.059895833333333336 0.061197916666666664
0 0.537109375 0.376953125 0.05859375 0.048177083333333336
0 0.4459635416666667 0.5670572916666666 0.032552083333333336 0.02734375
0 0.4055989583333333 0.595703125 0.01953125 0.01953125
0 0.4967447916666667 0.6100260416666666 0.022135416666666668 0.022135416666666668
0 0.15755208333333334 0.947265625 0.036458333333333336 0.032552083333333336
0 0.404296875 0.83203125 0.024739583333333332 0.0234375
0 0.10026041666666667 0.83984375 0.018229166666666668 0.013020833333333334
0 0.388671875 0.7766927083333334 0.016927083333333332 0.016927083333333332
0 0.7317708333333334 0.3203125 0.020833333333333332 0.0234375
0 0.962890625 0.5481770833333334 0.014322916666666666 0.015625
0 0.8177083333333334 0.2669270833333333 0.013020833333333334 0.015625
0 0.4225260416666667 0.029296875 0.01171875 0.01171875
0 0.5911458333333334 0.26171875 0.010416666666666666 0.010416666666666666
0 0.5735677083333334 0.4368489583333333 0.014322916666666666 0.014322916666666666
0 0.720703125 0.255859375 0.01171875 0.014322916666666666
0 0.4036458333333333 0.8990885416666666 0.013020833333333334 0.014322916666666666
0 0.81640625 0.8391927083333334 0.015625 0.014322916666666666
0 0.5201822916666666 0.7076822916666666 0.014322916666666666 0.014322916666666666
0 0.4895833333333333 0.6640625 0.013020833333333334 0.013020833333333334