0 0.36328125 0.43359375 0.015625 0.018229166666666668
0 0.7278645833333334 0.4348958333333333 0.0234375 0.0234375
0 0.5826822916666666 0.5911458333333334 0.016927083333333332 0.018229166666666668
0 0.4791666666666667 0.6028645833333334 0.010416666666666666 0.015625
0 0.10481770833333333 0.4720052083333333 0.024739583333333332 0.024739583333333332
0 0.8307291666666666 0.9244791666666666 0.013020833333333334 0.018229166666666668
0 0.020833333333333332 0.439453125 0.015625 0.016927083333333332
0 0.732421875 0.8307291666666666 0.009114583333333334 0.013020833333333334
0 0.7565104166666666 0.5091145833333334 0.013020833333333334 0.010416666666666666
0 0.6002604166666666 0.38671875 0.018229166666666668 0.015625
0 0.6803385416666666 0.4192708333333333 0.014322916666666666 0.013020833333333334
0 0.8470052083333334 0.9368489583333334 0.009114583333333334 0.014322916666666666
0 0.3639322916666667 0.7727864583333334 0.009114583333333334 0.01171875
0 0.162109375 0.5 0.01171875 0.010416666666666666
0 0.5651041666666666 0.61328125 0.013020833333333334 0.015625
0 0.3723958333333333 0.66796875 0.015625 0.015625
0 0.23046875 0.5690104166666666 0.015625 0.018229166666666668
0 0.018880208333333332 0.8958333333333334 0.03515625 0.07291666666666667