0 0.4576822916666667 0.3098958333333333 0.040364583333333336 0.044270833333333336
0 0.251953125 0.056640625 0.06901041666666667 0.07421875
0 0.038411458333333336 0.4029947916666667 0.02734375 0.029947916666666668
0 0.2578125 0.2662760416666667 0.026041666666666668 0.024739583333333332
0 0.18424479166666666 0.521484375 0.03515625 0.037760416666666664
0 0.3522135416666667 0.6067708333333334 0.045572916666666664 0.049479166666666664
0 0.359375 0.6979166666666666 0.08072916666666667 0.07552083333333333
0 0.3626302083333333 0.7063802083333334 0.016927083333333332 0.01953125
0 0.4602864583333333 0.5631510416666666 0.016927083333333332 0.01953125
0 0.603515625 0.439453125 0.022135416666666668 0.01953125
0 0.047526041666666664 0.7688802083333334 0.016927083333333332 0.016927083333333332
0 0.08854166666666667 0.896484375 0.033854166666666664 0.032552083333333336
0 0.01171875 0.9772135416666666 0.020833333333333332 0.02734375
0 0.6783854166666666 0.8313802083333334 0.020833333333333332 0.01953125
0 0.8326822916666666 0.505859375 0.024739583333333332 0.022135416666666668
0 0.62109375 0.732421875 0.015625 0.01953125
0 0.9459635416666666 0.9225260416666666 0.029947916666666668 0.032552083333333336
0 0.5540364583333334 0.8580729166666666 0.016927083333333332 0.018229166666666668
0 0.055989583333333336 0.322265625 0.013020833333333334 0.01953125
0 0.5305989583333334 0.9733072916666666 0.01953125 0.01953125
0 0.5162760416666666 0.7584635416666666 0.014322916666666666 0.014322916666666666
0 0.007161458333333333 0.7623697916666666 0.01171875 0.024739583333333332
0 0.9388020833333334 0.9739583333333334 0.018229166666666668 0.015625
0 0.008463541666666666 0.4876302083333333 0.01171875 0.014322916666666666
0 0.3040364583333333 0.9153645833333334 0.022135416666666668 0.026041666666666668