0 0.07096354166666667 0.18684895833333334 0.08984375 0.09244791666666667
0 0.17317708333333334 0.21028645833333334 0.0859375 0.08463541666666667
0 0.15169270833333334 0.48828125 0.04296875 0.036458333333333336
0 0.09309895833333333 0.5989583333333334 0.037760416666666664 0.028645833333333332
0 0.16731770833333334 0.6041666666666666 0.016927083333333332 0.015625
0 0.2552083333333333 0.625 0.0234375 0.0234375
0 0.2552083333333333 0.6712239583333334 0.015625 0.01953125
0 0.2552083333333333 0.73046875 0.015625 0.018229166666666668
0 0.4108072916666667 0.7408854166666666 0.02734375 0.026041666666666668
0 0.3600260416666667 0.7591145833333334 0.022135416666666668 0.020833333333333332
0 0.3671875 0.7864583333333334 0.018229166666666668 0.015625
0 0.3268229166666667 0.8958333333333334 0.08854166666666667 0.09114583333333333
0 0.21484375 0.8951822916666666 0.033854166666666664 0.03515625
0 0.4290364583333333 0.8723958333333334 0.024739583333333332 0.020833333333333332
0 0.419921875 0.45703125 0.09765625 0.09895833333333333
0 0.615234375 0.529296875 0.29296875 0.2799479166666667
0 0.6809895833333334 0.4309895833333333 0.059895833333333336 0.052083333333333336
0 0.7486979166666666 0.7890625 0.018229166666666668 0.015625
0 0.8151041666666666 0.9283854166666666 0.20572916666666666 0.14322916666666666
0 0.8216145833333334 0.9140625 0.041666666666666664 0.041666666666666664
0 0.955078125 0.8125 0.01953125 0.020833333333333332
0 0.830078125 0.693359375 0.01953125 0.016927083333333332
0 0.9609375 0.20442708333333334 0.046875 0.049479166666666664
0 0.9368489583333334 0.24739583333333334 0.029947916666666668 0.03125
0 0.6354166666666666 0.125 0.03125 0.026041666666666668
0 0.4544270833333333 0.09700520833333333 0.015625 0.014322916666666666
0 0.177734375 0.3580729166666667 0.014322916666666666 0.015625
0 0.7434895833333334 0.09830729166666667 0.0390625 0.045572916666666664
0 0.7083333333333334 0.20768229166666666 0.0703125 0.07421875
0 0.77734375 0.11328125 0.06510416666666667 0.08072916666666667
0 0.6087239583333334 0.361328125 0.01953125 0.01953125
0 0.3736979166666667 0.98828125 0.018229166666666668 0.018229166666666668
0 0.5611979166666666 0.8287760416666666 0.015625 0.016927083333333332
0 0.4856770833333333 0.162109375 0.015625 0.016927083333333332
0 0.2265625 0.3463541666666667 0.015625 0.013020833333333334
0 0.4485677083333333 0.3391927083333333 0.014322916666666666 0.014322916666666666
0 0.23567708333333334 0.21223958333333334 0.028645833333333332 0.028645833333333332
0 0.4635416666666667 0.5065104166666666 0.028645833333333332 0.026041666666666668
0 0.9772135416666666 0.8014322916666666 0.01953125 0.016927083333333332
0 0.6940104166666666 0.7109375 0.015625 0.013020833333333334
0 0.9485677083333334 0.5266927083333334 0.045572916666666664 0.04296875
0 0.697265625 0.10286458333333333 0.014322916666666666 0.015625
0 0.4524739583333333 0.009114583333333334 0.014322916666666666 0.010416666666666666
0 0.9791666666666666 0.2845052083333333 0.015625 0.016927083333333332
0 0.8951822916666666 0.3131510416666667 0.02734375 0.022135416666666668