0 0.3307291666666667 0.2584635416666667 0.09635416666666667 0.08463541666666667
0 0.13997395833333334 0.08268229166666667 0.045572916666666664 0.032552083333333336
0 0.095703125 0.2805989583333333 0.03515625 0.02734375
0 0.040364583333333336 0.296875 0.06770833333333333 0.07552083333333333
0 0.3098958333333333 0.4772135416666667 0.057291666666666664 0.05078125
0 0.544921875 0.5286458333333334 0.10026041666666667 0.10416666666666667
0 0.5989583333333334 0.23372395833333334 0.0390625 0.032552083333333336
0 0.7063802083333334 0.21223958333333334 0.032552083333333336 0.036458333333333336
0 0.8274739583333334 0.01953125 0.040364583333333336 0.028645833333333332
0 0.07486979166666667 0.10416666666666667 0.01953125 0.0234375
0 0.3125 0.607421875 0.052083333333333336 0.053385416666666664
0 0.18359375 0.6575520833333334 0.028645833333333332 0.0234375
0 0.2571614583333333 0.7825520833333334 0.01953125 0.026041666666666668
0 0.4915364583333333 0.666015625 0.045572916666666664 0.037760416666666664
0 0.49609375 0.8404947916666666 0.0234375 0.022135416666666668
0 0.4576822916666667 0.9212239583333334 0.02734375 0.022135416666666668
0 0.173828125 0.9479166666666666 0.022135416666666668 0.0234375
0 0.8170572916666666 0.5709635416666666 0.032552083333333336 0.032552083333333336
0 0.7955729166666666 0.3658854166666667 0.0234375 0.026041666666666668
0 0.4440104166666667 0.6966145833333334 0.0234375 0.0234375
0 0.6165364583333334 0.646484375 0.048177083333333336 0.05078125
0 0.6966145833333334 0.022786458333333332 0.0390625 0.03515625
0 0.73046875 0.08854166666666667 0.013020833333333334 0.010416666666666666
0 0.853515625 0.7174479166666666 0.05078125 0.0390625
0 0.5930989583333334 0.8951822916666666 0.14453125 0.13932291666666666
0 0.7981770833333334 0.90625 0.018229166666666668 0.013020833333333334
0 0.37109375 0.7239583333333334 0.013020833333333334 0.013020833333333334
0 0.6119791666666666 0.5774739583333334 0.013020833333333334 0.01953125
0 0.8072916666666666 0.23567708333333334 0.013020833333333334 0.013020833333333334
0 0.045572916666666664 0.4934895833333333 0.013020833333333334 0.018229166666666668
0 0.12434895833333333 0.349609375 0.01171875 0.01953125
0 0.3203125 0.4342447916666667 0.018229166666666668 0.016927083333333332
0 0.2942708333333333 0.7493489583333334 0.018229166666666668 0.01953125