0 0.5540364583333334 0.17317708333333334 0.033854166666666664 0.029947916666666668
0 0.11197916666666667 0.2643229166666667 0.03125 0.028645833333333332
0 0.9934895833333334 0.10807291666666667 0.013020833333333334 0.026041666666666668
0 0.4713541666666667 0.17122395833333334 0.03125 0.02734375
0 0.9251302083333334 0.205078125 0.037760416666666664 0.03515625
0 0.8587239583333334 0.19466145833333334 0.026041666666666668 0.024739583333333332
0 0.7779947916666666 0.055989583333333336 0.02734375 0.026041666666666668
0 0.3509114583333333 0.036458333333333336 0.02734375 0.026041666666666668
0 0.048828125 0.025390625 0.02734375 0.024739583333333332
0 0.7180989583333334 0.2623697916666667 0.02734375 0.026041666666666668
0 0.966796875 0.007161458333333333 0.045572916666666664 0.014322916666666666
0 0.740234375 0.6549479166666666 0.036458333333333336 0.033854166666666664
0 0.759765625 0.17838541666666666 0.024739583333333332 0.024739583333333332
0 0.6888020833333334 0.310546875 0.024739583333333332 0.022135416666666668
0 0.080078125 0.3209635416666667 0.029947916666666668 0.02734375
0 0.5904947916666666 0.271484375 0.0234375 0.024739583333333332
0 0.2669270833333333 0.333984375 0.024739583333333332 0.0234375
0 0.611328125 0.5319010416666666 0.02734375 0.026041666666666668
0 0.4270833333333333 0.720703125 0.040364583333333336 0.037760416666666664
0 0.3619791666666667 0.9420572916666666 0.05078125 0.05078125
0 0.5221354166666666 0.7513020833333334 0.028645833333333332 0.029947916666666668
0 0.5611979166666666 0.10677083333333333 0.024739583333333332 0.0234375
0 0.17643229166666666 0.318359375 0.07421875 0.07161458333333333
0 0.2604166666666667 0.11848958333333333 0.07421875 0.07552083333333333
0 0.84765625 0.8333333333333334 0.045572916666666664 0.041666666666666664
0 0.14518229166666666 0.5774739583333334 0.049479166666666664 0.041666666666666664
0 0.4147135416666667 0.5989583333333334 0.022135416666666668 0.022135416666666668
0 0.982421875 0.2766927083333333 0.03515625 0.07682291666666667
0 0.4615885416666667 0.673828125 0.02734375 0.02734375
0 0.984375 0.490234375 0.03125 0.05078125
0 0.3209635416666667 0.7565104166666666 0.03125 0.03125