0 0.4166666666666667 0.7109375 0.015625 0.015625
0 0.4173177083333333 0.921875 0.032552083333333336 0.0390625
0 0.047526041666666664 0.919921875 0.01953125 0.022135416666666668
0 0.2421875 0.826171875 0.22916666666666666 0.23828125
0 0.6783854166666666 0.7415364583333334 0.0234375 0.022135416666666668
0 0.6438802083333334 0.5201822916666666 0.022135416666666668 0.029947916666666668
0 0.7786458333333334 0.8372395833333334 0.015625 0.018229166666666668
0 0.7141927083333334 0.3645833333333333 0.053385416666666664 0.059895833333333336
0 0.4368489583333333 0.2838541666666667 0.032552083333333336 0.0390625
0 0.701171875 0.22526041666666666 0.040364583333333336 0.052083333333333336
0 0.6100260416666666 0.443359375 0.014322916666666666 0.01953125
0 0.036458333333333336 0.13541666666666666 0.0390625 0.044270833333333336
0 0.4544270833333333 0.4186197916666667 0.018229166666666668 0.022135416666666668
0 0.5279947916666666 0.013671875 0.032552083333333336 0.01953125
0 0.8391927083333334 0.2649739583333333 0.024739583333333332 0.022135416666666668
0 0.9485677083333334 0.12369791666666667 0.045572916666666664 0.049479166666666664
0 0.022135416666666668 0.6861979166666666 0.0234375 0.015625
0 0.011067708333333334 0.7109375 0.01953125 0.044270833333333336
0 0.53125 0.892578125 0.013020833333333334 0.01171875
0 0.3776041666666667 0.4908854166666667 0.015625 0.013020833333333334
0 0.794921875 0.142578125 0.01171875 0.014322916666666666
0 0.9563802083333334 0.08984375 0.016927083333333332 0.015625
0 0.039713541666666664 0.06575520833333333 0.01171875 0.01171875
0 0.5748697916666666 0.294921875 0.01171875 0.01171875
0 0.5377604166666666 0.568359375 0.010416666666666666 0.01171875
0 0.3470052083333333 0.4505208333333333 0.014322916666666666 0.013020833333333334