0 0.3020833333333333 0.3658854166666667 0.057291666666666664 0.057291666666666664
0 0.150390625 0.501953125 0.08984375 0.07161458333333333
0 0.24674479166666666 0.4993489583333333 0.02734375 0.02734375
0 0.09440104166666667 0.70703125 0.14973958333333334 0.14322916666666666
0 0.033203125 0.6614583333333334 0.014322916666666666 0.015625
0 0.361328125 0.6354166666666666 0.032552083333333336 0.026041666666666668
0 0.71875 0.4700520833333333 0.026041666666666668 0.026041666666666668
0 0.55859375 0.607421875 0.07552083333333333 0.07161458333333333
0 0.8209635416666666 0.755859375 0.02734375 0.032552083333333336
0 0.6770833333333334 0.611328125 0.1171875 0.11328125
0 0.56640625 0.8619791666666666 0.0234375 0.020833333333333332
0 0.390625 0.8763020833333334 0.026041666666666668 0.026041666666666668
0 0.1328125 0.9381510416666666 0.018229166666666668 0.01953125
0 0.3125 0.10481770833333333 0.052083333333333336 0.045572916666666664
0 0.4108072916666667 0.09700520833333333 0.024739583333333332 0.022135416666666668
0 0.3489583333333333 0.18294270833333334 0.059895833333333336 0.045572916666666664
0 0.8444010416666666 0.2565104166666667 0.022135416666666668 0.0234375
0 0.828125 0.3548177083333333 0.07552083333333333 0.061197916666666664
0 0.8828125 0.4791666666666667 0.22395833333333334 0.19270833333333334
0 0.935546875 0.71875 0.029947916666666668 0.028645833333333332
0 0.953125 0.6315104166666666 0.026041666666666668 0.028645833333333332
0 0.9635416666666666 0.765625 0.026041666666666668 0.026041666666666668
0 0.3639322916666667 0.9889322916666666 0.01953125 0.016927083333333332
0 0.048177083333333336 0.9134114583333334 0.020833333333333332 0.016927083333333332
0 0.4993489583333333 0.6009114583333334 0.016927083333333332 0.016927083333333332
0 0.7897135416666666 0.7734375 0.23046875 0.2421875
0 0.25 0.09244791666666667 0.015625 0.013020833333333334
0 0.14713541666666666 0.7858072916666666 0.018229166666666668 0.016927083333333332
0 0.064453125 0.7122395833333334 0.01953125 0.015625
0 0.33203125 0.7024739583333334 0.018229166666666668 0.01953125
0 0.4720052083333333 0.994140625 0.01953125 0.01171875
0 0.646484375 0.7578125 0.01171875 0.013020833333333334
0 0.294921875 0.5104166666666666 0.014322916666666666 0.013020833333333334
0 0.7747395833333334 0.3958333333333333 0.015625 0.015625
0 0.8014322916666666 0.5625 0.01953125 0.020833333333333332
0 0.9817708333333334 0.78515625 0.013020833333333334 0.018229166666666668
0 0.9609375 0.6529947916666666 0.028645833333333332 0.02734375
0 0.650390625 0.2506510416666667 0.014322916666666666 0.014322916666666666
0 0.98828125 0.12109375 0.018229166666666668 0.018229166666666668