0 0.6927083333333334 0.6946614583333334 0.046875 0.055989583333333336
0 0.935546875 0.087890625 0.022135416666666668 0.01953125
0 0.7923177083333334 0.2721354166666667 0.4127604166666667 0.4505208333333333
0 0.912109375 0.3587239583333333 0.024739583333333332 0.022135416666666668
0 0.7356770833333334 0.4778645833333333 0.026041666666666668 0.020833333333333332
0 0.6588541666666666 0.5553385416666666 0.028645833333333332 0.029947916666666668
0 0.6575520833333334 0.8046875 0.020833333333333332 0.0234375
0 0.189453125 0.3157552083333333 0.11067708333333333 0.12369791666666667
0 0.14778645833333334 0.818359375 0.14453125 0.17057291666666666
0 0.2858072916666667 0.681640625 0.02734375 0.029947916666666668
0 0.4921875 0.6751302083333334 0.020833333333333332 0.022135416666666668
0 0.408203125 0.4134114583333333 0.022135416666666668 0.01953125
0 0.435546875 0.623046875 0.024739583333333332 0.022135416666666668
0 0.5221354166666666 0.036458333333333336 0.020833333333333332 0.020833333333333332
0 0.23763020833333334 0.016276041666666668 0.01953125 0.01953125
0 0.28125 0.63671875 0.0234375 0.0234375
0 0.048828125 0.033854166666666664 0.01953125 0.0234375
0 0.666015625 0.23828125 0.01953125 0.020833333333333332
0 0.008463541666666666 0.220703125 0.016927083333333332 0.037760416666666664
0 0.012369791666666666 0.3951822916666667 0.024739583333333332 0.08463541666666667
0 0.6432291666666666 0.6126302083333334 0.015625 0.01953125
0 0.5065104166666666 0.11458333333333333 0.015625 0.018229166666666668
0 0.4069010416666667 0.1328125 0.014322916666666666 0.018229166666666668
0 0.3880208333333333 0.3216145833333333 0.015625 0.015625
0 0.3606770833333333 0.23111979166666666 0.015625 0.014322916666666666
0 0.3587239583333333 0.4830729166666667 0.014322916666666666 0.015625
0 0.9264322916666666 0.59765625 0.014322916666666666 0.015625
0 0.9361979166666666 0.7213541666666666 0.015625 0.018229166666666668
0 0.966796875 0.7610677083333334 0.016927083333333332 0.016927083333333332
0 0.12174479166666667 0.18424479166666666 0.014322916666666666 0.014322916666666666