0 0.470703125 0.109375 0.08203125 0.08333333333333333
0 0.5442708333333334 0.1796875 0.08072916666666667 0.0859375
0 0.041666666666666664 0.6184895833333334 0.0390625 0.033854166666666664
0 0.050130208333333336 0.7408854166666666 0.06901041666666667 0.07291666666666667
0 0.20182291666666666 0.72265625 0.018229166666666668 0.020833333333333332
0 0.58984375 0.83203125 0.052083333333333336 0.049479166666666664
0 0.62109375 0.8567708333333334 0.015625 0.020833333333333332
0 0.35546875 0.8841145833333334 0.018229166666666668 0.018229166666666668
0 0.8170572916666666 0.5494791666666666 0.022135416666666668 0.020833333333333332
0 0.8190104166666666 0.5481770833333334 0.15104166666666666 0.15885416666666666
0 0.8489583333333334 0.2825520833333333 0.036458333333333336 0.033854166666666664
0 0.435546875 0.24869791666666666 0.055989583333333336 0.0546875
0 0.4609375 0.451171875 0.018229166666666668 0.016927083333333332
0 0.478515625 0.341796875 0.016927083333333332 0.014322916666666666
0 0.3157552083333333 0.6165364583333334 0.40234375 0.42578125
0 0.59765625 0.09114583333333333 0.16666666666666666 0.1640625
0 0.6751302083333334 0.9225260416666666 0.014322916666666666 0.016927083333333332
0 0.849609375 0.951171875 0.014322916666666666 0.01171875
0 0.9283854166666666 0.765625 0.013020833333333334 0.013020833333333334
0 0.3072916666666667 0.4765625 0.015625 0.015625
0 0.15234375 0.20572916666666666 0.018229166666666668 0.015625
0 0.7005208333333334 0.228515625 0.013020833333333334 0.014322916666666666
0 0.5911458333333334 0.33203125 0.015625 0.015625
0 0.5618489583333334 0.7623697916666666 0.01171875 0.01171875
0 0.6197916666666666 0.697265625 0.010416666666666666 0.01171875
0 0.6106770833333334 0.7766927083333334 0.013020833333333334 0.01171875
0 0.7591145833333334 0.7942708333333334 0.013020833333333334 0.013020833333333334
0 0.7649739583333334 0.9016927083333334 0.014322916666666666 0.014322916666666666
0 0.517578125 0.9765625 0.009114583333333334 0.010416666666666666
0 0.3860677083333333 0.888671875 0.01171875 0.01171875
0 0.990234375 0.83984375 0.01953125 0.052083333333333336
0 0.771484375 0.22981770833333334 0.01171875 0.014322916666666666
0 0.9459635416666666 0.2864583333333333 0.016927083333333332 0.026041666666666668
0 0.9921875 0.3821614583333333 0.013020833333333334 0.016927083333333332
0 0.7454427083333334 0.005208333333333333 0.014322916666666666 0.0078125
0 0.833984375 0.787109375 0.01171875 0.01171875
0 0.6875 0.5813802083333334 0.010416666666666666 0.01171875
0 0.7122395833333334 0.5755208333333334 0.010416666666666666 0.010416666666666666
0 0.689453125 0.55859375 0.01171875 0.010416666666666666
0 0.71484375 0.5416666666666666 0.013020833333333334 0.010416666666666666
0 0.6412760416666666 0.4654947916666667 0.01171875 0.01171875
0 0.451171875 0.13671875 0.01953125 0.018229166666666668
0 0.509765625 0.19010416666666666 0.01171875 0.013020833333333334
0 0.5625 0.18684895833333334 0.010416666666666666 0.01171875