0 0.7395833333333334 0.3125 0.0390625 0.0390625
0 0.416015625 0.04296875 0.03515625 0.033854166666666664
0 0.15755208333333334 0.24544270833333334 0.041666666666666664 0.037760416666666664
0 0.3248697916666667 0.2805989583333333 0.02734375 0.024739583333333332
0 0.6419270833333334 0.205078125 0.22135416666666666 0.21484375
0 0.6432291666666666 0.205078125 0.049479166666666664 0.045572916666666664
0 0.14322916666666666 0.736328125 0.15104166666666666 0.13151041666666666
0 0.3098958333333333 0.7265625 0.0234375 0.020833333333333332
0 0.1328125 0.8216145833333334 0.026041666666666668 0.026041666666666668
0 0.4127604166666667 0.84765625 0.2604166666666667 0.22395833333333334
0 0.8893229166666666 0.75390625 0.0390625 0.033854166666666664
0 0.8470052083333334 0.8639322916666666 0.024739583333333332 0.01953125
0 0.88671875 0.8606770833333334 0.018229166666666668 0.015625
0 0.7200520833333334 0.5807291666666666 0.059895833333333336 0.0546875
0 0.333984375 0.482421875 0.022135416666666668 0.022135416666666668
0 0.4244791666666667 0.490234375 0.018229166666666668 0.016927083333333332
0 0.4361979166666667 0.3138020833333333 0.026041666666666668 0.0234375
0 0.3912760416666667 0.3984375 0.01953125 0.018229166666666668
0 0.541015625 0.447265625 0.01953125 0.016927083333333332
0 0.21028645833333334 0.146484375 0.014322916666666666 0.014322916666666666
0 0.10221354166666667 0.19140625 0.014322916666666666 0.013020833333333334
0 0.053385416666666664 0.322265625 0.013020833333333334 0.01171875
0 0.7884114583333334 0.4329427083333333 0.014322916666666666 0.01171875
0 0.5501302083333334 0.6087239583333334 0.016927083333333332 0.014322916666666666
0 0.869140625 0.6412760416666666 0.10026041666666667 0.11067708333333333
0 0.83203125 0.4459635416666667 0.015625 0.014322916666666666
0 0.8893229166666666 0.4557291666666667 0.015625 0.013020833333333334
0 0.8938802083333334 0.4947916666666667 0.01171875 0.013020833333333334
0 0.609375 0.6744791666666666 0.078125 0.07291666666666667
0 0.12174479166666667 0.06315104166666667 0.014322916666666666 0.01171875
0 0.4205729166666667 0.8821614583333334 0.013020833333333334 0.014322916666666666
0 0.037760416666666664 0.15950520833333334 0.07291666666666667 0.18619791666666666
0 0.19986979166666666 0.3235677083333333 0.014322916666666666 0.01171875
0 0.2610677083333333 0.09635416666666667 0.055989583333333336 0.046875
0 0.494140625 0.054036458333333336 0.055989583333333336 0.053385416666666664
0 0.15625 0.11067708333333333 0.013020833333333334 0.010416666666666666
0 0.5227864583333334 0.2805989583333333 0.014322916666666666 0.014322916666666666
0 0.19401041666666666 0.40234375 0.013020833333333334 0.013020833333333334
0 0.134765625 0.4609375 0.016927083333333332 0.015625
0 0.5794270833333334 0.8697916666666666 0.06770833333333333 0.06510416666666667
0 0.7291666666666666 0.9453125 0.13802083333333334 0.109375
0 0.7369791666666666 0.7825520833333334 0.049479166666666664 0.044270833333333336
0 0.98828125 0.8899739583333334 0.0234375 0.03515625
0 0.802734375 0.7493489583333334 0.01171875 0.01171875
0 0.13151041666666666 0.9908854166666666 0.015625 0.013020833333333334
0 0.6829427083333334 0.5983072916666666 0.01171875 0.016927083333333332
0 0.3717447916666667 0.8248697916666666 0.01171875 0.01171875
0 0.5690104166666666 0.9244791666666666 0.010416666666666666 0.013020833333333334
0 0.5826822916666666 0.890625 0.009114583333333334 0.010416666666666666
0 0.4407552083333333 0.4140625 0.014322916666666666 0.010416666666666666
0 0.6529947916666666 0.5227864583333334 0.01171875 0.01171875
0 0.7916666666666666 0.58984375 0.010416666666666666 0.013020833333333334
0 0.7819010416666666 0.8815104166666666 0.01171875 0.010416666666666666