0 0.306640625 0.927734375 0.029947916666666668 0.029947916666666668
0 0.22981770833333334 0.7884114583333334 0.06901041666666667 0.06901041666666667
0 0.19921875 0.8899739583333334 0.015625 0.014322916666666666
0 0.14453125 0.4973958333333333 0.03125 0.03125
0 0.08658854166666667 0.5709635416666666 0.022135416666666668 0.024739583333333332
0 0.4205729166666667 0.806640625 0.026041666666666668 0.02734375
0 0.5071614583333334 0.623046875 0.022135416666666668 0.022135416666666668
0 0.10286458333333333 0.22395833333333334 0.020833333333333332 0.020833333333333332
0 0.619140625 0.7669270833333334 0.053385416666666664 0.0546875
0 0.658203125 0.96484375 0.06380208333333333 0.06770833333333333
0 0.7975260416666666 0.8704427083333334 0.016927083333333332 0.016927083333333332
0 0.79296875 0.17057291666666666 0.036458333333333336 0.033854166666666664
0 0.79296875 0.24739583333333334 0.1953125 0.23958333333333334
0 0.431640625 0.09049479166666667 0.032552083333333336 0.03515625
0 0.4720052083333333 0.2532552083333333 0.3033854166666667 0.3190104166666667
0 0.3151041666666667 0.4537760416666667 0.036458333333333336 0.037760416666666664
0 0.365234375 0.43359375 0.022135416666666668 0.020833333333333332
0 0.23828125 0.5026041666666666 0.015625 0.015625
0 0.2890625 0.5481770833333334 0.0234375 0.0234375
0 0.74609375 0.4928385416666667 0.08854166666666667 0.08984375
0 0.791015625 0.4381510416666667 0.029947916666666668 0.029947916666666668
0 0.8580729166666666 0.22526041666666666 0.015625 0.018229166666666668
0 0.9114583333333334 0.3053385416666667 0.013020833333333334 0.014322916666666666
0 0.052083333333333336 0.44921875 0.026041666666666668 0.0234375
0 0.2864583333333333 0.2532552083333333 0.013020833333333334 0.014322916666666666
0 0.11067708333333333 0.8072916666666666 0.020833333333333332 0.018229166666666668
0 0.6171875 0.599609375 0.010416666666666666 0.01171875
0 0.837890625 0.5305989583333334 0.01953125 0.016927083333333332
0 0.873046875 0.3372395833333333 0.014322916666666666 0.013020833333333334
0 0.263671875 0.15625 0.014322916666666666 0.013020833333333334
0 0.923828125 0.045572916666666664 0.01953125 0.018229166666666668
0 0.896484375 0.3743489583333333 0.014322916666666666 0.01171875
0 0.4752604166666667 0.9055989583333334 0.16145833333333334 0.17057291666666666
0 0.025390625 0.787109375 0.009114583333333334 0.009114583333333334
0 0.080078125 0.693359375 0.014322916666666666 0.01171875
0 0.0625 0.5625 0.09114583333333333 0.1015625
0 0.9498697916666666 0.5611979166666666 0.02734375 0.015625
0 0.9856770833333334 0.5709635416666666 0.010416666666666666 0.01171875
0 0.9407552083333334 0.701171875 0.01171875 0.01171875
0 0.982421875 0.7669270833333334 0.01171875 0.010416666666666666
0 0.9576822916666666 0.7037760416666666 0.01171875 0.01171875
0 0.9830729166666666 0.10872395833333333 0.015625 0.014322916666666666
0 0.9381510416666666 0.2610677083333333 0.12369791666666667 0.15234375
0 0.8665364583333334 0.20182291666666666 0.006510416666666667 0.0078125
0 0.017578125 0.3893229166666667 0.032552083333333336 0.03125
0 0.06966145833333333 0.0703125 0.13671875 0.140625
0 0.279296875 0.66015625 0.014322916666666666 0.013020833333333334
0 0.22591145833333334 0.6022135416666666 0.009114583333333334 0.009114583333333334
0 0.271484375 0.3567708333333333 0.01171875 0.013020833333333334
0 0.736328125 0.8040364583333334 0.01171875 0.01171875
0 0.2740885416666667 0.6139322916666666 0.009114583333333334 0.009114583333333334
0 0.08658854166666667 0.4622395833333333 0.009114583333333334 0.010416666666666666
0 0.0703125 0.4915364583333333 0.018229166666666668 0.01171875
0 0.046223958333333336 0.4967447916666667 0.014322916666666666 0.014322916666666666