0 0.5670572916666666 0.201171875 0.040364583333333336 0.03515625
0 0.15299479166666666 0.16536458333333334 0.05859375 0.049479166666666664
0 0.3743489583333333 0.052734375 0.045572916666666664 0.032552083333333336
0 0.3463541666666667 0.5110677083333334 0.06770833333333333 0.061197916666666664
0 0.591796875 0.4583333333333333 0.024739583333333332 0.033854166666666664
0 0.3229166666666667 0.716796875 0.033854166666666664 0.032552083333333336
0 0.07486979166666667 0.8131510416666666 0.045572916666666664 0.048177083333333336
0 0.5735677083333334 0.7350260416666666 0.06640625 0.061197916666666664
0 0.8658854166666666 0.6458333333333334 0.026041666666666668 0.03125
0 0.8821614583333334 0.6328125 0.01953125 0.018229166666666668
0 0.7532552083333334 0.4485677083333333 0.022135416666666668 0.022135416666666668
0 0.205078125 0.69921875 0.032552083333333336 0.041666666666666664
0 0.7194010416666666 0.032552083333333336 0.045572916666666664 0.0546875
0 0.642578125 0.10481770833333333 0.061197916666666664 0.05859375
0 0.8470052083333334 0.013671875 0.014322916666666666 0.01953125
0 0.9166666666666666 0.4830729166666667 0.020833333333333332 0.018229166666666668
0 0.2421875 0.13411458333333334 0.0234375 0.013020833333333334
0 0.9635416666666666 0.6217447916666666 0.013020833333333334 0.022135416666666668
0 0.8313802083333334 0.7317708333333334 0.016927083333333332 0.015625
0 0.5065104166666666 0.93359375 0.018229166666666668 0.020833333333333332
0 0.9192708333333334 0.020182291666666668 0.015625 0.01953125
0 0.23893229166666666 0.16861979166666666 0.016927083333333332 0.016927083333333332
0 0.9466145833333334 0.9427083333333334 0.015625 0.015625
0 0.7682291666666666 0.087890625 0.015625 0.016927083333333332
0 0.984375 0.20833333333333334 0.020833333333333332 0.020833333333333332
0 0.380859375 0.1875 0.014322916666666666 0.015625
0 0.6067708333333334 0.2701822916666667 0.010416666666666666 0.014322916666666666
0 0.6510416666666666 0.7057291666666666 0.015625 0.015625
0 0.318359375 0.8151041666666666 0.014322916666666666 0.015625
0 0.2897135416666667 0.7760416666666666 0.01171875 0.013020833333333334
0 0.9127604166666666 0.8033854166666666 0.015625 0.018229166666666668
0 0.6171875 0.9440104166666666 0.010416666666666666 0.013020833333333334
0 0.4817708333333333 0.9420572916666666 0.013020833333333334 0.01171875
0 0.3352864583333333 0.9889322916666666 0.01953125 0.014322916666666666