0 0.2565104166666667 0.6490885416666666 0.0859375 0.11328125
0 0.14453125 0.057942708333333336 0.0234375 0.032552083333333336
0 0.3248697916666667 0.7649739583333334 0.037760416666666664 0.032552083333333336
0 0.10026041666666667 0.8352864583333334 0.052083333333333336 0.05078125
0 0.42578125 0.9837239583333334 0.026041666666666668 0.014322916666666666
0 0.23763020833333334 0.5247395833333334 0.01953125 0.020833333333333332
0 0.21809895833333334 0.3515625 0.01953125 0.013020833333333334
0 0.19856770833333334 0.7643229166666666 0.01953125 0.018229166666666668
0 0.11979166666666667 0.3815104166666667 0.018229166666666668 0.018229166666666668
0 0.169921875 0.6555989583333334 0.016927083333333332 0.01953125
0 0.3802083333333333 0.884765625 0.028645833333333332 0.02734375
0 0.3515625 0.6692708333333334 0.015625 0.015625
0 0.2604166666666667 0.4270833333333333 0.015625 0.015625
0 0.06510416666666667 0.17643229166666666 0.015625 0.016927083333333332
0 0.06966145833333333 0.06640625 0.014322916666666666 0.018229166666666668