0 0.8359375 0.333984375 0.052083333333333336 0.06380208333333333
0 0.923828125 0.48828125 0.032552083333333336 0.026041666666666668
0 0.9296875 0.30078125 0.018229166666666668 0.015625
0 0.958984375 0.57421875 0.014322916666666666 0.015625
0 0.525390625 0.953125 0.022135416666666668 0.018229166666666668
0 0.12760416666666666 0.8958333333333334 0.049479166666666664 0.044270833333333336
0 0.3912760416666667 0.26171875 0.022135416666666668 0.0234375
0 0.9576822916666666 0.2877604166666667 0.009114583333333334 0.015625
0 0.662109375 0.486328125 0.009114583333333334 0.01953125
0 0.875 0.8072916666666666 0.013020833333333334 0.013020833333333334
0 0.13671875 0.045572916666666664 0.015625 0.013020833333333334
0 0.07421875 0.7298177083333334 0.013020833333333334 0.01171875
0 0.533203125 0.04296875 0.009114583333333334 0.010416666666666666
0 0.076171875 0.072265625 0.01171875 0.01171875