0 0.09244791666666667 0.8502604166666666 0.015625 0.010416666666666666
0 0.033854166666666664 0.8118489583333334 0.0234375 0.016927083333333332
0 0.01953125 0.984375 0.013020833333333334 0.010416666666666666
0 0.030598958333333332 0.947265625 0.048177083333333336 0.05859375
0 0.09765625 0.953125 0.013020833333333334 0.013020833333333334
0 0.18359375 0.9270833333333334 0.015625 0.018229166666666668
0 0.22786458333333334 0.88671875 0.026041666666666668 0.028645833333333332
0 0.2669270833333333 0.986328125 0.013020833333333334 0.01953125
0 0.059895833333333336 0.6067708333333334 0.015625 0.0234375
0 0.020833333333333332 0.7161458333333334 0.015625 0.013020833333333334
0 0.14518229166666666 0.7486979166666666 0.014322916666666666 0.013020833333333334
0 0.12109375 0.283203125 0.020833333333333332 0.01953125
0 0.2526041666666667 0.5240885416666666 0.018229166666666668 0.01953125
0 0.22135416666666666 0.2845052083333333 0.026041666666666668 0.022135416666666668
0 0.22786458333333334 0.9127604166666666 0.013020833333333334 0.010416666666666666
0 0.3528645833333333 0.7584635416666666 0.015625 0.01953125
0 0.06510416666666667 0.5234375 0.09114583333333333 0.09635416666666667
0 0.18229166666666666 0.583984375 0.06510416666666667 0.08723958333333333
0 0.19921875 0.380859375 0.09635416666666667 0.08463541666666667
0 0.333984375 0.5397135416666666 0.014322916666666666 0.014322916666666666
0 0.3639322916666667 0.3606770833333333 0.01953125 0.020833333333333332
0 0.4459635416666667 0.427734375 0.01953125 0.022135416666666668
0 0.7063802083333334 0.5026041666666666 0.045572916666666664 0.041666666666666664
0 0.4954427083333333 0.7513020833333334 0.024739583333333332 0.020833333333333332
0 0.57421875 0.8639322916666666 0.026041666666666668 0.022135416666666668
0 0.7337239583333334 0.80859375 0.13411458333333334 0.1328125
0 0.90234375 0.625 0.046875 0.0390625
0 0.8053385416666666 0.1796875 0.07421875 0.08072916666666667
0 0.9479166666666666 0.17838541666666666 0.09635416666666667 0.1171875
0 0.9876302083333334 0.6575520833333334 0.016927083333333332 0.026041666666666668
0 0.7942708333333334 0.439453125 0.078125 0.09765625
0 0.80859375 0.3287760416666667 0.015625 0.01953125
0 0.3958333333333333 0.2734375 0.018229166666666668 0.013020833333333334
0 0.2805989583333333 0.24739583333333334 0.014322916666666666 0.013020833333333334
0 0.2571614583333333 0.11979166666666667 0.032552083333333336 0.03125
0 0.384765625 0.12630208333333334 0.024739583333333332 0.020833333333333332
0 0.4244791666666667 0.166015625 0.015625 0.01953125
0 0.22916666666666666 0.2604166666666667 0.015625 0.013020833333333334
0 0.74609375 0.5143229166666666 0.09635416666666667 0.10416666666666667
0 0.5182291666666666 0.4225260416666667 0.033854166666666664 0.037760416666666664
0 0.447265625 0.4524739583333333 0.14973958333333334 0.14973958333333334
0 0.7083333333333334 0.33203125 0.125 0.13020833333333334
0 0.7721354166666666 0.3658854166666667 0.044270833333333336 0.036458333333333336
0 0.87890625 0.419921875 0.013020833333333334 0.01953125
0 0.13346354166666666 0.5208333333333334 0.006510416666666667 0.013020833333333334
0 0.826171875 0.046875 0.01953125 0.010416666666666666
0 0.2942708333333333 0.677734375 0.0625 0.048177083333333336
0 0.5533854166666666 0.5891927083333334 0.013020833333333334 0.01953125
0 0.259765625 0.751953125 0.07161458333333333 0.07161458333333333
0 0.3541666666666667 0.7630208333333334 0.10416666666666667 0.11979166666666667
0 0.595703125 0.416015625 0.01953125 0.024739583333333332
0 0.7565104166666666 0.028645833333333332 0.078125 0.046875
0 0.9602864583333334 0.051432291666666664 0.01953125 0.01171875
0 0.44921875 0.2825520833333333 0.013020833333333334 0.0078125
0 0.4622395833333333 0.6165364583333334 0.013020833333333334 0.016927083333333332
0 0.03515625 0.4036458333333333 0.013020833333333334 0.013020833333333334
0 0.08463541666666667 0.4075520833333333 0.013020833333333334 0.010416666666666666
0 0.8951822916666666 0.51171875 0.01953125 0.015625
0 0.13151041666666666 0.13541666666666666 0.010416666666666666 0.013020833333333334
0 0.06315104166666667 0.7936197916666666 0.009114583333333334 0.01171875
0 0.7877604166666666 0.5989583333333334 0.013020833333333334 0.013020833333333334
0 0.41796875 0.8723958333333334 0.015625 0.013020833333333334
0 0.24934895833333334 0.3059895833333333 0.01171875 0.013020833333333334
0 0.25390625 0.3294270833333333 0.013020833333333334 0.010416666666666666
0 0.6354166666666666 0.9140625 0.018229166666666668 0.018229166666666668
0 0.6953125 0.9147135416666666 0.018229166666666668 0.01953125
0 0.8997395833333334 0.6868489583333334 0.013020833333333334 0.006510416666666667
0 0.043619791666666664 0.13671875 0.016927083333333332 0.013020833333333334
0 0.3352864583333333 0.9661458333333334 0.07161458333333333 0.057291666666666664