0 0.5384114583333334 0.09505208333333333 0.037760416666666664 0.044270833333333336
0 0.11979166666666667 0.11002604166666667 0.020833333333333332 0.022135416666666668
0 0.0078125 0.17252604166666666 0.0078125 0.01953125
0 0.3658854166666667 0.16927083333333334 0.03125 0.026041666666666668
0 0.24283854166666666 0.15559895833333334 0.01953125 0.022135416666666668
0 0.2630208333333333 0.020833333333333332 0.08072916666666667 0.036458333333333336
0 0.3203125 0.007161458333333333 0.018229166666666668 0.01171875
0 0.6608072916666666 0.22786458333333334 0.022135416666666668 0.020833333333333332
0 0.904296875 0.15494791666666666 0.03515625 0.03125
0 0.2421875 0.6555989583333334 0.0703125 0.06901041666666667
0 0.3971354166666667 0.4661458333333333 0.2552083333333333 0.2265625
0 0.4680989583333333 0.63671875 0.029947916666666668 0.0234375
0 0.8821614583333334 0.509765625 0.053385416666666664 0.048177083333333336
0 0.7350260416666666 0.37109375 0.029947916666666668 0.026041666666666668
0 0.6985677083333334 0.78125 0.07421875 0.052083333333333336
0 0.3782552083333333 0.810546875 0.2799479166666667 0.3059895833333333
0 0.28515625 0.09114583333333333 0.015625 0.015625
0 0.6197916666666666 0.6028645833333334 0.020833333333333332 0.018229166666666668
0 0.6100260416666666 0.046875 0.05078125 0.0546875
0 0.4798177083333333 0.21158854166666666 0.014322916666666666 0.01953125
0 0.24348958333333334 0.29296875 0.010416666666666666 0.013020833333333334
0 0.22916666666666666 0.439453125 0.018229166666666668 0.01953125
0 0.76953125 0.18684895833333334 0.013020833333333334 0.016927083333333332
0 0.9654947916666666 0.6002604166666666 0.022135416666666668 0.013020833333333334
0 0.748046875 0.9915364583333334 0.016927083333333332 0.016927083333333332
0 0.20377604166666666 0.9928385416666666 0.022135416666666668 0.014322916666666666
0 0.6822916666666666 0.4661458333333333 0.018229166666666668 0.015625
0 0.6158854166666666 0.4401041666666667 0.078125 0.0703125
0 0.5924479166666666 0.4173177083333333 0.013020833333333334 0.016927083333333332
0 0.2591145833333333 0.19856770833333334 0.013020833333333334 0.014322916666666666
0 0.6953125 0.833984375 0.015625 0.016927083333333332