0 0.07486979166666667 0.2942708333333333 0.01953125 0.020833333333333332
0 0.22265625 0.89453125 0.0625 0.0625
0 0.6119791666666666 0.8248697916666666 0.026041666666666668 0.024739583333333332
0 0.650390625 0.8671875 0.01171875 0.013020833333333334
0 0.505859375 0.8053385416666666 0.010416666666666666 0.01171875
0 0.3763020833333333 0.6549479166666666 0.022135416666666668 0.020833333333333332
0 0.8020833333333334 0.724609375 0.015625 0.014322916666666666
0 0.5305989583333334 0.9309895833333334 0.010416666666666666 0.009114583333333334
0 0.3509114583333333 0.8763020833333334 0.01171875 0.01171875
0 0.22330729166666666 0.16080729166666666 0.013020833333333334 0.013020833333333334
0 0.5052083333333334 0.8997395833333334 0.009114583333333334 0.009114583333333334
0 0.82421875 0.421875 0.013020833333333334 0.01171875
0 0.384765625 0.2643229166666667 0.014322916666666666 0.014322916666666666
0 0.2688802083333333 0.5768229166666666 0.009114583333333334 0.009114583333333334