0 0.8489583333333334 0.236328125 0.0390625 0.053385416666666664
0 0.8834635416666666 0.2421875 0.016927083333333332 0.026041666666666668
0 0.8893229166666666 0.7115885416666666 0.020833333333333332 0.024739583333333332
0 0.5188802083333334 0.919921875 0.022135416666666668 0.01953125
0 0.032552083333333336 0.5423177083333334 0.026041666666666668 0.024739583333333332
0 0.3854166666666667 0.18619791666666666 0.028645833333333332 0.03125
0 0.5904947916666666 0.5872395833333334 0.016927083333333332 0.013020833333333334
0 0.06705729166666667 0.22265625 0.014322916666666666 0.013020833333333334
0 0.126953125 0.19856770833333334 0.009114583333333334 0.009114583333333334
0 0.978515625 0.034505208333333336 0.01171875 0.014322916666666666
0 0.27734375 0.6009114583333334 0.010416666666666666 0.014322916666666666
0 0.3932291666666667 0.3932291666666667 0.013020833333333334 0.013020833333333334
0 0.271484375 0.931640625 0.01171875 0.01171875