0 0.15559895833333334 0.0859375 0.2825520833333333 0.171875
0 0.7177994791666666 0.5963411458333333 0.10052083333333339 0.09787760416666662
0 0.5775651041666666 0.138671875 0.06557291666666669 0.08529947916666665
0 0.6898046875 0.23234375 0.0668489583333333 0.0773567708333333
0 0.7015625 0.7134114583333333 0.06805989583333331 0.07407552083333346
0 0.508828125 0.7309114583333334 0.054596354166666604 0.06071614583333348
0 0.4348958333333333 0.9895833333333334 0.049479166666666664 0.020833333333333332
0 0.4058723958333334 0.8934895833333334 0.053307291666666735 0.05105468750000005
0 0.1265885416666667 0.7725651041666667 0.04904947916666669 0.054739583333333286
0 0.02472656250000001 0.3500390625 0.04248697916666666 0.043007812499999964
0 0.9534635416666667 0.8818880208333333 0.0435807291666667 0.04643229166666677
0 0.6147265624999999 0.26875 0.04690104166666664 0.04783854166666668
0 0.366875 0.23716145833333332 0.038541666666666696 0.03677083333333334
0 0.3145442708333334 0.4571744791666667 0.038046875000000036 0.045234375000000014
0 0.37523437499999995 0.3559244791666667 0.04037760416666666 0.043619791666666664
0 0.7141276041666668 0.7683984375 0.03365885416666655 0.03523437499999993
0 0.2784765625 0.45640624999999996 0.032877604166666664 0.04369791666666659
0 0.8850390625000001 0.5307291666666667 0.04437499999999991 0.04352864583333327
0 0.06016927083333338 0.9713802083333333 0.04270833333333333 0.04684895833333336
0 0.8999088541666668 0.08279947916666663 0.03319010416666668 0.033098958333333345
0 0.9140625 0.012369791666666666 0.033854166666666664 0.024739583333333332
0 0.39614583333333336 0.7511588541666666 0.04499999999999993 0.04911458333333337
0 0.771484375 0.015625 0.029947916666666668 0.03125
0 0.7866015624999999 0.6746744791666667 0.03722656249999989 0.04123697916666669
0 0.04967447916666664 0.2914583333333333 0.03286458333333333 0.0374739583333333
0 0.68984375 0.28574218749999997 0.029726562499999904 0.03346354166666665
0 0.5692447916666667 0.3560286458333333 0.026614583333333403 0.028958333333333346
0 0.6848828125 0.46921875 0.02725260416666675 0.02839843749999993
0 0.5444661458333334 0.6277604166666667 0.03286458333333334 0.03298177083333339
0 0.5308333333333334 0.13276041666666663 0.03537760416666661 0.036289062500000004
0 0.47339843750000005 0.5057552083333333 0.03583333333333331 0.041940104166666714
0 0.0868229166666666 0.4630208333333334 0.03277343750000001 0.03459635416666673
0 0.021341145833333314 0.89453125 0.024570312500000007 0.0345442708333333
0 0.12785156250000007 0.8720833333333333 0.040403645833333335 0.04542968750000013
0 0.43253906250000007 0.32196614583333333 0.024791666666666618 0.035234374999999964
0 0.9869791666666666 0.4674479166666667 0.026041666666666668 0.036458333333333336
0 0.8896223958333334 0.4150520833333333 0.04139322916666662 0.03885416666666671