0 0.06315104166666667 0.9446614583333334 0.032552083333333336 0.032552083333333336
0 0.076171875 0.8001302083333334 0.01953125 0.016927083333333332
0 0.3359375 0.9739583333333334 0.015625 0.013020833333333334
0 0.5924479166666666 0.2643229166666667 0.049479166666666664 0.052083333333333336
0 0.5384114583333334 0.404296875 0.01953125 0.01953125
0 0.6673177083333334 0.7115885416666666 0.022135416666666668 0.02734375
0 0.8548177083333334 0.7727864583333334 0.01953125 0.01953125
0 0.7975260416666666 0.8079427083333334 0.016927083333333332 0.006510416666666667
0 0.5481770833333334 0.072265625 0.013020833333333334 0.01953125
0 0.3678385416666667 0.7135416666666666 0.016927083333333332 0.013020833333333334
0 0.11653645833333333 0.9153645833333334 0.014322916666666666 0.013020833333333334
0 0.3645833333333333 0.63671875 0.010416666666666666 0.010416666666666666
0 0.4069010416666667 0.8665364583333334 0.014322916666666666 0.014322916666666666
0 0.5227864583333334 0.779296875 0.014322916666666666 0.014322916666666666