0 0.3170572916666667 0.12825520833333334 0.032552083333333336 0.032552083333333336
0 0.004557291666666667 0.037760416666666664 0.006510416666666667 0.018229166666666668
0 0.072265625 0.6555989583333334 0.022135416666666668 0.032552083333333336
0 0.8841145833333334 0.4303385416666667 0.057291666666666664 0.061197916666666664
0 0.5234375 0.7845052083333334 0.020833333333333332 0.016927083333333332
0 0.6848958333333334 0.8736979166666666 0.026041666666666668 0.026041666666666668
0 0.4166666666666667 0.2779947916666667 0.015625 0.014322916666666666
0 0.6953125 0.9680989583333334 0.020833333333333332 0.01953125
0 0.13411458333333334 0.982421875 0.0234375 0.024739583333333332
0 0.11067708333333333 0.4680989583333333 0.026041666666666668 0.02734375
0 0.609375 0.275390625 0.010416666666666666 0.01171875
0 0.9388020833333334 0.8020833333333334 0.013020833333333334 0.013020833333333334
0 0.255859375 0.5989583333333334 0.014322916666666666 0.015625
0 0.427734375 0.80859375 0.11067708333333333 0.10416666666666667
0 0.7708333333333334 0.07747395833333333 0.044270833333333336 0.040364583333333336