0 0.306640625 0.205078125 0.045572916666666664 0.053385416666666664
0 0.14713541666666666 0.98046875 0.026041666666666668 0.026041666666666668
0 0.18294270833333334 0.642578125 0.024739583333333332 0.029947916666666668
0 0.228515625 0.7369791666666666 0.022135416666666668 0.0234375
0 0.16080729166666666 0.736328125 0.014322916666666666 0.01953125
0 0.384765625 0.6770833333333334 0.01953125 0.03125
0 0.2962239583333333 0.5026041666666666 0.022135416666666668 0.026041666666666668
0 0.23567708333333334 0.4303385416666667 0.020833333333333332 0.01953125
0 0.19986979166666666 0.3483072916666667 0.024739583333333332 0.024739583333333332
0 0.2747395833333333 0.71875 0.026041666666666668 0.028645833333333332
0 0.7669270833333334 0.7571614583333334 0.06770833333333333 0.07682291666666667
0 0.80859375 0.6770833333333334 0.08333333333333333 0.08333333333333333
0 0.7233072916666666 0.5950520833333334 0.016927083333333332 0.015625
0 0.9368489583333334 0.5911458333333334 0.04296875 0.049479166666666664
0 0.548828125 0.916015625 0.022135416666666668 0.024739583333333332
0 0.6712239583333334 0.16861979166666666 0.022135416666666668 0.022135416666666668
0 0.4010416666666667 0.15364583333333334 0.026041666666666668 0.026041666666666668
0 0.6875 0.041015625 0.026041666666666668 0.022135416666666668
0 0.8470052083333334 0.20247395833333334 0.01953125 0.01953125
0 0.421875 0.5227864583333334 0.028645833333333332 0.024739583333333332
0 0.5006510416666666 0.712890625 0.016927083333333332 0.014322916666666666
0 0.11458333333333333 0.6145833333333334 0.013020833333333334 0.015625
0 0.024088541666666668 0.4401041666666667 0.040364583333333336 0.09114583333333333
0 0.09505208333333333 0.9401041666666666 0.013020833333333334 0.015625
0 0.11653645833333333 0.021484375 0.022135416666666668 0.01171875
0 0.6490885416666666 0.08919270833333333 0.014322916666666666 0.01953125
0 0.22526041666666666 0.29296875 0.026041666666666668 0.020833333333333332
0 0.359375 0.024088541666666668 0.057291666666666664 0.048177083333333336
0 0.5006510416666666 0.3294270833333333 0.014322916666666666 0.015625
0 0.306640625 0.3626302083333333 0.014322916666666666 0.014322916666666666
0 0.9498697916666666 0.10546875 0.014322916666666666 0.013020833333333334
0 0.8880208333333334 0.4407552083333333 0.010416666666666666 0.01171875
0 0.9401041666666666 0.5026041666666666 0.010416666666666666 0.013020833333333334
0 0.8274739583333334 0.6419270833333334 0.014322916666666666 0.013020833333333334
0 0.8483072916666666 0.6705729166666666 0.01171875 0.015625