0 0.064453125 0.06705729166666667 0.045572916666666664 0.040364583333333336
0 0.09309895833333333 0.036458333333333336 0.014322916666666666 0.013020833333333334
0 0.15625 0.13346354166666666 0.013020833333333334 0.014322916666666666
0 0.6067708333333334 0.5807291666666666 0.015625 0.015625
0 0.8893229166666666 0.58203125 0.028645833333333332 0.026041666666666668
0 0.8528645833333334 0.375 0.015625 0.013020833333333334
0 0.9453125 0.7356770833333334 0.026041666666666668 0.020833333333333332
0 0.689453125 0.9733072916666666 0.01171875 0.014322916666666666
0 0.14518229166666666 0.966796875 0.014322916666666666 0.014322916666666666
0 0.6393229166666666 0.484375 0.015625 0.015625
0 0.6438802083333334 0.4453125 0.014322916666666666 0.013020833333333334
0 0.7578125 0.22916666666666666 0.013020833333333334 0.013020833333333334