0 0.740234375 0.5885416666666666 0.040364583333333336 0.041666666666666664
0 0.7154947916666666 0.673828125 0.040364583333333336 0.045572916666666664
0 0.8723958333333334 0.6666666666666666 0.0390625 0.049479166666666664
0 0.8483072916666666 0.6106770833333334 0.029947916666666668 0.028645833333333332
0 0.6451822916666666 0.2265625 0.08203125 0.08333333333333333
0 0.6315104166666666 0.4778645833333333 0.018229166666666668 0.018229166666666668
0 0.6217447916666666 0.4205729166666667 0.06640625 0.078125
0 0.4967447916666667 0.5026041666666666 0.20182291666666666 0.18489583333333334
0 0.2897135416666667 0.7083333333333334 0.13671875 0.13541666666666666
0 0.4791666666666667 0.6627604166666666 0.018229166666666668 0.020833333333333332
0 0.5950520833333334 0.8548177083333334 0.033854166666666664 0.040364583333333336
0 0.470703125 0.765625 0.022135416666666668 0.020833333333333332
0 0.4798177083333333 0.908203125 0.022135416666666668 0.032552083333333336
0 0.4225260416666667 0.724609375 0.024739583333333332 0.024739583333333332
0 0.2962239583333333 0.06901041666666667 0.01953125 0.0234375
0 0.09765625 0.049479166666666664 0.026041666666666668 0.026041666666666668
0 0.8463541666666666 0.3645833333333333 0.2994791666666667 0.46875
0 0.6842447916666666 0.185546875 0.10026041666666667 0.11328125
0 0.21028645833333334 0.056640625 0.016927083333333332 0.016927083333333332
0 0.8515625 0.248046875 0.020833333333333332 0.022135416666666668
0 0.3873697916666667 0.7317708333333334 0.016927083333333332 0.020833333333333332
0 0.026041666666666668 0.9680989583333334 0.026041666666666668 0.01953125
0 0.603515625 0.6126302083333334 0.014322916666666666 0.014322916666666666
0 0.654296875 0.5279947916666666 0.01171875 0.01171875
0 0.693359375 0.7311197916666666 0.014322916666666666 0.01171875
0 0.3704427083333333 0.5885416666666666 0.016927083333333332 0.015625
0 0.3958333333333333 0.5279947916666666 0.015625 0.016927083333333332
0 0.054036458333333336 0.59375 0.01171875 0.010416666666666666
0 0.07291666666666667 0.3404947916666667 0.14583333333333334 0.3841145833333333
0 0.2701822916666667 0.11458333333333333 0.014322916666666666 0.015625
0 0.951171875 0.380859375 0.016927083333333332 0.016927083333333332
0 0.912109375 0.345703125 0.016927083333333332 0.01953125
0 0.8294270833333334 0.3111979166666667 0.026041666666666668 0.03125
0 0.9466145833333334 0.07942708333333333 0.013020833333333334 0.013020833333333334
0 0.21940104166666666 0.1875 0.014322916666666666 0.015625