0 0.7034352620442709 0.6694761912027994 0.04067846139272054 0.04243961970011393
0 0.20790545145670572 0.029101848602294922 0.04359940687815348 0.049656073252360024
0 0.08969306945800781 0.8206780751546224 0.03567419449488322 0.044415553410847984
0 0.2649497985839844 0.02704000473022461 0.039905269940694175 0.05094472567240397
0 0.5439860026041666 0.6619160970052084 0.02908058961232503 0.03178675969441732
0 0.7845344543457031 0.9354540506998698 0.049312432607014976 0.05489659309387207
0 0.7432975769042969 0.7299569447835287 0.030927658081054688 0.031163911024729412
0 0.47663243611653644 0.43167686462402344 0.03722057739893595 0.04130131006240845
0 0.3591073354085286 0.4406115214029948 0.0314216415087382 0.030691405137379963
0 0.9398600260416666 0.35126495361328125 0.042267799377441406 0.04293360312779745
0 0.3130594889322917 0.23064708709716797 0.03651181856791178 0.03825149933497111
0 0.46013768513997394 0.9217084248860677 0.03958310683568319 0.040828804175059
0 0.7171808878580729 0.8839079538981119 0.03228074312210083 0.03610374530156454
0 0.9646021525065104 0.43580055236816406 0.02723352114359538 0.02918797731399536
0 0.6883150736490885 0.3509213129679362 0.026911358038584392 0.027534206708272297
0 0.06151453653971354 0.8674132029215494 0.02712613344192505 0.02817853291829427
0 0.29587745666503906 0.8193035125732422 0.05713025728861491 0.05798935890197754
0 0.7391738891601562 0.02446269989013672 0.042761782805124916 0.04853924115498861
0 0.19484710693359375 0.877722422281901 0.027748982111612957 0.030691405137379963
0 0.8793792724609375 0.5656967163085938 0.11718146006266277 0.11245640118916829
0 0.49037806193033856 0.22343063354492188 0.03722057739893595 0.04194563627243042
0 0.9632275899251302 0.5863151550292969 0.0383803645769755 0.03883139292399088
0 0.6869405110677084 0.1622625986735026 0.03752126296361288 0.04411486784617106
0 0.5701026916503906 0.28872235616048175 0.04293360312779745 0.05004266897837321
0 0.5439860026041666 0.46535364786783856 0.03485804796218872 0.03539498647054037
0 0.032552083333333336 0.078125 0.06510416666666667 0.13541666666666666
0 0.401031494140625 0.4694773356119792 0.05768867333730062 0.06417489051818848
0 0.6278343200683594 0.1736027399698893 0.024806559085845947 0.026095211505889893
0 0.935736338297526 0.8632895151774088 0.07942394415537517 0.09158023198445638
0 0.6783854166666666 0.010416666666666666 0.036458333333333336 0.020833333333333332
0 0.5577316284179688 0.7952486673990885 0.05627115567525228 0.07250817616780598
0 0.10824966430664062 0.2584819793701172 0.05150314172108968 0.05562682946523031
0 0.045572916666666664 0.48828125 0.09114583333333333 0.125
0 0.8216476440429688 0.2718839645385742 0.03810115655263265 0.049097657203674316