0 0.24096354166666667 0.5063541666666667 0.009023437500000009 0.00841145833333338
0 0.89453125 0.248046875 0.009596354166666524 0.008710937499999996
0 0.6001041666666667 0.36352864583333333 0.009635416666666638 0.009192708333333263
0 0.43872395833333333 0.5258854166666667 0.01395833333333337 0.012330729166666702
0 0.7255859375 0.150390625 0.010286458333333451 0.009596354166666673
0 0.44360677083333333 0.4970703125 0.011692708333333357 0.010820312499999929
0 0.5522526041666667 0.012825520833333333 0.01182291666666672 0.010169270833333332
0 0.626953125 0.6674869791666667 0.011067708333333334 0.01061197916666671
0 0.7153385416666667 0.56640625 0.009023437500000083 0.008346354166666625
0 0.29712239583333333 0.30884114583333333 0.005481770833333306 0.004973958333333324
0 0.5737369791666667 0.78515625 0.009023437499999934 0.00916666666666662
0 0.53125 0.21203125 0.010611979166666638 0.009778645833333321
0 0.20471354166666667 0.23791666666666667 0.005455729166666663 0.005234374999999976
0 0.353515625 0.184453125 0.005651041666666708 0.005260416666666694
0 0.17798177083333333 0.6586979166666667 0.009296874999999982 0.008580729166666709
0 0.4482421875 0.43115885416666666 0.014283854166666702 0.013020833333333334
0 0.37329427083333333 0.7036197916666667 0.009414062500000023 0.009127604166666655
0 0.09845052083333333 0.603515625 0.00485677083333332 0.004804687500000071
0 0.29346354166666666 0.102109375 0.008945312500000005 0.008736979166666678
0 0.5888671875 0.8076171875 0.012526041666666673 0.011822916666666572
0 0.47778645833333333 0.36157552083333333 0.009557291666666709 0.009062500000000048
0 0.306640625 0.26221354166666666 0.009088541666666691 0.00776041666666664
0 0.6811588541666667 0.595703125 0.020065104166666774 0.017643229166666607
0 0.7919921875 0.5693359375 0.005260416666666619 0.004661458333333386
0 0.9106510416666667 0.21606770833333333 0.013841145833333476 0.012148437499999979
0 0.9047916666666667 0.798828125 0.009192708333333263 0.008645833333333464
0 0.141484375 0.8427734375 0.00906250000000001 0.008945312499999858
0 0.9370182291666667 0.1826171875 0.005781250000000071 0.005325520833333301
0 0.6362369791666667 0.896484375 0.011197916666666696 0.010494791666666595
0 0.40063802083333333 0.30908854166666666 0.0055208333333333455 0.005065104166666649
0 0.060429687499999996 0.6626041666666667 0.009375000000000003 0.009518229166666595
0 0.25122395833333333 0.8139713541666667 0.0092317708333333 0.008476562499999988
0 0.8994140625 0.677734375 0.008945312499999858 0.008255208333333227
0 0.43432291666666667 0.1248828125 0.004622395833333274 0.004401041666666661
0 0.865234375 0.6572265625 0.0049739583333332504 0.004401041666666661
0 0.13953125 0.48291666666666666 0.004257812500000013 0.004231770833333333
0 0.46899739583333333 0.39453125 0.009335937499999947 0.008580729166666709
0 0.35546875 0.83984375 0.0051953125000000116 0.005169270833333369
0 0.7744140625 0.45459635416666666 0.005013020833333215 0.004804687500000071
0 0.5004947916666667 0.451171875 0.01182291666666672 0.010091145833333334
0 0.6928776041666667 0.25317708333333333 0.005143229166666726 0.005286458333333337
0 0.5927734375 0.5078125 0.005585937499999953 0.0051953125000000116
0 0.28686197916666667 0.8637760416666667 0.004062500000000006 0.004231770833333333
0 0.5210026041666667 0.39087239583333333 0.005013020833333363 0.005039062500000006
0 0.09515625 0.1708984375 0.008645833333333316 0.009934895833333327
0 0.9702213541666667 0.796875 0.011067708333333334 0.010690104166666714
0 0.5180729166666667 0.8715885416666667 0.004427083333333304 0.004856770833333357
0 0.7998046875 0.0559375 0.016783854166666796 0.014622395833333338
0 0.041315104166666665 0.10265625 0.00877604166666667 0.00851562499999999
0 0.102109375 0.7592838541666667 0.019166666666666665 0.016848958333333403
0 0.8217838541666667 0.19787760416666667 0.008736979166666714 0.008125000000000012
0 0.16772135416666667 0.41869791666666667 0.004856770833333339 0.0048958333333333215
0 0.051171875 0.20984375 0.011601562499999996 0.010859374999999968
0 0.44115885416666667 0.927734375 0.01111979166666662 0.01053385416666656
0 0.27954427083333333 0.37865885416666667 0.004231770833333333 0.004166666666666726
0 0.4677734375 0.022578125 0.005781250000000071 0.0056510416666666645
0 0.9594791666666667 0.8344791666666667 0.0051953125000000116 0.005013020833333215
0 0.42016927083333333 0.44776041666666666 0.004804687500000071 0.004453124999999947
0 0.3720703125 0.9296875 0.012929687499999934 0.011822916666666572
0 0.947265625 0.658203125 0.005104166666666761 0.0045703124999999884
0 0.37817708333333333 0.8618229166666667 0.003984374999999929 0.004088541666666797
0 0.37377604166666667 0.8989322916666667 0.016666666666666607 0.015130208333333192
0 0.9790104166666667 0.27904947916666667 0.005104166666666761 0.004231770833333333
0 0.23705729166666667 0.78515625 0.019374999999999993 0.016783854166666796
0 0.9609375 0.6362369791666667 0.005286458333333262 0.00477864583333328
0 0.7446354166666667 0.4296875 0.0048958333333333215 0.004687500000000029
0 0.6176822916666667 0.748046875 0.004531250000000024 0.005143229166666726
0 0.9477604166666667 0.07287760416666667 0.0049739583333332504 0.0048307291666666585
0 0.34057291666666667 0.8603515625 0.00390625 0.003750000000000142
0 0.19983072916666667 0.46240885416666666 0.005390624999999982 0.004596354166666631
0 0.6157291666666667 0.30541666666666667 0.005065104166666649 0.005013020833333363
0 0.1815234375 0.04201822916666667 0.010130208333333298 0.010325520833333329
0 0.509765625 0.15393229166666667 0.0374739583333333 0.03125
0 0.22803385416666666 0.45947916666666666 0.00483072916666664 0.0049218749999999645
0 0.7338932291666667 0.40186197916666666 0.004687499999999882 0.004283854166666619
0 0.06256510416666666 0.019427083333333334 0.004947916666666663 0.005260416666666668
0 0.27563802083333333 0.7641666666666667 0.004778645833333354 0.004531250000000024
0 0.75390625 0.8999088541666667 0.004361979166666548 0.004778645833333428
0 0.40209635416666667 0.45825520833333333 0.003984374999999929 0.0037499999999999942
0 0.412109375 0.09704427083333333 0.00401041666666672 0.00390625
0 0.38061197916666667 0.8042057291666667 0.009596354166666673 0.00967447916666675
0 0.5307682291666667 0.5854557291666667 0.005325520833333375 0.004804687500000071
0 0.9243229166666667 0.7265625 0.016718749999999893 0.014674479166666643
0 0.34790364583333333 0.26244791666666667 0.005104166666666614 0.004739583333333315
0 0.12854166666666667 0.6782291666666667 0.004921875000000002 0.004505208333333381
0 0.22217447916666666 0.6201171875 0.004531250000000024 0.0035026041666667376
0 0.7216796875 0.9311588541666667 0.004257812499999976 0.004661458333333239
0 0.1259765625 0.9194401041666667 0.0036197916666666683 0.003932291666666643
0 0.2208203125 0.7475651041666667 0.0037499999999999942 0.004062499999999858
0 0.007291666666666666 0.08911458333333333 0.008346354166666667 0.010169270833333336
0 0.8032291666666667 0.35962239583333333 0.004830729166666714 0.003958333333333286
0 0.9967447916666666 0.79296875 0.006510416666666667 0.010416666666666666
0 0.5434635416666667 0.18139322916666667 0.004739583333333315 0.004479166666666663
0 0.7939453125 0.9677734375 0.004622395833333274 0.004804687500000071
0 0.5400390625 0.8881901041666667 0.005169270833333369 0.0049479166666666075
0 0.35010416666666666 0.365234375 0.008151041666666655 0.009453124999999988
0 0.19092447916666666 0.3134765625 0.004140625000000009 0.004401041666666661
0 0.28149739583333333 0.4853515625 0.004661458333333313 0.003619791666666631
0 0.9794921875 0.970703125 0.00967447916666675 0.009192708333333263
0 0.751953125 0.9375 0.004257812499999976 0.005481770833333381
0 0.040013020833333336 0.47265625 0.0038541666666666676 0.004505208333333381
0 0.8833072916666667 0.92578125 0.0632291666666666 0.051276041666666806
0 0.27807291666666667 0.12463541666666667 0.004166666666666652 0.00510416666666665
0 0.8247135416666667 0.05834635416666667 0.004687499999999882 0.004453125000000002
0 0.4755859375 0.11694010416666667 0.00380208333333328 0.00393229166666668
0 0.501953125 0.6713932291666667 0.12127604166666665 0.10265624999999996
0 0.058893229166666665 0.9624088541666667 0.004036458333333326 0.005234374999999976
0 0.7280338541666667 0.31983072916666666 0.003750000000000142 0.003776041666666637
0 0.04708333333333333 0.39184895833333333 0.004309895833333337 0.00575520833333328
0 0.25024739583333333 0.9692447916666667 0.005104166666666687 0.004778645833333428
0 0.6982421875 0.888671875 0.004427083333333452 0.003750000000000142
0 0.9443359375 0.27807291666666667 0.0034505208333334516 0.0033984375000000178
0 0.751953125 0.8466796875 0.004010416666666572 0.003932291666666643
0 0.9973958333333334 0.5930989583333334 0.005208333333333333 0.009114583333333334
0 0.814453125 0.982421875 0.0045703124999999884 0.004427083333333452
0 0.9921875 0.029036458333333334 0.012773437499999929 0.018763020833333335
0 0.36596354166666667 0.9971744791666667 0.009192708333333263 0.00565104166666656
0 0.9526432291666667 0.7710026041666667 0.004088541666666797 0.004309895833333262
0 0.03079427083333333 0.9516666666666667 0.008216145833333336 0.009453124999999988
0 0.7163151041666667 0.974609375 0.004622395833333274 0.005039062499999858