0 0.11393229166666667 0.5201822916666666 0.22526041666666666 0.30859375
0 0.107421875 0.44140625 0.037760416666666664 0.036458333333333336
0 0.14388020833333334 0.8313802083333334 0.032552083333333336 0.032552083333333336
0 0.18815104166666666 0.732421875 0.016927083333333332 0.014322916666666666
0 0.3984375 0.9348958333333334 0.1484375 0.1171875
0 0.4225260416666667 0.12825520833333334 0.11328125 0.12369791666666667
0 0.5247395833333334 0.775390625 0.026041666666666668 0.01953125
0 0.6412760416666666 0.8307291666666666 0.029947916666666668 0.026041666666666668
0 0.7434895833333334 0.830078125 0.03125 0.024739583333333332
0 0.5611979166666666 0.5592447916666666 0.03125 0.029947916666666668
0 0.7467447916666666 0.767578125 0.024739583333333332 0.022135416666666668
0 0.7936197916666666 0.72265625 0.06901041666666667 0.0703125
0 0.8802083333333334 0.44921875 0.020833333333333332 0.020833333333333332
0 0.3743489583333333 0.615234375 0.024739583333333332 0.024739583333333332
0 0.265625 0.7747395833333334 0.020833333333333332 0.020833333333333332
0 0.061197916666666664 0.283203125 0.0234375 0.024739583333333332
0 0.47265625 0.3684895833333333 0.052083333333333336 0.052083333333333336
0 0.2805989583333333 0.022135416666666668 0.032552083333333336 0.036458333333333336
0 0.24609375 0.96484375 0.015625 0.018229166666666668
0 0.240234375 0.3203125 0.016927083333333332 0.018229166666666668
0 0.541015625 0.650390625 0.01953125 0.01953125
0 0.29296875 0.669921875 0.018229166666666668 0.016927083333333332
0 0.08854166666666667 0.15690104166666666 0.015625 0.01953125
0 0.009114583333333334 0.09765625 0.015625 0.020833333333333332
0 0.4466145833333333 0.025390625 0.026041666666666668 0.029947916666666668
0 0.23307291666666666 0.037760416666666664 0.018229166666666668 0.010416666666666666
0 0.7063802083333334 0.2936197916666667 0.12630208333333334 0.11067708333333333
0 0.8795572916666666 0.111328125 0.24088541666666666 0.21484375
0 0.07421875 0.3736979166666667 0.015625 0.015625
0 0.6354166666666666 0.9837239583333334 0.013020833333333334 0.01953125
0 0.5670572916666666 0.5338541666666666 0.01953125 0.020833333333333332
0 0.595703125 0.1015625 0.022135416666666668 0.0234375
0 0.4270833333333333 0.1328125 0.026041666666666668 0.028645833333333332