0 0.13020833333333334 0.15234375 0.03125 0.028645833333333332
0 0.240234375 0.08138020833333333 0.022135416666666668 0.024739583333333332
0 0.201171875 0.10091145833333333 0.016927083333333332 0.01953125
0 0.23828125 0.13346354166666666 0.078125 0.07682291666666667
0 0.5358072916666666 0.15950520833333334 0.022135416666666668 0.01953125
0 0.8600260416666666 0.087890625 0.08984375 0.08203125
0 0.7154947916666666 0.20768229166666666 0.016927083333333332 0.01953125
0 0.7526041666666666 0.263671875 0.013020833333333334 0.01953125
0 0.7734375 0.3079427083333333 0.059895833333333336 0.055989583333333336
0 0.8365885416666666 0.4088541666666667 0.040364583333333336 0.036458333333333336
0 0.3899739583333333 0.4407552083333333 0.03515625 0.03515625
0 0.4739583333333333 0.3971354166666667 0.036458333333333336 0.036458333333333336
0 0.09635416666666667 0.3763020833333333 0.026041666666666668 0.0234375
0 0.08984375 0.4700520833333333 0.033854166666666664 0.028645833333333332
0 0.267578125 0.703125 0.045572916666666664 0.044270833333333336
0 0.3684895833333333 0.5859375 0.018229166666666668 0.018229166666666668
0 0.8040364583333334 0.552734375 0.024739583333333332 0.01953125
0 0.7779947916666666 0.6770833333333334 0.06380208333333333 0.06510416666666667
0 0.6373697916666666 0.677734375 0.029947916666666668 0.02734375
0 0.369140625 0.80078125 0.014322916666666666 0.015625
0 0.322265625 0.9635416666666666 0.01953125 0.020833333333333332
0 0.267578125 0.9049479166666666 0.045572916666666664 0.0390625
0 0.2604166666666667 0.9342447916666666 0.015625 0.016927083333333332
0 0.23502604166666666 0.953125 0.014322916666666666 0.013020833333333334
0 0.20572916666666666 0.3639322916666667 0.10416666666666667 0.08723958333333333
0 0.4342447916666667 0.859375 0.11588541666666667 0.09114583333333333
0 0.091796875 0.92578125 0.032552083333333336 0.028645833333333332
0 0.3997395833333333 0.051432291666666664 0.06510416666666667 0.048177083333333336
0 0.9173177083333334 0.9205729166666666 0.16536458333333334 0.15885416666666666
0 0.6588541666666666 0.9635416666666666 0.21614583333333334 0.07291666666666667
0 0.4342447916666667 0.3255208333333333 0.2565104166666667 0.21875
0 0.4153645833333333 0.4694010416666667 0.2578125 0.19140625
0 0.427734375 0.11979166666666667 0.009114583333333334 0.010416666666666666
0 0.4837239583333333 0.041666666666666664 0.009114583333333334 0.010416666666666666
0 0.4453125 0.19075520833333334 0.03125 0.029947916666666668
0 0.6438802083333334 0.201171875 0.01171875 0.01171875
0 0.5794270833333334 0.150390625 0.010416666666666666 0.009114583333333334
0 0.4557291666666667 0.2526041666666667 0.0234375 0.0234375
0 0.3919270833333333 0.3046875 0.010416666666666666 0.010416666666666666
0 0.4576822916666667 0.7506510416666666 0.014322916666666666 0.014322916666666666
0 0.6276041666666666 0.8671875 0.015625 0.015625
0 0.572265625 0.9641927083333334 0.01171875 0.01171875
0 0.23307291666666666 0.7975260416666666 0.015625 0.016927083333333332
0 0.3014322916666667 0.791015625 0.016927083333333332 0.016927083333333332
0 0.5794270833333334 0.912109375 0.013020833333333334 0.01171875
0 0.4270833333333333 0.8528645833333334 0.010416666666666666 0.010416666666666666
0 0.5345052083333334 0.7467447916666666 0.01171875 0.009114583333333334
0 0.7975260416666666 0.6178385416666666 0.014322916666666666 0.014322916666666666
0 0.9114583333333334 0.5690104166666666 0.015625 0.013020833333333334
0 0.9440104166666666 0.5240885416666666 0.015625 0.014322916666666666
0 0.8365885416666666 0.826171875 0.014322916666666666 0.01171875
0 0.7018229166666666 0.515625 0.11197916666666667 0.09114583333333333
0 0.8802083333333334 0.322265625 0.028645833333333332 0.02734375
0 0.8157552083333334 0.018880208333333332 0.014322916666666666 0.01171875
0 0.6451822916666666 0.3346354166666667 0.01171875 0.013020833333333334