0 0.3385416666666667 0.7141927083333334 0.026041666666666668 0.024739583333333332
0 0.052083333333333336 0.7805989583333334 0.026041666666666668 0.022135416666666668
0 0.20052083333333334 0.8606770833333334 0.03125 0.033854166666666664
0 0.3053385416666667 0.7649739583333334 0.014322916666666666 0.014322916666666666
0 0.224609375 0.6901041666666666 0.014322916666666666 0.010416666666666666
0 0.7338932291666667 0.9135807291666667 0.02244791666666668 0.01847656250000007
0 0.22522135416666667 0.6919010416666667 0.010234375000000018 0.010507812499999917
0 0.5864322916666667 0.7710026041666667 0.009791666666666643 0.01005208333333337
0 0.38110677083333333 0.7797916666666667 0.009583333333333352 0.010195312499999906
0 0.36670572916666666 0.7099609375 0.01209635416666662 0.01192708333333344
0 0.21436197916666666 0.794921875 0.008906249999999968 0.009505208333333274
0 0.5942447916666667 0.8217838541666667 0.010820312499999929 0.01005208333333337
0 0.36841145833333333 0.9604557291666667 0.010911458333333327 0.011315104166666737
0 0.41846354166666666 0.744140625 0.008385416666666737 0.008971354166666798
0 0.7646484375 0.95703125 0.011354166666666702 0.010468749999999952