0 0.055338541666666664 0.06315104166666667 0.032552083333333336 0.032552083333333336
0 0.19986979166666666 0.076171875 0.016927083333333332 0.01953125
0 0.026041666666666668 0.3359375 0.013020833333333334 0.015625
0 0.7356770833333334 0.5924479166666666 0.052083333333333336 0.049479166666666664
0 0.595703125 0.5384114583333334 0.01953125 0.01953125
0 0.2884114583333333 0.6673177083333334 0.02734375 0.022135416666666668
0 0.22721354166666666 0.8548177083333334 0.01953125 0.01953125
0 0.19205729166666666 0.7975260416666666 0.006510416666666667 0.016927083333333332
0 0.927734375 0.5481770833333334 0.01953125 0.013020833333333334
0 0.2864583333333333 0.3678385416666667 0.013020833333333334 0.016927083333333332
0 0.08463541666666667 0.11653645833333333 0.013020833333333334 0.014322916666666666
0 0.36328125 0.3645833333333333 0.010416666666666666 0.010416666666666666
0 0.13346354166666666 0.4069010416666667 0.014322916666666666 0.014322916666666666
0 0.220703125 0.5227864583333334 0.014322916666666666 0.014322916666666666