0 0.3229166666666667 0.51953125 0.028645833333333332 0.028645833333333332
0 0.016927083333333332 0.6009114583333334 0.03125 0.03515625
0 0.009765625 0.5657552083333334 0.016927083333333332 0.016927083333333332
0 0.7369791666666666 0.5774739583333334 0.036458333333333336 0.03515625
0 0.4244791666666667 0.9140625 0.1015625 0.1015625
0 0.48046875 0.6276041666666666 0.09895833333333333 0.1015625
0 0.3404947916666667 0.12239583333333333 0.061197916666666664 0.052083333333333336
0 0.552734375 0.15950520833333334 0.014322916666666666 0.014322916666666666
0 0.716796875 0.3639322916666667 0.032552083333333336 0.032552083333333336
0 0.21028645833333334 0.6119791666666666 0.024739583333333332 0.0234375
0 0.14583333333333334 0.4934895833333333 0.018229166666666668 0.018229166666666668
0 0.23307291666666666 0.4140625 0.0234375 0.0234375
0 0.375 0.0625 0.013020833333333334 0.010416666666666666
0 0.85546875 0.009765625 0.015625 0.01171875
0 0.8841145833333334 0.041015625 0.013020833333333334 0.014322916666666666
0 0.7115885416666666 0.5065104166666666 0.01953125 0.018229166666666668