0 0.7721354166666666 0.4459635416666667 0.08333333333333333 0.09505208333333333
0 0.7447916666666666 0.7298177083333334 0.046875 0.05078125
0 0.5130208333333334 0.6438802083333334 0.03125 0.029947916666666668
0 0.21744791666666666 0.3352864583333333 0.4322916666666667 0.4856770833333333
0 0.91015625 0.5358072916666666 0.03125 0.032552083333333336
0 0.7721354166666666 0.9713541666666666 0.018229166666666668 0.015625
0 0.8059895833333334 0.9622395833333334 0.015625 0.015625
0 0.9739583333333334 0.9420572916666666 0.015625 0.014322916666666666
0 0.9537760416666666 0.392578125 0.02734375 0.024739583333333332
0 0.9837239583333334 0.2682291666666667 0.01953125 0.020833333333333332
0 0.5833333333333334 0.12044270833333333 0.018229166666666668 0.022135416666666668
0 0.5227864583333334 0.14973958333333334 0.014322916666666666 0.015625
0 0.8548177083333334 0.61328125 0.016927083333333332 0.0234375
0 0.861328125 0.2506510416666667 0.022135416666666668 0.022135416666666668
0 0.759765625 0.15690104166666666 0.016927083333333332 0.01953125
0 0.3723958333333333 0.5071614583333334 0.0234375 0.024739583333333332
0 0.6959635416666666 0.26171875 0.08984375 0.1015625
0 0.5572916666666666 0.2532552083333333 0.015625 0.014322916666666666
0 0.9147135416666666 0.9244791666666666 0.01171875 0.013020833333333334
0 0.005859375 0.09635416666666667 0.009114583333333334 0.020833333333333332
0 0.97265625 0.5162760416666666 0.015625 0.016927083333333332
0 0.80078125 0.12434895833333333 0.015625 0.016927083333333332
0 0.80859375 0.59375 0.018229166666666668 0.015625
0 0.22135416666666666 0.7174479166666666 0.013020833333333334 0.015625
0 0.3580729166666667 0.75 0.0390625 0.044270833333333336
0 0.501953125 0.76171875 0.016927083333333332 0.015625
0 0.8274739583333334 0.9889322916666666 0.016927083333333332 0.016927083333333332
0 0.90234375 0.3248697916666667 0.0390625 0.029947916666666668
0 0.76953125 0.5924479166666666 0.020833333333333332 0.020833333333333332