0 0.9661458333333334 0.5455729166666666 0.03125 0.033854166666666664
0 0.857421875 0.484375 0.04296875 0.0390625
0 0.8040364583333334 0.4791666666666667 0.09765625 0.109375
0 0.92578125 0.22721354166666666 0.020833333333333332 0.016927083333333332
0 0.7884114583333334 0.16471354166666666 0.024739583333333332 0.024739583333333332
0 0.322265625 0.189453125 0.024739583333333332 0.02734375
0 0.2838541666666667 0.06966145833333333 0.0234375 0.024739583333333332
0 0.3157552083333333 0.13736979166666666 0.014322916666666666 0.016927083333333332
0 0.7194010416666666 0.4895833333333333 0.032552083333333336 0.028645833333333332
0 0.7083333333333334 0.583984375 0.020833333333333332 0.01953125
0 0.8313802083333334 0.7454427083333334 0.022135416666666668 0.01953125
0 0.490234375 0.4993489583333333 0.07942708333333333 0.07682291666666667
0 0.4739583333333333 0.35546875 0.20572916666666666 0.1875
0 0.373046875 0.6087239583333334 0.08723958333333333 0.09765625
0 0.298828125 0.3385416666666667 0.016927083333333332 0.018229166666666668
0 0.3997395833333333 0.14322916666666666 0.07291666666666667 0.06510416666666667
0 0.6608072916666666 0.08138020833333333 0.07161458333333333 0.07161458333333333
0 0.7259114583333334 0.16927083333333334 0.01953125 0.013020833333333334
0 0.2552083333333333 0.036458333333333336 0.018229166666666668 0.020833333333333332
0 0.21028645833333334 0.12109375 0.032552083333333336 0.036458333333333336
0 0.7955729166666666 0.6966145833333334 0.015625 0.015625
0 0.6080729166666666 0.546875 0.020833333333333332 0.018229166666666668
0 0.5885416666666666 0.8821614583333334 0.026041666666666668 0.029947916666666668
0 0.5442708333333334 0.8932291666666666 0.0234375 0.0234375
0 0.4928385416666667 0.7858072916666666 0.022135416666666668 0.016927083333333332
0 0.326171875 0.8092447916666666 0.014322916666666666 0.016927083333333332
0 0.119140625 0.9225260416666666 0.016927083333333332 0.01953125
0 0.033854166666666664 0.9036458333333334 0.015625 0.018229166666666668
0 0.0234375 0.7122395833333334 0.020833333333333332 0.018229166666666668
0 0.9654947916666666 0.7486979166666666 0.014322916666666666 0.013020833333333334
0 0.953125 0.9869791666666666 0.020833333333333332 0.018229166666666668
0 0.8626302083333334 0.9342447916666666 0.01953125 0.01953125
0 0.044921875 0.28125 0.01953125 0.018229166666666668
0 0.580078125 0.08463541666666667 0.01171875 0.013020833333333334
0 0.529296875 0.005859375 0.014322916666666666 0.009114583333333334
0 0.4173177083333333 0.78125 0.01953125 0.015625
0 0.7428385416666666 0.20768229166666666 0.03515625 0.037760416666666664
0 0.10546875 0.7604166666666666 0.015625 0.013020833333333334
0 0.171875 0.6087239583333334 0.013020833333333334 0.014322916666666666
0 0.1015625 0.6419270833333334 0.013020833333333334 0.013020833333333334
0 0.3248697916666667 0.6334635416666666 0.014322916666666666 0.014322916666666666
0 0.333984375 0.4140625 0.01171875 0.010416666666666666
0 0.6243489583333334 0.09440104166666667 0.01171875 0.014322916666666666
0 0.6653645833333334 0.21614583333333334 0.010416666666666666 0.010416666666666666
0 0.9778645833333334 0.8502604166666666 0.0390625 0.06770833333333333