0 0.5201822916666666 0.6438802083333334 0.07942708333333333 0.08723958333333333
0 0.4544270833333333 0.23893229166666666 0.13020833333333334 0.13411458333333334
0 0.5377604166666666 0.08723958333333333 0.020833333333333332 0.026041666666666668
0 0.6575520833333334 0.140625 0.026041666666666668 0.020833333333333332
0 0.6529947916666666 0.21614583333333334 0.01953125 0.020833333333333332
0 0.3313802083333333 0.5553385416666666 0.022135416666666668 0.02734375
0 0.23111979166666666 0.08919270833333333 0.01953125 0.022135416666666668
0 0.3509114583333333 0.3450520833333333 0.024739583333333332 0.026041666666666668
0 0.3997395833333333 0.08203125 0.018229166666666668 0.018229166666666668
0 0.8190104166666666 0.3138020833333333 0.0703125 0.09114583333333333
0 0.7467447916666666 0.2890625 0.06901041666666667 0.08854166666666667
0 0.3828125 0.7037760416666666 0.020833333333333332 0.02734375
0 0.21158854166666666 0.693359375 0.01953125 0.01953125
0 0.2825520833333333 0.5950520833333334 0.036458333333333336 0.041666666666666664
0 0.17643229166666666 0.6106770833333334 0.048177083333333336 0.057291666666666664
0 0.126953125 0.7552083333333334 0.07161458333333333 0.09114583333333333
0 0.024739583333333332 0.5696614583333334 0.026041666666666668 0.032552083333333336
0 0.061848958333333336 0.873046875 0.045572916666666664 0.05078125
0 0.9765625 0.857421875 0.026041666666666668 0.029947916666666668
0 0.955078125 0.89453125 0.016927083333333332 0.018229166666666668
0 0.7942708333333334 0.8776041666666666 0.015625 0.018229166666666668
0 0.931640625 0.3470052083333333 0.016927083333333332 0.014322916666666666
0 0.9596354166666666 0.22265625 0.018229166666666668 0.015625
0 0.4453125 0.9453125 0.033854166666666664 0.0390625
0 0.7272135416666666 0.8118489583333334 0.016927083333333332 0.016927083333333332
0 0.4466145833333333 0.7578125 0.015625 0.018229166666666668
0 0.5865885416666666 0.8893229166666666 0.016927083333333332 0.018229166666666668
0 0.5032552083333334 0.84765625 0.016927083333333332 0.018229166666666668
0 0.5279947916666666 0.837890625 0.014322916666666666 0.01953125
0 0.19270833333333334 0.4049479166666667 0.020833333333333332 0.0234375
0 0.7154947916666666 0.5657552083333334 0.032552083333333336 0.029947916666666668
0 0.6796875 0.3932291666666667 0.2838541666666667 0.2994791666666667
0 0.9069010416666666 0.734375 0.014322916666666666 0.015625
0 0.2916666666666667 0.8352864583333334 0.052083333333333336 0.053385416666666664
0 0.027994791666666668 0.7825520833333334 0.022135416666666668 0.0234375
0 0.8404947916666666 0.095703125 0.014322916666666666 0.016927083333333332
0 0.8795572916666666 0.028645833333333332 0.014322916666666666 0.015625
0 0.8444010416666666 0.038411458333333336 0.01171875 0.014322916666666666
0 0.853515625 0.22330729166666666 0.014322916666666666 0.014322916666666666
0 0.7819010416666666 0.23372395833333334 0.01171875 0.01171875
0 0.9934895833333334 0.7096354166666666 0.0078125 0.013020833333333334
0 0.556640625 0.58203125 0.024739583333333332 0.026041666666666668
0 0.5123697916666666 0.7037760416666666 0.014322916666666666 0.014322916666666666
0 0.5377604166666666 0.8528645833333334 0.015625 0.020833333333333332
0 0.4055989583333333 0.359375 0.01171875 0.010416666666666666
0 0.02734375 0.7858072916666666 0.0546875 0.10807291666666667
0 0.0078125 0.8932291666666666 0.015625 0.044270833333333336
0 0.3294270833333333 0.8990885416666666 0.013020833333333334 0.014322916666666666