0 0.6184895833333334 0.5436197916666666 0.052083333333333336 0.045572916666666664
0 0.9140625 0.17708333333333334 0.015625 0.018229166666666668
0 0.912109375 0.2740885416666667 0.014322916666666666 0.016927083333333332
0 0.8600260416666666 0.22526041666666666 0.02734375 0.028645833333333332
0 0.908203125 0.7584635416666666 0.05859375 0.05859375
0 0.6927083333333334 0.09765625 0.09895833333333333 0.10416666666666667
0 0.5032552083333334 0.06510416666666667 0.022135416666666668 0.0234375
0 0.3372395833333333 0.061848958333333336 0.020833333333333332 0.01953125
0 0.5201822916666666 0.78125 0.053385416666666664 0.06510416666666667
0 0.1875 0.22526041666666666 0.033854166666666664 0.033854166666666664
0 0.14388020833333334 0.3040364583333333 0.024739583333333332 0.022135416666666668
0 0.07096354166666667 0.25390625 0.03515625 0.033854166666666664
0 0.4635416666666667 0.08919270833333333 0.015625 0.01171875
0 0.25390625 0.4361979166666667 0.16927083333333334 0.18229166666666666
0 0.3736979166666667 0.5091145833333334 0.018229166666666668 0.015625
0 0.33984375 0.810546875 0.0234375 0.01953125
0 0.615234375 0.23502604166666666 0.01953125 0.016927083333333332
0 0.640625 0.4375 0.018229166666666668 0.020833333333333332
0 0.7727864583333334 0.7467447916666666 0.15234375 0.14713541666666666
0 0.06640625 0.5234375 0.036458333333333336 0.036458333333333336
0 0.0234375 0.4524739583333333 0.033854166666666664 0.032552083333333336
0 0.201171875 0.7936197916666666 0.045572916666666664 0.048177083333333336
0 0.16341145833333334 0.9049479166666666 0.048177083333333336 0.0390625
0 0.14127604166666666 0.8756510416666666 0.016927083333333332 0.022135416666666668
0 0.11458333333333333 0.8958333333333334 0.020833333333333332 0.020833333333333332
0 0.4850260416666667 0.8587239583333334 0.02734375 0.024739583333333332
0 0.8717447916666666 0.830078125 0.01953125 0.016927083333333332
0 0.6354166666666666 0.9231770833333334 0.018229166666666668 0.015625
0 0.7630208333333334 0.9055989583333334 0.015625 0.014322916666666666
0 0.5384114583333334 0.501953125 0.014322916666666666 0.014322916666666666
0 0.6653645833333334 0.9459635416666666 0.015625 0.014322916666666666
0 0.5755208333333334 0.875 0.018229166666666668 0.013020833333333334
0 0.4576822916666667 0.10872395833333333 0.01171875 0.01171875
0 0.16276041666666666 0.599609375 0.015625 0.016927083333333332
0 0.8430989583333334 0.748046875 0.014322916666666666 0.016927083333333332
0 0.681640625 0.8463541666666666 0.014322916666666666 0.015625
0 0.7337239583333334 0.896484375 0.014322916666666666 0.01171875
0 0.7252604166666666 0.9563802083333334 0.0078125 0.01171875
0 0.9791666666666666 0.9127604166666666 0.013020833333333334 0.013020833333333334
0 0.06640625 0.556640625 0.015625 0.016927083333333332