0 0.6940104166666666 0.2708333333333333 0.09114583333333333 0.09635416666666667
0 0.51953125 0.21744791666666666 0.020833333333333332 0.020833333333333332
0 0.2109375 0.576171875 0.033854166666666664 0.032552083333333336
0 0.259765625 0.6829427083333334 0.016927083333333332 0.016927083333333332
0 0.11783854166666667 0.7473958333333334 0.01171875 0.013020833333333334
0 0.4973958333333333 0.7994791666666666 0.015625 0.015625
0 0.035807291666666664 0.068359375 0.01953125 0.01953125
0 0.022135416666666668 0.6106770833333334 0.041666666666666664 0.07552083333333333
0 0.2708333333333333 0.9563802083333334 0.013020833333333334 0.014322916666666666
0 0.65234375 0.6236979166666666 0.018229166666666668 0.015625
0 0.8893229166666666 0.6998697916666666 0.013020833333333334 0.01171875
0 0.9765625 0.5475260416666666 0.018229166666666668 0.014322916666666666
0 0.212890625 0.4440104166666667 0.009114583333333334 0.010416666666666666
0 0.177734375 0.3255208333333333 0.009114583333333334 0.010416666666666666
0 0.8111979166666666 0.4361979166666667 0.03125 0.026041666666666668
0 0.4505208333333333 0.5983072916666666 0.018229166666666668 0.01953125
0 0.578125 0.6145833333333334 0.0234375 0.026041666666666668
0 0.3470052083333333 0.94921875 0.014322916666666666 0.013020833333333334
0 0.20963541666666666 0.3404947916666667 0.010416666666666666 0.009114583333333334
0 0.15559895833333334 0.802734375 0.009114583333333334 0.009114583333333334
0 0.23046875 0.86328125 0.0078125 0.0078125
0 0.994140625 0.6946614583333334 0.01171875 0.014322916666666666
0 0.75 0.6256510416666666 0.013020833333333334 0.014322916666666666