0 0.263671875 0.123046875 0.037760416666666664 0.03515625
0 0.15299479166666666 0.20442708333333334 0.032552083333333336 0.028645833333333332
0 0.020833333333333332 0.41796875 0.028645833333333332 0.026041666666666668
0 0.7395833333333334 0.15104166666666666 0.020833333333333332 0.020833333333333332
0 0.8411458333333334 0.19921875 0.0625 0.052083333333333336
0 0.10807291666666667 0.3072916666666667 0.020833333333333332 0.018229166666666668
0 0.4830729166666667 0.6165364583333334 0.0234375 0.01953125
0 0.5026041666666666 0.505859375 0.026041666666666668 0.02734375
0 0.400390625 0.94140625 0.07161458333333333 0.06510416666666667
0 0.18619791666666666 0.9303385416666666 0.059895833333333336 0.061197916666666664
0 0.7174479166666666 0.201171875 0.0234375 0.022135416666666668
0 0.189453125 0.46875 0.014322916666666666 0.015625
0 0.5475260416666666 0.13736979166666666 0.024739583333333332 0.01953125
0 0.9811197916666666 0.020833333333333332 0.029947916666666668 0.033854166666666664
0 0.2766927083333333 0.95703125 0.01953125 0.018229166666666668
0 0.6946614583333334 0.5553385416666666 0.13411458333333334 0.11067708333333333
0 0.8860677083333334 0.9401041666666666 0.024739583333333332 0.0234375
0 0.953125 0.94140625 0.026041666666666668 0.026041666666666668
0 0.9830729166666666 0.8600260416666666 0.015625 0.01953125
0 0.2962239583333333 0.314453125 0.016927083333333332 0.01953125
0 0.14583333333333334 0.4739583333333333 0.013020833333333334 0.015625
0 0.22200520833333334 0.7610677083333334 0.014322916666666666 0.014322916666666666
0 0.3463541666666667 0.7845052083333334 0.013020833333333334 0.014322916666666666
0 0.35546875 0.7037760416666666 0.015625 0.014322916666666666
0 0.8561197916666666 0.6334635416666666 0.016927083333333332 0.01953125
0 0.6529947916666666 0.67578125 0.014322916666666666 0.015625
0 0.7662760416666666 0.54296875 0.014322916666666666 0.010416666666666666
0 0.7233072916666666 0.8014322916666666 0.014322916666666666 0.01171875
0 0.541015625 0.9928385416666666 0.024739583333333332 0.014322916666666666
0 0.484375 0.98046875 0.018229166666666668 0.015625
0 0.9049479166666666 0.9954427083333334 0.026041666666666668 0.009114583333333334
0 0.9798177083333334 0.7174479166666666 0.014322916666666666 0.015625
0 0.50390625 0.14192708333333334 0.013020833333333334 0.013020833333333334
0 0.6419270833333334 0.19596354166666666 0.013020833333333334 0.014322916666666666
0 0.7473958333333334 0.3177083333333333 0.013020833333333334 0.013020833333333334
0 0.5520833333333334 0.4296875 0.015625 0.015625
0 0.455078125 0.3763020833333333 0.014322916666666666 0.013020833333333334
0 0.677734375 0.5911458333333334 0.01171875 0.010416666666666666
0 0.3938802083333333 0.7662760416666666 0.01171875 0.01171875