0 0.6959635416666666 0.4440104166666667 0.03515625 0.03125
0 0.302734375 0.3352864583333333 0.055989583333333336 0.053385416666666664
0 0.07552083333333333 0.12109375 0.06510416666666667 0.0625
0 0.2526041666666667 0.041015625 0.028645833333333332 0.029947916666666668
0 0.24934895833333334 0.12434895833333333 0.03515625 0.03515625
0 0.3177083333333333 0.13802083333333334 0.033854166666666664 0.033854166666666664
0 0.3072916666666667 0.1640625 0.028645833333333332 0.026041666666666668
0 0.34765625 0.23828125 0.020833333333333332 0.020833333333333332
0 0.3346354166666667 0.4322916666666667 0.020833333333333332 0.0234375
0 0.7506510416666666 0.2975260416666667 0.016927083333333332 0.014322916666666666
0 0.7571614583333334 0.3157552083333333 0.014322916666666666 0.016927083333333332
0 0.7278645833333334 0.80078125 0.11458333333333333 0.10677083333333333
0 0.232421875 0.8977864583333334 0.01953125 0.01953125
0 0.3509114583333333 0.5182291666666666 0.014322916666666666 0.015625
0 0.2649739583333333 0.8717447916666666 0.024739583333333332 0.029947916666666668
0 0.2643229166666667 0.9654947916666666 0.10416666666666667 0.06901041666666667
0 0.15625 0.3391927083333333 0.020833333333333332 0.024739583333333332
0 0.4908854166666667 0.125 0.0234375 0.028645833333333332
0 0.4635416666666667 0.031901041666666664 0.013020833333333334 0.01171875
0 0.7109375 0.9934895833333334 0.046875 0.013020833333333334
0 0.8984375 0.048828125 0.010416666666666666 0.009114583333333334
0 0.9016927083333334 0.2805989583333333 0.014322916666666666 0.014322916666666666
0 0.9739583333333334 0.521484375 0.015625 0.016927083333333332