0 0.9583333333333334 0.9817708333333334 0.08333333333333333 0.036458333333333336
0 0.6419270833333334 0.9850260416666666 0.13802083333333334 0.029947916666666668
0 0.8175260416666665 0.3844921875 0.0863020833333333 0.09690104166666662
0 0.7621874999999999 0.12738281249999997 0.053749999999999964 0.05295572916666669
0 0.9895833333333334 0.21614583333333334 0.020833333333333332 0.06770833333333333
0 0.6495703124999999 0.8830078124999999 0.08367187499999999 0.06679687499999994
0 0.7625390625000001 0.12277343750000003 0.04308593749999989 0.04050781250000002
0 0.012369791666666666 0.2708333333333333 0.024739583333333332 0.046875
0 0.9934895833333334 0.20703125 0.013020833333333334 0.0546875
0 0.6429557291666667 0.8894401041666667 0.04854166666666663 0.04476562500000014
0 0.26769531250000006 0.4880729166666667 0.06203124999999998 0.05979166666666661
0 0.529296875 0.01953125 0.16276041666666666 0.0390625
0 0.0841927083333333 0.6990625 0.055494791666666675 0.05141927083333334
0 0.034713541666666625 0.5409895833333334 0.05811197916666666 0.05149739583333327
0 0.18522135416666666 0.2296484375 0.10670572916666665 0.14304687500000002
0 0.8216536458333333 0.3846354166666666 0.06782552083333322 0.06345052083333336
0 0.3116796875 0.8887499999999999 0.047252604166666656 0.04441406249999987
0 0.7323046875000001 0.9217447916666667 0.03765625000000009 0.035820312499999986
0 0.4024088541666666 0.4908203125000001 0.040208333333333325 0.038528645833333375
0 0.8807552083333334 0.7066276041666667 0.04458333333333334 0.041145833333333215
0 0.19003906250000005 0.3502734375 0.03526041666666665 0.030221354166666714
0 0.3411458333333333 0.984375 0.033854166666666664 0.03125
0 0.3357421875 0.6117838541666667 0.04815104166666669 0.04742187499999995
0 0.5852213541666668 0.49013020833333326 0.04177083333333339 0.035677083333333304
0 0.6635677083333332 0.5691666666666667 0.04005208333333332 0.03623697916666672
0 0.4161458333333334 0.6385807291666666 0.02753906249999997 0.02753906249999997
0 0.5604817708333334 0.5451171874999999 0.04259114583333338 0.03898437500000007
0 0.46976562499999996 0.5217447916666668 0.036666666666666625 0.03485677083333331