0 0.7311197916666666 0.17122395833333334 0.02734375 0.029947916666666668
0 0.7630208333333334 0.06510416666666667 0.036458333333333336 0.033854166666666664
0 0.859375 0.08463541666666667 0.013020833333333334 0.013020833333333334
0 0.453125 0.7936197916666666 0.033854166666666664 0.032552083333333336
0 0.5833333333333334 0.7141927083333334 0.026041666666666668 0.029947916666666668
0 0.7545572916666666 0.8098958333333334 0.032552083333333336 0.033854166666666664
0 0.8248697916666666 0.6946614583333334 0.05859375 0.053385416666666664
0 0.9231770833333334 0.6770833333333334 0.018229166666666668 0.020833333333333332
0 0.5455729166666666 0.6334635416666666 0.020833333333333332 0.022135416666666668
0 0.5345052083333334 0.6712239583333334 0.01953125 0.024739583333333332
0 0.3268229166666667 0.4576822916666667 0.028645833333333332 0.03515625
0 0.7994791666666666 0.3587239583333333 0.018229166666666668 0.016927083333333332
0 0.2766927083333333 0.16666666666666666 0.01953125 0.018229166666666668
0 0.28515625 0.4889322916666667 0.015625 0.01953125
0 0.498046875 0.44140625 0.016927083333333332 0.018229166666666668
0 0.11328125 0.52734375 0.09375 0.09635416666666667
0 0.103515625 0.935546875 0.032552083333333336 0.029947916666666668
0 0.2838541666666667 0.7838541666666666 0.234375 0.2708333333333333
0 0.17643229166666666 0.8665364583333334 0.01953125 0.01953125
0 0.1640625 0.3287760416666667 0.013020833333333334 0.014322916666666666
0 0.10611979166666667 0.3834635416666667 0.11588541666666667 0.12109375
0 0.07486979166666667 0.66015625 0.14973958333333334 0.2265625
0 0.3795572916666667 0.3561197916666667 0.022135416666666668 0.022135416666666668
0 0.95703125 0.130859375 0.020833333333333332 0.01953125
0 0.009765625 0.23372395833333334 0.01953125 0.032552083333333336
0 0.6673177083333334 0.5729166666666666 0.024739583333333332 0.026041666666666668
0 0.6490885416666666 0.5833333333333334 0.01953125 0.018229166666666668
0 0.4720052083333333 0.06575520833333333 0.014322916666666666 0.014322916666666666
0 0.8098958333333334 0.103515625 0.3411458333333333 0.20442708333333334
0 0.912109375 0.0703125 0.01171875 0.013020833333333334
0 0.5618489583333334 0.3151041666666667 0.014322916666666666 0.015625
0 0.888671875 0.068359375 0.006510416666666667 0.009114583333333334
0 0.028645833333333332 0.09309895833333333 0.057291666666666664 0.13151041666666666
0 0.022786458333333332 0.19205729166666666 0.045572916666666664 0.06901041666666667
0 0.050130208333333336 0.4186197916666667 0.014322916666666666 0.014322916666666666
0 0.22916666666666666 0.564453125 0.013020833333333334 0.01171875
0 0.20182291666666666 0.4602864583333333 0.010416666666666666 0.01171875
0 0.22591145833333334 0.3841145833333333 0.006510416666666667 0.0078125
0 0.076171875 0.6647135416666666 0.01171875 0.009114583333333334
0 0.3333333333333333 0.59765625 0.010416666666666666 0.0078125
0 0.306640625 0.5475260416666666 0.009114583333333334 0.009114583333333334
0 0.3958333333333333 0.4674479166666667 0.0078125 0.0078125
0 0.41015625 0.62109375 0.015625 0.015625
0 0.578125 0.3209635416666667 0.013020833333333334 0.014322916666666666
0 0.6002604166666666 0.30859375 0.013020833333333334 0.013020833333333334
0 0.591796875 0.5221354166666666 0.01171875 0.010416666666666666
0 0.5677083333333334 0.5716145833333334 0.013020833333333334 0.013020833333333334
0 0.040364583333333336 0.3567708333333333 0.036458333333333336 0.044270833333333336
0 0.6809895833333334 0.4446614583333333 0.026041666666666668 0.029947916666666668
0 0.4270833333333333 0.4453125 0.5364583333333334 0.578125
0 0.010416666666666666 0.7688802083333334 0.013020833333333334 0.014322916666666666
0 0.7233072916666666 0.5911458333333334 0.016927083333333332 0.013020833333333334
0 0.765625 0.6953125 0.010416666666666666 0.010416666666666666
0 0.7076822916666666 0.740234375 0.01171875 0.01171875
0 0.630859375 0.935546875 0.014322916666666666 0.016927083333333332
0 0.9420572916666666 0.259765625 0.01171875 0.01171875
0 0.8092447916666666 0.224609375 0.01171875 0.01171875
0 0.8385416666666666 0.2916666666666667 0.010416666666666666 0.010416666666666666
0 0.7740885416666666 0.3040364583333333 0.014322916666666666 0.01171875
0 0.728515625 0.390625 0.01171875 0.013020833333333334
0 0.4583333333333333 0.8248697916666666 0.013020833333333334 0.01171875