0 0.7727864583333334 0.16341145833333334 0.055989583333333336 0.045572916666666664
0 0.19856770833333334 0.6002604166666666 0.045572916666666664 0.033854166666666664
0 0.263671875 0.689453125 0.032552083333333336 0.029947916666666668
0 0.09114583333333333 0.736328125 0.026041666666666668 0.032552083333333336
0 0.861328125 0.5592447916666666 0.08203125 0.07682291666666667
0 0.6412760416666666 0.8365885416666666 0.032552083333333336 0.03515625
0 0.083984375 0.873046875 0.022135416666666668 0.01953125
0 0.6341145833333334 0.5364583333333334 0.026041666666666668 0.0234375
0 0.876953125 0.3033854166666667 0.022135416666666668 0.026041666666666668
0 0.5618489583333334 0.0625 0.02734375 0.026041666666666668
0 0.6178385416666666 0.12109375 0.024739583333333332 0.020833333333333332
0 0.5149739583333334 0.8756510416666666 0.024739583333333332 0.022135416666666668
0 0.16927083333333334 0.7076822916666666 0.026041666666666668 0.01953125
0 0.0859375 0.3938802083333333 0.0234375 0.022135416666666668
0 0.9114583333333334 0.6119791666666666 0.018229166666666668 0.015625
0 0.6868489583333334 0.044921875 0.12369791666666667 0.08723958333333333
0 0.244140625 0.9420572916666666 0.01953125 0.01953125
0 0.059244791666666664 0.5703125 0.024739583333333332 0.015625
0 0.4993489583333333 0.011067708333333334 0.05859375 0.01953125
0 0.326171875 0.055989583333333336 0.022135416666666668 0.018229166666666668
0 0.9296875 0.7083333333333334 0.015625 0.013020833333333334
0 0.4088541666666667 0.7845052083333334 0.010416666666666666 0.01171875
0 0.0625 0.07421875 0.015625 0.013020833333333334
0 0.08333333333333333 0.005208333333333333 0.015625 0.0078125
0 0.98828125 0.2845052083333333 0.0234375 0.10286458333333333
0 0.990234375 0.8385416666666666 0.01953125 0.046875
0 0.9388020833333334 0.9368489583333334 0.013020833333333334 0.01171875
0 0.01171875 0.798828125 0.020833333333333332 0.053385416666666664
0 0.263671875 0.9713541666666666 0.16015625 0.057291666666666664
0 0.022135416666666668 0.927734375 0.015625 0.014322916666666666
0 0.150390625 0.84765625 0.016927083333333332 0.015625
0 0.17447916666666666 0.9225260416666666 0.018229166666666668 0.016927083333333332
0 0.369140625 0.2962239583333333 0.016927083333333332 0.016927083333333332
0 0.7727864583333334 0.5026041666666666 0.014322916666666666 0.013020833333333334