0 0.736328125 0.314453125 0.032552083333333336 0.032552083333333336
0 0.79296875 0.20572916666666666 0.07291666666666667 0.06510416666666667
0 0.7903645833333334 0.3359375 0.026041666666666668 0.020833333333333332
0 0.7643229166666666 0.3072916666666667 0.015625 0.026041666666666668
0 0.611328125 0.1640625 0.022135416666666668 0.026041666666666668
0 0.6354166666666666 0.0859375 0.026041666666666668 0.026041666666666668
0 0.9596354166666666 0.3782552083333333 0.0234375 0.01953125
0 0.9322916666666666 0.19010416666666666 0.1171875 0.17447916666666666
0 0.9602864583333334 0.3170572916666667 0.024739583333333332 0.01953125
0 0.8756510416666666 0.3717447916666667 0.016927083333333332 0.01953125
0 0.9713541666666666 0.466796875 0.013020833333333334 0.014322916666666666
0 0.8619791666666666 0.5592447916666666 0.015625 0.022135416666666668
0 0.9440104166666666 0.4811197916666667 0.018229166666666668 0.016927083333333332
0 0.6822916666666666 0.548828125 0.08333333333333333 0.08463541666666667
0 0.5690104166666666 0.6100260416666666 0.0234375 0.01953125
0 0.3912760416666667 0.6171875 0.045572916666666664 0.052083333333333336
0 0.4453125 0.5377604166666666 0.036458333333333336 0.0390625
0 0.4036458333333333 0.2643229166666667 0.0859375 0.10416666666666667
0 0.373046875 0.7981770833333334 0.053385416666666664 0.052083333333333336
0 0.2923177083333333 0.4798177083333333 0.032552083333333336 0.02734375
0 0.294921875 0.5234375 0.024739583333333332 0.028645833333333332
0 0.21744791666666666 0.15234375 0.0625 0.08072916666666667
0 0.11653645833333333 0.47265625 0.029947916666666668 0.0390625
0 0.11458333333333333 0.06575520833333333 0.026041666666666668 0.032552083333333336
0 0.10872395833333333 0.365234375 0.08463541666666667 0.08463541666666667
0 0.07747395833333333 0.154296875 0.12630208333333334 0.13151041666666666
0 0.5703125 0.70703125 0.013020833333333334 0.013020833333333334
0 0.5572916666666666 0.6549479166666666 0.013020833333333334 0.013020833333333334
0 0.3424479166666667 0.6080729166666666 0.013020833333333334 0.015625
0 0.3587239583333333 0.3782552083333333 0.01953125 0.01953125
0 0.17838541666666666 0.796875 0.0234375 0.020833333333333332
0 0.13606770833333334 0.8118489583333334 0.01953125 0.014322916666666666
0 0.10286458333333333 0.9479166666666666 0.020833333333333332 0.020833333333333332
0 0.013671875 0.9739583333333334 0.01953125 0.026041666666666668
0 0.21549479166666666 0.4010416666666667 0.01953125 0.013020833333333334
0 0.6484375 0.3717447916666667 0.013020833333333334 0.01953125
0 0.8098958333333334 0.74609375 0.013020833333333334 0.013020833333333334
0 0.8880208333333334 0.9869791666666666 0.028645833333333332 0.013020833333333334
0 0.97265625 0.9186197916666666 0.015625 0.01953125
0 0.2858072916666667 0.419921875 0.016927083333333332 0.016927083333333332
0 0.7135416666666666 0.259765625 0.015625 0.01953125
0 0.810546875 0.84765625 0.01171875 0.018229166666666668
0 0.310546875 0.798828125 0.014322916666666666 0.016927083333333332