0 0.76171875 0.4563802083333333 0.0390625 0.040364583333333336
0 0.62109375 0.08138020833333333 0.020833333333333332 0.01953125
0 0.42578125 0.4544270833333333 0.03125 0.03125
0 0.767578125 0.7727864583333334 0.032552083333333336 0.03515625
0 0.4095052083333333 0.251953125 0.08984375 0.07161458333333333
0 0.2864583333333333 0.375 0.0390625 0.033854166666666664
0 0.3170572916666667 0.3196614583333333 0.022135416666666668 0.02734375
0 0.271484375 0.3352864583333333 0.022135416666666668 0.01953125
0 0.3229166666666667 0.173828125 0.0234375 0.022135416666666668
0 0.20638020833333334 0.7259114583333334 0.061197916666666664 0.05859375
0 0.11197916666666667 0.7981770833333334 0.0625 0.059895833333333336
0 0.5579427083333334 0.7760416666666666 0.03515625 0.028645833333333332
0 0.07161458333333333 0.9544270833333334 0.06510416666666667 0.057291666666666664
0 0.212890625 0.44921875 0.01953125 0.020833333333333332
0 0.12109375 0.3971354166666667 0.018229166666666668 0.020833333333333332
0 0.4290364583333333 0.6907552083333334 0.01171875 0.016927083333333332
0 0.2571614583333333 0.13151041666666666 0.01171875 0.013020833333333334
0 0.3333333333333333 0.9544270833333334 0.015625 0.013020833333333334
0 0.7747395833333334 0.9759114583333334 0.013020833333333334 0.014322916666666666
0 0.8776041666666666 0.6477864583333334 0.013020833333333334 0.014322916666666666
0 0.130859375 0.8333333333333334 0.016927083333333332 0.016927083333333332
0 0.47265625 0.265625 0.016927083333333332 0.018229166666666668
0 0.10026041666666667 0.5240885416666666 0.015625 0.015625
0 0.9309895833333334 0.16861979166666666 0.014322916666666666 0.015625
0 0.10677083333333333 0.5657552083333334 0.014322916666666666 0.014322916666666666
0 0.2591145833333333 0.193359375 0.013020833333333334 0.013020833333333334
0 0.5774739583333334 0.6920572916666666 0.013020833333333334 0.013020833333333334
0 0.4850260416666667 0.7447916666666666 0.01171875 0.01171875
0 0.014322916666666666 0.779296875 0.014322916666666666 0.014322916666666666
0 0.1484375 0.8098958333333334 0.024739583333333332 0.0234375
0 0.486328125 0.298828125 0.014322916666666666 0.015625
0 0.6510416666666666 0.7083333333333334 0.010416666666666666 0.01171875
0 0.45703125 0.8020833333333334 0.009114583333333334 0.009114583333333334
0 0.3274739583333333 0.85546875 0.009114583333333334 0.009114583333333334
0 0.3736979166666667 0.73828125 0.010416666666666666 0.010416666666666666
0 0.2682291666666667 0.4348958333333333 0.010416666666666666 0.010416666666666666
0 0.07291666666666667 0.4114583333333333 0.010416666666666666 0.010416666666666666
0 0.5638020833333334 0.5631510416666666 0.010416666666666666 0.01171875
0 0.2506510416666667 0.8190104166666666 0.009114583333333334 0.009114583333333334