0 0.3743489583333333 0.20052083333333334 0.032552083333333336 0.033854166666666664
0 0.022786458333333332 0.3717447916666667 0.01953125 0.022135416666666668
0 0.014973958333333334 0.17057291666666666 0.016927083333333332 0.020833333333333332
0 0.75390625 0.14388020833333334 0.049479166666666664 0.040364583333333336
0 0.6998697916666666 0.21028645833333334 0.032552083333333336 0.02734375
0 0.4856770833333333 0.13151041666666666 0.018229166666666668 0.015625
0 0.6087239583333334 0.008463541666666666 0.01953125 0.014322916666666666
0 0.3873697916666667 0.4375 0.01953125 0.015625
0 0.703125 0.4446614583333333 0.052083333333333336 0.037760416666666664
0 0.63671875 0.8020833333333334 0.0234375 0.028645833333333332
0 0.87109375 0.6979166666666666 0.041666666666666664 0.036458333333333336
0 0.7975260416666666 0.83984375 0.01953125 0.020833333333333332
0 0.18033854166666666 0.916015625 0.016927083333333332 0.022135416666666668
0 0.4264322916666667 0.8821614583333334 0.05859375 0.045572916666666664
0 0.6061197916666666 0.9153645833333334 0.016927083333333332 0.018229166666666668
0 0.07161458333333333 0.7630208333333334 0.09114583333333333 0.11458333333333333
0 0.2604166666666667 0.892578125 0.08333333333333333 0.08984375
0 0.287109375 0.9674479166666666 0.014322916666666666 0.015625
0 0.19270833333333334 0.068359375 0.015625 0.014322916666666666
0 0.043619791666666664 0.4368489583333333 0.014322916666666666 0.01171875
0 0.6627604166666666 0.029947916666666668 0.015625 0.0078125
0 0.953125 0.21744791666666666 0.013020833333333334 0.015625
0 0.96875 0.75390625 0.015625 0.0234375
0 0.98828125 0.4856770833333333 0.020833333333333332 0.020833333333333332
0 0.5651041666666666 0.6002604166666666 0.18489583333333334 0.1796875
0 0.1640625 0.916015625 0.015625 0.016927083333333332
0 0.6171875 0.9205729166666666 0.020833333333333332 0.013020833333333334