0 0.06510416666666667 0.14322916666666666 0.026041666666666668 0.0234375
0 0.13151041666666666 0.018880208333333332 0.028645833333333332 0.03515625
0 0.4466145833333333 0.3522135416666667 0.018229166666666668 0.01953125
0 0.361328125 0.505859375 0.032552083333333336 0.02734375
0 0.4427083333333333 0.5579427083333334 0.0390625 0.040364583333333336
0 0.7936197916666666 0.6783854166666666 0.01953125 0.018229166666666668
0 0.8209635416666666 0.22200520833333334 0.053385416666666664 0.048177083333333336
0 0.6608072916666666 0.9368489583333334 0.09765625 0.08203125
0 0.6002604166666666 0.08528645833333333 0.0234375 0.01953125
0 0.68359375 0.30859375 0.013020833333333334 0.015625
0 0.8919270833333334 0.6419270833333334 0.018229166666666668 0.018229166666666668
0 0.791015625 0.8014322916666666 0.01953125 0.01953125
0 0.23502604166666666 0.2526041666666667 0.016927083333333332 0.015625
0 0.6354166666666666 0.9791666666666666 0.0703125 0.041666666666666664
0 0.22526041666666666 0.12239583333333333 0.013020833333333334 0.013020833333333334
0 0.19856770833333334 0.4244791666666667 0.01171875 0.010416666666666666
0 0.7220052083333334 0.54296875 0.01171875 0.013020833333333334
0 0.6399739583333334 0.5182291666666666 0.01171875 0.010416666666666666
0 0.9401041666666666 0.384765625 0.010416666666666666 0.014322916666666666
0 0.7571614583333334 0.171875 0.01171875 0.013020833333333334
0 0.5634765625 0.990234375 0.015677083333333286 0.01583333333333344
0 0.408203125 0.5703125 0.02833333333333332 0.027695312499999975
0 0.11358072916666667 0.32080729166666666 0.015013020833333335 0.013684895833333321
0 0.7768619791666667 0.302734375 0.016223958333333382 0.015716145833333323
0 0.8276432291666667 0.7602604166666667 0.019088541666666774 0.016979166666666618
0 0.21729166666666666 0.17639322916666667 0.01513020833333334 0.014505208333333316
0 0.8310546875 0.42846354166666667 0.012148437499999906 0.01182291666666672
0 0.44776041666666666 0.40697916666666667 0.021770833333333368 0.025039062500000025
0 0.006315104166666666 0.43579427083333333 0.011692708333333334 0.015481770833333316
0 0.09997395833333333 0.49561197916666666 0.009895833333333326 0.009557291666666709
0 0.8408203125 0.10229166666666667 0.01045572916666663 0.009674479166666675
0 0.587890625 0.33936197916666666 0.010898437500000005 0.010286458333333304
0 0.8696354166666667 0.16369791666666667 0.01053385416666656 0.01024739583333334
0 0.5141666666666667 0.45287760416666667 0.009973958333333291 0.00916666666666662
0 0.1050390625 0.4736328125 0.008450520833333345 0.008216145833333263
0 0.9545963541666667 0.22778645833333333 0.011822916666666572 0.010403645833333345
0 0.6596744791666667 0.517578125 0.009895833333333362 0.009596354166666673
0 0.38110677083333333 0.36596354166666667 0.009713541666666714 0.009817708333333286
0 0.744140625 0.32276041666666666 0.011289062500000094 0.01049479166666667
0 0.38135416666666666 0.4296875 0.00947916666666663 0.009713541666666714
0 0.59375 0.0322265625 0.009739583333333357 0.009127604166666664
0 0.10876302083333333 0.390625 0.00854166666666667 0.008281250000000018
0 0.740234375 0.27954427083333333 0.01125000000000013 0.01102864583333337