0 0.044270833333333336 0.18815104166666666 0.015625 0.016927083333333332
0 0.357421875 0.28125 0.016927083333333332 0.015625
0 0.21809895833333334 0.041015625 0.048177083333333336 0.04296875
0 0.4049479166666667 0.09049479166666667 0.08072916666666667 0.07682291666666667
0 0.578125 0.4381510416666667 0.046875 0.04296875
0 0.4986979166666667 0.2994791666666667 0.013020833333333334 0.010416666666666666
0 0.330078125 0.15559895833333334 0.01171875 0.014322916666666666
0 0.5032552083333334 0.17838541666666666 0.009114583333333334 0.010416666666666666
0 0.7955729166666666 0.4615885416666667 0.052083333333333336 0.053385416666666664
0 0.7584635416666666 0.4908854166666667 0.014322916666666666 0.015625
0 0.26953125 0.693359375 0.020833333333333332 0.01953125
0 0.3203125 0.689453125 0.028645833333333332 0.02734375
0 0.4986979166666667 0.6946614583333334 0.018229166666666668 0.022135416666666668
0 0.6907552083333334 0.7467447916666666 0.037760416666666664 0.037760416666666664
0 0.6217447916666666 0.7291666666666666 0.01171875 0.015625
0 0.8815104166666666 0.8470052083333334 0.018229166666666668 0.01953125
0 0.734375 0.8359375 0.015625 0.015625
0 0.4680989583333333 0.876953125 0.014322916666666666 0.014322916666666666
0 0.7981770833333334 0.18098958333333334 0.015625 0.010416666666666666
0 0.361328125 0.5651041666666666 0.01171875 0.010416666666666666
0 0.7584635416666666 0.3515625 0.01171875 0.010416666666666666
0 0.7532552083333334 0.6126302083333334 0.016927083333333332 0.022135416666666668
0 0.9895833333333334 0.9921875 0.010416666666666666 0.010416666666666666
0 0.5377604166666666 0.2591145833333333 0.010416666666666666 0.010416666666666666
0 0.4251302083333333 0.658203125 0.009114583333333334 0.01171875
0 0.4947916666666667 0.87890625 0.015625 0.013020833333333334
0 0.9095052083333334 0.5865885416666666 0.18098958333333334 0.21484375
0 0.7622135416666667 0.12377604166666667 0.008125000000000012 0.008151041666666655
0 0.25463541666666667 0.923828125 0.00805989583333333 0.007929687499999893
0 0.49634114583333333 0.87890625 0.008919270833333362 0.008984375000000119
0 0.05350260416666667 0.38598958333333333 0.009596354166666673 0.00927083333333334
0 0.3623046875 0.8540104166666667 0.008216145833333263 0.008125000000000012
0 0.330078125 0.7377994791666667 0.016093750000000018 0.014114583333333227
0 0.33520833333333333 0.48169270833333333 0.011966145833333367 0.010898437500000005
0 0.5048828125 0.1795703125 0.010130208333333298 0.009296874999999982
0 0.4033203125 0.9419010416666667 0.01036458333333338 0.00947916666666663
0 0.7348697916666667 0.837890625 0.010611979166666785 0.010729166666666679
0 0.7583072916666667 0.35401041666666666 0.013736979166666607 0.009856770833333398
0 0.5649479166666667 0.21057291666666667 0.008645833333333316 0.00873697916666664
0 0.7548828125 0.6118229166666667 0.015898437500000046 0.015781250000000007
0 0.6235416666666667 0.7314453125 0.011158854166666732 0.010989583333333405
0 0.5004947916666667 0.3017578125 0.010820312499999929 0.010533854166666634
0 0.5439453125 0.17065104166666667 0.008645833333333316 0.008619791666666673
0 0.24291666666666667 0.5454166666666667 0.008190104166666693 0.008346354166666625
0 0.6591796875 0.6303776041666667 0.008372395833333268 0.008619791666666673
0 0.27295572916666666 0.58203125 0.008580729166666634 0.008815104166666643
0 0.5888671875 0.822265625 0.008515624999999952 0.008919270833333215
0 0.34740885416666667 0.6489322916666667 0.009557291666666709 0.008346354166666625
0 0.634765625 0.5205078125 0.00809895833333337 0.008619791666666673
0 0.6728515625 0.5307682291666667 0.008007812500000119 0.00809895833333337