0 0.5455729166666666 0.4055989583333333 0.013020833333333334 0.014322916666666666
0 0.26953125 0.6549479166666666 0.09114583333333333 0.09114583333333333
0 0.611328125 0.33984375 0.014322916666666666 0.015625
0 0.11197916666666667 0.6458333333333334 0.020833333333333332 0.018229166666666668
0 0.025390625 0.7018229166666666 0.016927083333333332 0.015625
0 0.07291666666666667 0.3014322916666667 0.010416666666666666 0.014322916666666666
0 0.419921875 0.9322916666666666 0.02734375 0.03125
0 0.24348958333333334 0.6673177083333334 0.036458333333333336 0.03515625
0 0.08984375 0.4140625 0.0234375 0.0234375
0 0.057291666666666664 0.6028645833333334 0.013020833333333334 0.013020833333333334
0 0.037760416666666664 0.53125 0.013020833333333334 0.013020833333333334