0 0.2923177083333333 0.4817708333333333 0.08203125 0.0859375
0 0.474609375 0.8131510416666666 0.022135416666666668 0.022135416666666668
0 0.498046875 0.8092447916666666 0.024739583333333332 0.024739583333333332
0 0.5852864583333334 0.908203125 0.029947916666666668 0.02734375
0 0.626953125 0.9440104166666666 0.022135416666666668 0.020833333333333332
0 0.6927083333333334 0.7317708333333334 0.028645833333333332 0.0234375
0 0.6881510416666666 0.83984375 0.02734375 0.03125
0 0.5930989583333334 0.4986979166666667 0.045572916666666664 0.0390625
0 0.6067708333333334 0.5696614583333334 0.2421875 0.19661458333333334
0 0.5091145833333334 0.5592447916666666 0.026041666666666668 0.022135416666666668
0 0.560546875 0.3860677083333333 0.08463541666666667 0.06380208333333333
0 0.689453125 0.4225260416666667 0.061197916666666664 0.055989583333333336
0 0.6666666666666666 0.34765625 0.028645833333333332 0.028645833333333332
0 0.22395833333333334 0.21158854166666666 0.036458333333333336 0.037760416666666664
0 0.07291666666666667 0.400390625 0.044270833333333336 0.040364583333333336
0 0.11002604166666667 0.6829427083333334 0.016927083333333332 0.016927083333333332
0 0.2936197916666667 0.892578125 0.05859375 0.045572916666666664
0 0.228515625 0.6647135416666666 0.01953125 0.01953125
0 0.8860677083333334 0.74609375 0.01953125 0.026041666666666668
0 0.8990885416666666 0.7975260416666666 0.01953125 0.024739583333333332
0 0.76171875 0.92578125 0.015625 0.015625
0 0.962890625 0.658203125 0.03515625 0.032552083333333336
0 0.8274739583333334 0.9049479166666666 0.05859375 0.046875
0 0.6536458333333334 0.501953125 0.036458333333333336 0.032552083333333336
0 0.5833333333333334 0.18229166666666666 0.0390625 0.033854166666666664
0 0.3463541666666667 0.13932291666666666 0.033854166666666664 0.028645833333333332
0 0.298828125 0.026041666666666668 0.02734375 0.028645833333333332
0 0.16276041666666666 0.3509114583333333 0.015625 0.016927083333333332
0 0.030598958333333332 0.9622395833333334 0.01953125 0.020833333333333332
0 0.375 0.08203125 0.026041666666666668 0.026041666666666668
0 0.4108072916666667 0.08463541666666667 0.01953125 0.020833333333333332
0 0.6002604166666666 0.09830729166666667 0.059895833333333336 0.05859375
0 0.78515625 0.4329427083333333 0.052083333333333336 0.037760416666666664
0 0.8046875 0.47265625 0.026041666666666668 0.026041666666666668
0 0.9654947916666666 0.3795572916666667 0.016927083333333332 0.022135416666666668
0 0.9817708333333334 0.3977864583333333 0.018229166666666668 0.01953125
0 0.16731770833333334 0.7454427083333334 0.2877604166666667 0.33984375
0 0.06575520833333333 0.20833333333333334 0.01953125 0.018229166666666668
0 0.4309895833333333 0.17903645833333334 0.046875 0.040364583333333336
0 0.125 0.6842447916666666 0.018229166666666668 0.016927083333333332
0 0.9850260416666666 0.4420572916666667 0.01171875 0.01953125
0 0.693359375 0.373046875 0.016927083333333332 0.016927083333333332
0 0.9615885416666666 0.25 0.045572916666666664 0.046875
0 0.9563802083333334 0.181640625 0.014322916666666666 0.016927083333333332
0 0.8619791666666666 0.28515625 0.2760416666666667 0.4401041666666667
0 0.4563802083333333 0.5345052083333334 0.014322916666666666 0.014322916666666666
0 0.6087239583333334 0.236328125 0.01171875 0.01171875
0 0.5436197916666666 0.11393229166666667 0.016927083333333332 0.014322916666666666
0 0.48046875 0.02734375 0.08072916666666667 0.0546875
0 0.3346354166666667 0.025390625 0.018229166666666668 0.016927083333333332
0 0.022135416666666668 0.25 0.041666666666666664 0.09114583333333333
0 0.359375 0.255859375 0.015625 0.016927083333333332
0 0.4544270833333333 0.6692708333333334 0.013020833333333334 0.015625