0 0.7662760416666666 0.0625 0.03515625 0.033854166666666664
0 0.6321614583333334 0.5865885416666666 0.10807291666666667 0.12890625
0 0.494140625 0.8951822916666666 0.08984375 0.08463541666666667
0 0.6028645833333334 0.29296875 0.036458333333333336 0.0390625
0 0.18489583333333334 0.4641927083333333 0.03125 0.040364583333333336
0 0.126953125 0.603515625 0.05859375 0.05859375
0 0.083984375 0.6744791666666666 0.02734375 0.020833333333333332
0 0.8984375 0.9537760416666666 0.026041666666666668 0.01953125
0 0.603515625 0.3307291666666667 0.022135416666666668 0.020833333333333332
0 0.5240885416666666 0.8111979166666666 0.01953125 0.020833333333333332
0 0.71875 0.5885416666666666 0.0390625 0.036458333333333336
0 0.58984375 0.7083333333333334 0.015625 0.018229166666666668
0 0.5859375 0.9869791666666666 0.026041666666666668 0.018229166666666668
0 0.9934895833333334 0.022786458333333332 0.010416666666666666 0.014322916666666666
0 0.947265625 0.5852864583333334 0.01953125 0.016927083333333332
0 0.7545572916666666 0.2545572916666667 0.016927083333333332 0.01953125
0 0.15885416666666666 0.2610677083333333 0.018229166666666668 0.016927083333333332
0 0.013020833333333334 0.900390625 0.026041666666666668 0.055989583333333336
0 0.5266927083333334 0.18229166666666666 0.020833333333333332 0.022135416666666668
0 0.7779947916666666 0.7838541666666666 0.018229166666666668 0.018229166666666668
0 0.11002604166666667 0.3815104166666667 0.01171875 0.01171875
0 0.7311197916666666 0.4127604166666667 0.014322916666666666 0.014322916666666666
0 0.5390625 0.7805989583333334 0.015625 0.015625
0 0.5709635416666666 0.0546875 0.015625 0.016927083333333332
0 0.8203125 0.3033854166666667 0.015625 0.015625
0 0.7265625 0.505859375 0.01953125 0.020833333333333332
0 0.8509114583333334 0.9752604166666666 0.01171875 0.014322916666666666
0 0.9921875 0.3619791666666667 0.013020833333333334 0.018229166666666668
0 0.22005208333333334 0.10677083333333333 0.016927083333333332 0.016927083333333332
0 0.11588541666666667 0.412109375 0.013020833333333334 0.010416666666666666
0 0.5104166666666666 0.5397135416666666 0.009114583333333334 0.0078125
0 0.3821614583333333 0.22395833333333334 0.01171875 0.01171875
0 0.2630208333333333 0.080078125 0.0078125 0.0078125
0 0.5611979166666666 0.035807291666666664 0.013020833333333334 0.013020833333333334
0 0.8776041666666666 0.5755208333333334 0.014322916666666666 0.014322916666666666
0 0.2838541666666667 0.11458333333333333 0.0078125 0.0078125
0 0.470703125 0.4407552083333333 0.009114583333333334 0.009114583333333334
0 0.478515625 0.5110677083333334 0.009114583333333334 0.0078125
0 0.3125 0.5123697916666666 0.009114583333333334 0.0078125