0 0.14322916666666666 0.9348958333333334 0.0234375 0.026041666666666668
0 0.018880208333333332 0.8684895833333334 0.03515625 0.028645833333333332
0 0.3522135416666667 0.5533854166666666 0.01953125 0.018229166666666668
0 0.505859375 0.638671875 0.02734375 0.032552083333333336
0 0.5579427083333334 0.5572916666666666 0.040364583333333336 0.0390625
0 0.6783854166666666 0.20638020833333334 0.018229166666666668 0.01953125
0 0.22200520833333334 0.17903645833333334 0.048177083333333336 0.053385416666666664
0 0.9368489583333334 0.3391927083333333 0.08203125 0.09765625
0 0.08528645833333333 0.3997395833333333 0.01953125 0.0234375
0 0.30859375 0.31640625 0.015625 0.013020833333333334
0 0.6419270833333334 0.10807291666666667 0.018229166666666668 0.018229166666666668
0 0.8014322916666666 0.208984375 0.01953125 0.01953125
0 0.2526041666666667 0.7649739583333334 0.015625 0.016927083333333332
0 0.9791666666666666 0.3645833333333333 0.041666666666666664 0.0703125
0 0.12239583333333333 0.7747395833333334 0.013020833333333334 0.013020833333333334
0 0.4244791666666667 0.8014322916666666 0.010416666666666666 0.01171875
0 0.54296875 0.2779947916666667 0.013020833333333334 0.01171875
0 0.5182291666666666 0.3600260416666667 0.010416666666666666 0.01171875
0 0.384765625 0.059895833333333336 0.014322916666666666 0.010416666666666666
0 0.171875 0.24283854166666666 0.013020833333333334 0.01171875
0 0.990234375 0.4361979166666667 0.015625 0.015625
0 0.5703125 0.591796875 0.02734375 0.028645833333333332
0 0.3209635416666667 0.88671875 0.014322916666666666 0.015625
0 0.302734375 0.22330729166666666 0.015625 0.015625
0 0.7604166666666666 0.17252604166666666 0.016927083333333332 0.01953125
0 0.17643229166666666 0.7825520833333334 0.014322916666666666 0.015625
0 0.4283854166666667 0.16927083333333334 0.01171875 0.01171875
0 0.4069010416666667 0.5520833333333334 0.024739583333333332 0.022135416666666668
0 0.435546875 0.9934895833333334 0.015625 0.01171875
0 0.4954427083333333 0.8997395833333334 0.009114583333333334 0.010416666666666666
0 0.10221354166666667 0.15885416666666666 0.009114583333333334 0.010416666666666666
0 0.3391927083333333 0.412109375 0.010416666666666666 0.010416666666666666
0 0.16341145833333334 0.13020833333333334 0.010416666666666666 0.010416666666666666
0 0.453125 0.4856770833333333 0.009114583333333334 0.010416666666666666
0 0.4739583333333333 0.8951822916666666 0.0078125 0.0078125
0 0.22786458333333334 0.045572916666666664 0.010416666666666666 0.01171875
0 0.517578125 0.3404947916666667 0.009114583333333334 0.010416666666666666
0 0.3658854166666667 0.619140625 0.010416666666666666 0.009114583333333334
0 0.3229166666666667 0.255859375 0.010416666666666666 0.01171875
0 0.4296875 0.6184895833333334 0.009114583333333334 0.009114583333333334
0 0.032552083333333336 0.40625 0.009114583333333334 0.009114583333333334
0 0.390625 0.8912760416666666 0.0078125 0.009114583333333334
0 0.279296875 0.259765625 0.010416666666666666 0.01171875