0 0.17513020833333334 0.20768229166666666 0.029947916666666668 0.032552083333333336
0 0.23177083333333334 0.5631510416666666 0.0390625 0.040364583333333336
0 0.3522135416666667 0.884765625 0.01953125 0.022135416666666668
0 0.06640625 0.9283854166666666 0.046875 0.052083333333333336
0 0.33984375 0.5110677083333334 0.0859375 0.09244791666666667
0 0.18684895833333334 0.2858072916666667 0.02734375 0.029947916666666668
0 0.4166666666666667 0.23046875 0.036458333333333336 0.036458333333333336
0 0.4381510416666667 0.7395833333333334 0.032552083333333336 0.0390625
0 0.6471354166666666 0.4303385416666667 0.10677083333333333 0.11067708333333333
0 0.6158854166666666 0.6412760416666666 0.0390625 0.040364583333333336
0 0.6764322916666666 0.7102864583333334 0.022135416666666668 0.01953125
0 0.111328125 0.068359375 0.01953125 0.014322916666666666
0 0.2630208333333333 0.3912760416666667 0.036458333333333336 0.032552083333333336
0 0.46484375 0.84375 0.0234375 0.026041666666666668
0 0.9420572916666666 0.19466145833333334 0.01953125 0.022135416666666668
0 0.2610677083333333 0.16341145833333334 0.01953125 0.01953125
0 0.208984375 0.5006510416666666 0.02734375 0.03515625
0 0.1640625 0.4615885416666667 0.015625 0.016927083333333332
0 0.14583333333333334 0.6471354166666666 0.013020833333333334 0.018229166666666668
0 0.5677083333333334 0.6087239583333334 0.018229166666666668 0.016927083333333332
0 0.22330729166666666 0.09830729166666667 0.016927083333333332 0.014322916666666666