0 0.529296875 0.7220052083333334 0.18359375 0.19921875
0 0.498046875 0.599609375 0.029947916666666668 0.01953125
0 0.3971354166666667 0.12434895833333333 0.0546875 0.05859375
0 0.76171875 0.89453125 0.028645833333333332 0.026041666666666668
0 0.8072916666666666 0.8587239583333334 0.09375 0.13411458333333334
0 0.7682291666666666 0.7259114583333334 0.0234375 0.014322916666666666
0 0.8600260416666666 0.4778645833333333 0.029947916666666668 0.028645833333333332
0 0.7467447916666666 0.9505208333333334 0.01953125 0.020833333333333332
0 0.587890625 0.032552083333333336 0.024739583333333332 0.018229166666666668
0 0.3665364583333333 0.015625 0.037760416666666664 0.0234375
0 0.18359375 0.4544270833333333 0.0390625 0.03125
0 0.043619791666666664 0.8359375 0.01953125 0.015625
0 0.8079427083333334 0.05859375 0.022135416666666668 0.018229166666666668
0 0.837890625 0.2734375 0.01953125 0.020833333333333332
0 0.9407552083333334 0.052734375 0.016927083333333332 0.01953125
0 0.7252604166666666 0.748046875 0.018229166666666668 0.016927083333333332
0 0.546875 0.5319010416666666 0.015625 0.01953125
0 0.7063802083333334 0.390625 0.016927083333333332 0.018229166666666668
0 0.6158854166666666 0.2890625 0.015625 0.015625
0 0.6497395833333334 0.5748697916666666 0.013020833333333334 0.014322916666666666
0 0.5963541666666666 0.748046875 0.013020833333333334 0.014322916666666666
0 0.7408854166666666 0.705078125 0.013020833333333334 0.01171875
0 0.904296875 0.16341145833333334 0.01953125 0.016927083333333332
0 0.8411458333333334 0.20833333333333334 0.013020833333333334 0.013020833333333334