0 0.54296875 0.18033854166666666 0.026041666666666668 0.02734375
0 0.4713541666666667 0.4055989583333333 0.03125 0.032552083333333336
0 0.4309895833333333 0.4375 0.036458333333333336 0.03125
0 0.14388020833333334 0.5169270833333334 0.016927083333333332 0.015625
0 0.5423177083333334 0.388671875 0.024739583333333332 0.02734375
0 0.59375 0.4075520833333333 0.0234375 0.026041666666666668
0 0.6555989583333334 0.5579427083333334 0.022135416666666668 0.02734375
0 0.7734375 0.5299479166666666 0.028645833333333332 0.033854166666666664
0 0.8268229166666666 0.4173177083333333 0.10416666666666667 0.09765625
0 0.8665364583333334 0.23958333333333334 0.18098958333333334 0.14322916666666666
0 0.5384114583333334 0.045572916666666664 0.016927083333333332 0.015625
0 0.9388020833333334 0.038411458333333336 0.015625 0.016927083333333332
0 0.5286458333333334 0.4596354166666667 0.0390625 0.03125
0 0.2545572916666667 0.08138020833333333 0.016927083333333332 0.016927083333333332
0 0.82421875 0.53125 0.059895833333333336 0.06510416666666667
0 0.8951822916666666 0.7044270833333334 0.07161458333333333 0.07291666666666667
0 0.9375 0.90234375 0.052083333333333336 0.078125
0 0.6399739583333334 0.8463541666666666 0.022135416666666668 0.020833333333333332
0 0.23111979166666666 0.9147135416666666 0.09765625 0.08723958333333333
0 0.125 0.9479166666666666 0.07552083333333333 0.078125
0 0.2981770833333333 0.9772135416666666 0.07552083333333333 0.045572916666666664
0 0.3671875 0.8932291666666666 0.013020833333333334 0.018229166666666668
0 0.07942708333333333 0.20963541666666666 0.12760416666666666 0.15104166666666666
0 0.6998697916666666 0.24479166666666666 0.01953125 0.013020833333333334
0 0.8235677083333334 0.83203125 0.016927083333333332 0.015625