0 0.30078125 0.8177083333333334 0.044270833333333336 0.0390625
0 0.3190104166666667 0.7415364583333334 0.0234375 0.029947916666666668
0 0.58984375 0.8404947916666666 0.026041666666666668 0.032552083333333336
0 0.6158854166666666 0.3899739583333333 0.0390625 0.048177083333333336
0 0.638671875 0.3346354166666667 0.01953125 0.015625
0 0.7721354166666666 0.345703125 0.026041666666666668 0.032552083333333336
0 0.7532552083333334 0.3821614583333333 0.01953125 0.01953125
0 0.7916666666666666 0.421875 0.013020833333333334 0.018229166666666668
0 0.9348958333333334 0.3033854166666667 0.026041666666666668 0.026041666666666668
0 0.25 0.19466145833333334 0.0234375 0.022135416666666668
0 0.3138020833333333 0.4817708333333333 0.020833333333333332 0.020833333333333332
0 0.37890625 0.390625 0.020833333333333332 0.020833333333333332
0 0.08072916666666667 0.1171875 0.0234375 0.020833333333333332
0 0.4778645833333333 0.020182291666666668 0.041666666666666664 0.032552083333333336
0 0.5859375 0.7591145833333334 0.015625 0.015625
0 0.4544270833333333 0.24283854166666666 0.018229166666666668 0.014322916666666666
0 0.326171875 0.16471354166666666 0.01171875 0.01171875
0 0.109375 0.4264322916666667 0.015625 0.016927083333333332
0 0.0390625 0.12369791666666667 0.010416666666666666 0.015625
0 0.048828125 0.8365885416666666 0.014322916666666666 0.014322916666666666
0 0.2721354166666667 0.24674479166666666 0.020833333333333332 0.022135416666666668
0 0.822265625 0.7760416666666666 0.018229166666666668 0.01953125
0 0.533203125 0.3072916666666667 0.015625 0.015625
0 0.0078125 0.08854166666666667 0.015625 0.020833333333333332
0 0.5859375 0.5703125 0.016927083333333332 0.018229166666666668
0 0.09765625 0.12369791666666667 0.018229166666666668 0.01953125
0 0.9075520833333334 0.4583333333333333 0.014322916666666666 0.015625
0 0.3990885416666667 0.59765625 0.014322916666666666 0.014322916666666666
0 0.98828125 0.3177083333333333 0.0234375 0.041666666666666664
0 0.6126302083333334 0.3170572916666667 0.013020833333333334 0.014322916666666666
0 0.330078125 0.10091145833333333 0.010416666666666666 0.010416666666666666
0 0.3932291666666667 0.22526041666666666 0.010416666666666666 0.010416666666666666
0 0.21354166666666666 0.3541666666666667 0.01171875 0.01171875
0 0.349609375 0.5598958333333334 0.010416666666666666 0.01171875
0 0.20768229166666666 0.21875 0.013020833333333334 0.013020833333333334
0 0.37890625 0.20052083333333334 0.010416666666666666 0.010416666666666666
0 0.6315104166666666 0.5286458333333334 0.013020833333333334 0.013020833333333334
0 0.900390625 0.580078125 0.010416666666666666 0.010416666666666666
0 0.5501302083333334 0.8821614583333334 0.010416666666666666 0.010416666666666666
0 0.392578125 0.5 0.010416666666666666 0.01171875
0 0.890625 0.18489583333333334 0.013020833333333334 0.014322916666666666
0 0.255859375 0.4251302083333333 0.010416666666666666 0.010416666666666666
0 0.4609375 0.90234375 0.010416666666666666 0.010416666666666666
0 0.5286458333333334 0.9205729166666666 0.010416666666666666 0.010416666666666666
0 0.537109375 0.15494791666666666 0.010416666666666666 0.010416666666666666
0 0.224609375 0.884765625 0.010416666666666666 0.010416666666666666