0 0.375 0.814453125 0.03125 0.037760416666666664
0 0.20377604166666666 0.6041666666666666 0.024739583333333332 0.020833333333333332
0 0.578125 0.8509114583333334 0.026041666666666668 0.024739583333333332
0 0.5377604166666666 0.3580729166666667 0.03125 0.0390625
0 0.5813802083333334 0.3600260416666667 0.016927083333333332 0.01953125
0 0.3756510416666667 0.9830729166666666 0.01953125 0.018229166666666668
0 0.14453125 0.9420572916666666 0.013020833333333334 0.014322916666666666
0 0.13671875 0.6087239583333334 0.020833333333333332 0.022135416666666668
0 0.3541666666666667 0.462890625 0.03125 0.032552083333333336
0 0.9036458333333334 0.7467447916666666 0.028645833333333332 0.02734375
0 0.892578125 0.9296875 0.022135416666666668 0.028645833333333332
0 0.8743489583333334 0.953125 0.014322916666666666 0.015625
0 0.556640625 0.19205729166666666 0.024739583333333332 0.01953125
0 0.7942708333333334 0.423828125 0.018229166666666668 0.014322916666666666
0 0.6087239583333334 0.7727864583333334 0.014322916666666666 0.014322916666666666
0 0.681640625 0.9654947916666666 0.06640625 0.06380208333333333
0 0.9401041666666666 0.8951822916666666 0.010416666666666666 0.01171875
0 0.2545572916666667 0.3782552083333333 0.009114583333333334 0.01171875
0 0.06966145833333333 0.6009114583333334 0.01171875 0.01171875
0 0.4036458333333333 0.20638020833333334 0.078125 0.07682291666666667
0 0.734375 0.7356770833333334 0.010416666666666666 0.010416666666666666
0 0.71875 0.3040364583333333 0.010416666666666666 0.009114583333333334
0 0.8203125 0.8092447916666666 0.010416666666666666 0.009114583333333334
0 0.576171875 0.9720052083333334 0.16796875 0.053385416666666664
0 0.9713541666666666 0.2864583333333333 0.009114583333333334 0.009114583333333334
0 0.8138020833333334 0.8938802083333334 0.0078125 0.0078125
0 0.009114583333333334 0.34375 0.009114583333333334 0.009114583333333334
0 0.20572916666666666 0.22786458333333334 0.009114583333333334 0.010416666666666666
0 0.20768229166666666 0.703125 0.013020833333333334 0.013020833333333334
0 0.6041666666666666 0.6197916666666666 0.01171875 0.013020833333333334
0 0.7063802083333334 0.9192708333333334 0.010416666666666666 0.01171875
0 0.6569010416666666 0.02734375 0.013020833333333334 0.014322916666666666
0 0.18229166666666666 0.11197916666666667 0.010416666666666666 0.01171875
0 0.2734375 0.5514322916666666 0.010416666666666666 0.01171875
0 0.48046875 0.047526041666666664 0.010416666666666666 0.010416666666666666
0 0.478515625 0.732421875 0.009114583333333334 0.009114583333333334
0 0.7330729166666666 0.89453125 0.009114583333333334 0.009114583333333334
0 0.705078125 0.7623697916666666 0.0234375 0.024739583333333332
0 0.4016927083333333 0.6783854166666666 0.009114583333333334 0.009114583333333334
0 0.8541666666666666 0.22200520833333334 0.013020833333333334 0.013020833333333334
0 0.115234375 0.2734375 0.015625 0.016927083333333332
0 0.509765625 0.4641927083333333 0.01171875 0.01171875
0 0.6927083333333334 0.08528645833333333 0.010416666666666666 0.010416666666666666
0 0.474609375 0.9446614583333334 0.010416666666666666 0.010416666666666666
0 0.2584635416666667 0.376953125 0.010416666666666666 0.010416666666666666
0 0.6315104166666666 0.201171875 0.009114583333333334 0.009114583333333334
0 0.6263020833333334 0.30078125 0.0078125 0.009114583333333334
0 0.84375 0.6907552083333334 0.0078125 0.0078125
0 0.6575520833333334 0.7786458333333334 0.0078125 0.0078125
0 0.4654947916666667 0.3053385416666667 0.0078125 0.009114583333333334
0 0.8997395833333334 0.3893229166666667 0.0078125 0.0078125
0 0.8177083333333334 0.057942708333333336 0.0078125 0.0078125
0 0.6106770833333334 0.4290364583333333 0.0078125 0.0078125
0 0.615234375 0.13346354166666666 0.009114583333333334 0.0078125