0 0.3756510416666667 0.3470052083333333 0.014322916666666666 0.02734375
0 0.4212239583333333 0.7037760416666666 0.07942708333333333 0.08463541666666667
0 0.2109375 0.6998697916666666 0.015625 0.024739583333333332
0 0.4108072916666667 0.8170572916666666 0.01953125 0.014322916666666666
0 0.142578125 0.501953125 0.022135416666666668 0.032552083333333336
0 0.0859375 0.55078125 0.026041666666666668 0.026041666666666668
0 0.4518229166666667 0.9661458333333334 0.041666666666666664 0.036458333333333336
0 0.21940104166666666 0.9869791666666666 0.024739583333333332 0.013020833333333334
0 0.65234375 0.5774739583333334 0.026041666666666668 0.01953125
0 0.728515625 0.453125 0.029947916666666668 0.0390625
0 0.6490885416666666 0.4212239583333333 0.053385416666666664 0.045572916666666664
0 0.5188802083333334 0.16731770833333334 0.02734375 0.032552083333333336
0 0.4602864583333333 0.16341145833333334 0.024739583333333332 0.01953125
0 0.4694010416666667 0.126953125 0.045572916666666664 0.05078125
0 0.697265625 0.8684895833333334 0.01953125 0.026041666666666668
0 0.6067708333333334 0.9505208333333334 0.020833333333333332 0.018229166666666668
0 0.62890625 0.8372395833333334 0.013020833333333334 0.013020833333333334
0 0.8014322916666666 0.8391927083333334 0.01953125 0.029947916666666668
0 0.794921875 0.7350260416666666 0.01953125 0.029947916666666668
0 0.8580729166666666 0.47265625 0.013020833333333334 0.013020833333333334
0 0.8763020833333334 0.3509114583333333 0.013020833333333334 0.016927083333333332
0 0.8919270833333334 0.8053385416666666 0.09375 0.09765625
0 0.6809895833333334 0.8470052083333334 0.013020833333333334 0.01953125
0 0.8489583333333334 0.9739583333333334 0.0234375 0.013020833333333334
0 0.7721354166666666 0.3736979166666667 0.013020833333333334 0.015625
0 0.490234375 0.4466145833333333 0.01953125 0.013020833333333334
0 0.85546875 0.8411458333333334 0.010416666666666666 0.013020833333333334
0 0.2506510416666667 0.208984375 0.016927083333333332 0.01953125
0 0.330078125 0.18229166666666666 0.01953125 0.018229166666666668
0 0.22200520833333334 0.14322916666666666 0.032552083333333336 0.044270833333333336
0 0.08203125 0.7526041666666666 0.013020833333333334 0.013020833333333334
0 0.44921875 0.5436197916666666 0.015625 0.014322916666666666
0 0.08333333333333333 0.3815104166666667 0.026041666666666668 0.0390625
0 0.142578125 0.12044270833333333 0.029947916666666668 0.024739583333333332
0 0.15885416666666666 0.055989583333333336 0.015625 0.013020833333333334
0 0.14388020833333334 0.18880208333333334 0.01953125 0.03125
0 0.07942708333333333 0.080078125 0.07291666666666667 0.053385416666666664
0 0.020182291666666668 0.08072916666666667 0.032552083333333336 0.0546875
0 0.4602864583333333 0.031901041666666664 0.014322916666666666 0.016927083333333332
0 0.3463541666666667 0.259765625 0.018229166666666668 0.016927083333333332
0 0.130859375 0.70703125 0.006510416666666667 0.013020833333333334
0 0.4986979166666667 0.7721354166666666 0.013020833333333334 0.013020833333333334
0 0.8997395833333334 0.982421875 0.020833333333333332 0.016927083333333332
0 0.9908854166666666 0.8854166666666666 0.0078125 0.018229166666666668
0 0.5970052083333334 0.47265625 0.01171875 0.013020833333333334
0 0.029947916666666668 0.3515625 0.013020833333333334 0.0078125
0 0.04296875 0.4876302083333333 0.013020833333333334 0.016927083333333332