0 0.794921875 0.548828125 0.2799479166666667 0.3372395833333333
0 0.18489583333333334 0.3606770833333333 0.07552083333333333 0.078125
0 0.2643229166666667 0.35546875 0.026041666666666668 0.026041666666666668
0 0.12239583333333333 0.7317708333333334 0.026041666666666668 0.028645833333333332
0 0.046875 0.828125 0.020833333333333332 0.018229166666666668
0 0.2994791666666667 0.828125 0.0234375 0.028645833333333332
0 0.3912760416666667 0.6959635416666666 0.01953125 0.029947916666666668
0 0.3626302083333333 0.9537760416666666 0.037760416666666664 0.037760416666666664
0 0.3899739583333333 0.986328125 0.016927083333333332 0.014322916666666666
0 0.3958333333333333 0.9225260416666666 0.020833333333333332 0.01953125
0 0.06770833333333333 0.552734375 0.06770833333333333 0.07421875
0 0.11458333333333333 0.5338541666666666 0.013020833333333334 0.018229166666666668
0 0.091796875 0.23502604166666666 0.024739583333333332 0.01953125
0 0.04296875 0.12630208333333334 0.052083333333333336 0.041666666666666664
0 0.11328125 0.08854166666666667 0.028645833333333332 0.026041666666666668
0 0.4029947916666667 0.53125 0.016927083333333332 0.026041666666666668
0 0.4498697916666667 0.5670572916666666 0.11067708333333333 0.11067708333333333
0 0.5930989583333334 0.947265625 0.01953125 0.014322916666666666
0 0.759765625 0.98828125 0.053385416666666664 0.020833333333333332
0 0.7565104166666666 0.7942708333333334 0.020833333333333332 0.018229166666666668
0 0.8697916666666666 0.7786458333333334 0.0234375 0.018229166666666668
0 0.8912760416666666 0.3548177083333333 0.022135416666666668 0.024739583333333332
0 0.3489583333333333 0.2740885416666667 0.06510416666666667 0.05859375
0 0.4680989583333333 0.224609375 0.029947916666666668 0.02734375
0 0.384765625 0.150390625 0.01953125 0.01953125
0 0.4270833333333333 0.02734375 0.026041666666666668 0.026041666666666668
0 0.5885416666666666 0.482421875 0.015625 0.01953125
0 0.67578125 0.23828125 0.0234375 0.026041666666666668
0 0.349609375 0.75 0.024739583333333332 0.018229166666666668
0 0.3893229166666667 0.8658854166666666 0.018229166666666668 0.018229166666666668
0 0.14713541666666666 0.0625 0.026041666666666668 0.026041666666666668
0 0.984375 0.646484375 0.020833333333333332 0.024739583333333332
0 0.5696614583333334 0.8111979166666666 0.022135416666666668 0.026041666666666668
0 0.9759114583333334 0.22395833333333334 0.016927083333333332 0.015625
0 0.043619791666666664 0.7486979166666666 0.01171875 0.015625
0 0.923828125 0.7102864583333334 0.014322916666666666 0.016927083333333332
0 0.07942708333333333 0.130859375 0.028645833333333332 0.029947916666666668