0 0.248046875 0.3951822916666667 0.029947916666666668 0.03515625
0 0.150390625 0.6555989583333334 0.055989583333333336 0.06380208333333333
0 0.095703125 0.7037760416666666 0.022135416666666668 0.024739583333333332
0 0.052734375 0.978515625 0.03515625 0.03515625
0 0.4791666666666667 0.9342447916666666 0.03125 0.032552083333333336
0 0.3587239583333333 0.8717447916666666 0.08203125 0.08984375
0 0.4446614583333333 0.7356770833333334 0.016927083333333332 0.015625
0 0.5279947916666666 0.8919270833333334 0.016927083333333332 0.020833333333333332
0 0.6614583333333334 0.818359375 0.015625 0.014322916666666666
0 0.66796875 0.8639322916666666 0.052083333333333336 0.048177083333333336
0 0.6848958333333334 0.9296875 0.11979166666666667 0.13020833333333334
0 0.8717447916666666 0.748046875 0.029947916666666668 0.032552083333333336
0 0.6041666666666666 0.5266927083333334 0.028645833333333332 0.03515625
0 0.4850260416666667 0.5774739583333334 0.10546875 0.12109375
0 0.5677083333333334 0.48828125 0.018229166666666668 0.020833333333333332
0 0.7239583333333334 0.4186197916666667 0.049479166666666664 0.05078125
0 0.57421875 0.2877604166666667 0.028645833333333332 0.0234375
0 0.2975260416666667 0.5924479166666666 0.08203125 0.09895833333333333
0 0.26171875 0.7141927083333334 0.1015625 0.11328125
0 0.35546875 0.2526041666666667 0.09375 0.09375
0 0.3756510416666667 0.11197916666666667 0.12369791666666667 0.14583333333333334
0 0.022135416666666668 0.06510416666666667 0.020833333333333332 0.026041666666666668
0 0.2265625 0.014973958333333334 0.03125 0.029947916666666668
0 0.712890625 0.546875 0.022135416666666668 0.0234375
0 0.6529947916666666 0.5618489583333334 0.07682291666666667 0.08203125
0 0.9622395833333334 0.5221354166666666 0.0234375 0.028645833333333332
0 0.8743489583333334 0.3645833333333333 0.022135416666666668 0.020833333333333332
0 0.8346354166666666 0.828125 0.06510416666666667 0.078125
0 0.5514322916666666 0.12369791666666667 0.01953125 0.020833333333333332
0 0.7102864583333334 0.08203125 0.061197916666666664 0.06770833333333333
0 0.6647135416666666 0.13997395833333334 0.01953125 0.022135416666666668
0 0.8092447916666666 0.2747395833333333 0.01953125 0.018229166666666668
0 0.3463541666666667 0.68359375 0.06770833333333333 0.078125
0 0.5670572916666666 0.6927083333333334 0.01171875 0.013020833333333334
0 0.390625 0.45703125 0.013020833333333334 0.010416666666666666
0 0.421875 0.40234375 0.013020833333333334 0.013020833333333334
0 0.5032552083333334 0.3841145833333333 0.014322916666666666 0.013020833333333334
0 0.9876302083333334 0.9147135416666666 0.009114583333333334 0.009114583333333334
0 0.994140625 0.7467447916666666 0.009114583333333334 0.01171875
0 0.9850260416666666 0.736328125 0.029947916666666668 0.08203125
0 0.9407552083333334 0.6868489583333334 0.01171875 0.01171875
0 0.9889322916666666 0.6731770833333334 0.009114583333333334 0.010416666666666666
0 0.9186197916666666 0.22005208333333334 0.01171875 0.013020833333333334
0 0.9850260416666666 0.212890625 0.009114583333333334 0.009114583333333334
0 0.8235677083333334 0.4811197916666667 0.01171875 0.01171875
0 0.8046875 0.412109375 0.010416666666666666 0.01171875
0 0.69140625 0.6848958333333334 0.013020833333333334 0.015625
0 0.666015625 0.6263020833333334 0.01171875 0.015625
0 0.6764322916666666 0.751953125 0.009114583333333334 0.009114583333333334
0 0.736328125 0.69921875 0.009114583333333334 0.0078125
0 0.7877604166666666 0.6263020833333334 0.0078125 0.0078125
0 0.7766927083333334 0.6165364583333334 0.009114583333333334 0.009114583333333334
0 0.541015625 0.7259114583333334 0.01171875 0.01171875
0 0.55859375 0.716796875 0.010416666666666666 0.009114583333333334
0 0.5305989583333334 0.6595052083333334 0.009114583333333334 0.009114583333333334
0 0.6178385416666666 0.419921875 0.01171875 0.01171875
0 0.443359375 0.2877604166666667 0.01171875 0.013020833333333334
0 0.4342447916666667 0.3828125 0.01171875 0.010416666666666666
0 0.3912760416666667 0.6393229166666666 0.01171875 0.013020833333333334
0 0.263671875 0.4635416666666667 0.009114583333333334 0.010416666666666666
0 0.3190104166666667 0.3912760416666667 0.0078125 0.009114583333333334
0 0.3190104166666667 0.51953125 0.0078125 0.0078125