0 0.26953125 0.4459635416666667 0.015625 0.016927083333333332
0 0.039713541666666664 0.7779947916666666 0.05859375 0.06380208333333333
0 0.18815104166666666 0.7649739583333334 0.03515625 0.037760416666666664
0 0.2981770833333333 0.9479166666666666 0.0234375 0.026041666666666668
0 0.056640625 0.84765625 0.01171875 0.013020833333333334
0 0.4485677083333333 0.82421875 0.016927083333333332 0.013020833333333334
0 0.33203125 0.9342447916666666 0.010416666666666666 0.014322916666666666
0 0.5377604166666666 0.7350260416666666 0.4036458333333333 0.46484375
0 0.3313802083333333 0.7037760416666666 0.01953125 0.022135416666666668
0 0.400390625 0.6178385416666666 0.029947916666666668 0.03515625
0 0.5540364583333334 0.6373697916666666 0.22786458333333334 0.20442708333333334
0 0.7317708333333334 0.8463541666666666 0.015625 0.018229166666666668
0 0.740234375 0.6731770833333334 0.02734375 0.0234375
0 0.12174479166666667 0.6822916666666666 0.01953125 0.020833333333333332
0 0.2747395833333333 0.13411458333333334 0.020833333333333332 0.026041666666666668
0 0.455078125 0.2962239583333333 0.016927083333333332 0.014322916666666666
0 0.5950520833333334 0.3385416666666667 0.0234375 0.020833333333333332
0 0.3919270833333333 0.4173177083333333 0.020833333333333332 0.01953125
0 0.916015625 0.953125 0.024739583333333332 0.0234375
0 0.6373697916666666 0.3391927083333333 0.029947916666666668 0.032552083333333336
0 0.7044270833333334 0.2897135416666667 0.018229166666666668 0.014322916666666666
0 0.8619791666666666 0.080078125 0.059895833333333336 0.061197916666666664
0 0.9798177083333334 0.5234375 0.024739583333333332 0.0234375
0 0.150390625 0.022135416666666668 0.016927083333333332 0.020833333333333332
0 0.016276041666666668 0.5234375 0.022135416666666668 0.015625
0 0.560546875 0.4466145833333333 0.045572916666666664 0.0390625
0 0.54296875 0.3834635416666667 0.11458333333333333 0.07421875
0 0.5481770833333334 0.3248697916666667 0.018229166666666668 0.022135416666666668
0 0.5950520833333334 0.09244791666666667 0.015625 0.018229166666666668
0 0.3489583333333333 0.2864583333333333 0.020833333333333332 0.018229166666666668
0 0.6119791666666666 0.18098958333333334 0.018229166666666668 0.018229166666666668
0 0.6653645833333334 0.12109375 0.018229166666666668 0.013020833333333334
0 0.6875 0.4388020833333333 0.026041666666666668 0.0234375
0 0.7955729166666666 0.3346354166666667 0.018229166666666668 0.015625
0 0.82421875 0.23111979166666666 0.026041666666666668 0.02734375
0 0.7825520833333334 0.240234375 0.018229166666666668 0.01953125
0 0.6803385416666666 0.26171875 0.024739583333333332 0.020833333333333332
0 0.7688802083333334 0.181640625 0.045572916666666664 0.048177083333333336
0 0.9622395833333334 0.154296875 0.028645833333333332 0.029947916666666668
0 0.904296875 0.3196614583333333 0.022135416666666668 0.02734375
0 0.9615885416666666 0.3678385416666667 0.02734375 0.02734375
0 0.25 0.14388020833333334 0.018229166666666668 0.01953125
0 0.3196614583333333 0.10807291666666667 0.045572916666666664 0.052083333333333336
0 0.6217447916666666 0.119140625 0.053385416666666664 0.06640625
0 0.026692708333333332 0.2760416666666667 0.01953125 0.015625
0 0.029296875 0.08984375 0.055989583333333336 0.0859375
0 0.5930989583333334 0.8046875 0.014322916666666666 0.020833333333333332
0 0.8580729166666666 0.010416666666666666 0.0234375 0.020833333333333332