0 0.5013020833333334 0.21223958333333334 0.026041666666666668 0.026041666666666668
0 0.44921875 0.255859375 0.028645833333333332 0.02734375
0 0.045572916666666664 0.3294270833333333 0.026041666666666668 0.026041666666666668
0 0.01953125 0.13411458333333334 0.0234375 0.0234375
0 0.026692708333333332 0.08463541666666667 0.014322916666666666 0.010416666666666666
0 0.10481770833333333 0.3203125 0.014322916666666666 0.026041666666666668
0 0.07682291666666667 0.3326822916666667 0.018229166666666668 0.01953125
0 0.3984375 0.06380208333333333 0.026041666666666668 0.028645833333333332
0 0.4947916666666667 0.05078125 0.06510416666666667 0.0546875
0 0.2727864583333333 0.6783854166666666 0.01953125 0.020833333333333332
0 0.24869791666666666 0.58203125 0.15364583333333334 0.14583333333333334
0 0.5442708333333334 0.3997395833333333 0.020833333333333332 0.0234375
0 0.5930989583333334 0.287109375 0.024739583333333332 0.01953125
0 0.6686197916666666 0.23177083333333334 0.022135416666666668 0.013020833333333334
0 0.7135416666666666 0.3639322916666667 0.018229166666666668 0.016927083333333332
0 0.447265625 0.5579427083333334 0.029947916666666668 0.032552083333333336
0 0.4264322916666667 0.5201822916666666 0.032552083333333336 0.03515625
0 0.427734375 0.724609375 0.045572916666666664 0.04296875
0 0.24674479166666666 0.853515625 0.01953125 0.01953125
0 0.24674479166666666 0.9212239583333334 0.09765625 0.08723958333333333
0 0.146484375 0.435546875 0.09765625 0.10807291666666667
0 0.814453125 0.533203125 0.09244791666666667 0.09505208333333333
0 0.8072916666666666 0.86328125 0.15625 0.14322916666666666
0 0.8951822916666666 0.810546875 0.01953125 0.022135416666666668
0 0.5963541666666666 0.9283854166666666 0.018229166666666668 0.026041666666666668
0 0.5859375 0.94140625 0.078125 0.078125
0 0.3971354166666667 0.8274739583333334 0.026041666666666668 0.032552083333333336
0 0.375 0.5384114583333334 0.020833333333333332 0.022135416666666668
0 0.314453125 0.3997395833333333 0.014322916666666666 0.015625
0 0.8326822916666666 0.7298177083333334 0.01953125 0.01953125
0 0.74609375 0.7330729166666666 0.018229166666666668 0.020833333333333332
0 0.4798177083333333 0.7161458333333334 0.009114583333333334 0.015625
0 0.5364583333333334 0.6901041666666666 0.013020833333333334 0.015625
0 0.9524739583333334 0.2545572916666667 0.016927083333333332 0.01953125
0 0.7486979166666666 0.044270833333333336 0.018229166666666668 0.013020833333333334
0 0.8561197916666666 0.11783854166666667 0.21484375 0.21484375
0 0.8600260416666666 0.8157552083333334 0.01953125 0.016927083333333332
0 0.9010416666666666 0.72265625 0.015625 0.013020833333333334
0 0.9446614583333334 0.4518229166666667 0.024739583333333332 0.018229166666666668
0 0.8802083333333334 0.3274739583333333 0.015625 0.01953125
0 0.9817708333333334 0.9609375 0.036458333333333336 0.07291666666666667