0 0.4375 0.11197916666666667 0.015625 0.013020833333333334
0 0.13020833333333334 0.3359375 0.026041666666666668 0.026041666666666668
0 0.08854166666666667 0.3326822916666667 0.018229166666666668 0.01953125
0 0.4153645833333333 0.19856770833333334 0.046875 0.04296875
0 0.19401041666666666 0.033203125 0.020833333333333332 0.01953125
0 0.3157552083333333 0.10481770833333333 0.01953125 0.01953125
0 0.349609375 0.11783854166666667 0.13932291666666666 0.14973958333333334
0 0.3391927083333333 0.130859375 0.05078125 0.045572916666666664
0 0.53125 0.10481770833333333 0.0859375 0.08463541666666667
0 0.83984375 0.059244791666666664 0.06510416666666667 0.05859375
0 0.498046875 0.267578125 0.01953125 0.01953125
0 0.19661458333333334 0.3411458333333333 0.015625 0.010416666666666666
0 0.185546875 0.3736979166666667 0.01953125 0.015625
0 0.3795572916666667 0.2916666666666667 0.014322916666666666 0.013020833333333334
0 0.13671875 0.5579427083333334 0.013020833333333334 0.014322916666666666
0 0.13606770833333334 0.591796875 0.01953125 0.022135416666666668
0 0.09244791666666667 0.7610677083333334 0.041666666666666664 0.04296875
0 0.302734375 0.61328125 0.01953125 0.018229166666666668
0 0.75 0.3782552083333333 0.0234375 0.01953125
0 0.8411458333333334 0.2708333333333333 0.015625 0.013020833333333334
0 0.7330729166666666 0.09049479166666667 0.018229166666666668 0.016927083333333332
0 0.046875 0.486328125 0.015625 0.014322916666666666
0 0.2604166666666667 0.4205729166666667 0.013020833333333334 0.013020833333333334
0 0.15950520833333334 0.8619791666666666 0.01953125 0.0234375
0 0.33203125 0.8313802083333334 0.026041666666666668 0.01953125
0 0.408203125 0.84375 0.01953125 0.026041666666666668
0 0.2994791666666667 0.9453125 0.026041666666666668 0.033854166666666664
0 0.212890625 0.4303385416666667 0.01953125 0.01953125
0 0.5872395833333334 0.2779947916666667 0.013020833333333334 0.01171875
0 0.7239583333333334 0.728515625 0.026041666666666668 0.022135416666666668
0 0.96484375 0.662109375 0.0234375 0.02734375
0 0.26171875 0.962890625 0.028645833333333332 0.029947916666666668
0 0.681640625 0.7955729166666666 0.022135416666666668 0.018229166666666668
0 0.01953125 0.74609375 0.013020833333333334 0.013020833333333334
0 0.6907552083333334 0.8639322916666666 0.02734375 0.037760416666666664
0 0.8235677083333334 0.8046875 0.01953125 0.026041666666666668
0 0.4270833333333333 0.8997395833333334 0.018229166666666668 0.018229166666666668
0 0.3098958333333333 0.8717447916666666 0.018229166666666668 0.016927083333333332
0 0.830078125 0.17057291666666666 0.01953125 0.020833333333333332
0 0.7486979166666666 0.13411458333333334 0.013020833333333334 0.013020833333333334
0 0.7291666666666666 0.17057291666666666 0.013020833333333334 0.018229166666666668
0 0.9049479166666666 0.3151041666666667 0.013020833333333334 0.015625
0 0.9420572916666666 0.12630208333333334 0.10026041666666667 0.14583333333333334
0 0.9798177083333334 0.26171875 0.01953125 0.09635416666666667
0 0.8671875 0.654296875 0.015625 0.016927083333333332
0 0.986328125 0.9563802083333334 0.01953125 0.022135416666666668
0 0.4016927083333333 0.3203125 0.016927083333333332 0.018229166666666668