0 0.5110677083333334 0.2109375 0.2669270833333333 0.2864583333333333
0 0.78125 0.076171875 0.0390625 0.032552083333333336
0 0.8899739583333334 0.12174479166666667 0.03515625 0.045572916666666664
0 0.11588541666666667 0.5078125 0.03125 0.028645833333333332
0 0.8053385416666666 0.4192708333333333 0.016927083333333332 0.018229166666666668
0 0.35546875 0.90625 0.046875 0.052083333333333336
0 0.043619791666666664 0.6419270833333334 0.022135416666666668 0.018229166666666668
0 0.470703125 0.3990885416666667 0.02734375 0.02734375
0 0.447265625 0.4069010416666667 0.022135416666666668 0.022135416666666668
0 0.3170572916666667 0.8190104166666666 0.029947916666666668 0.033854166666666664
0 0.3658854166666667 0.8177083333333334 0.0234375 0.018229166666666668
0 0.6458333333333334 0.857421875 0.11458333333333333 0.09765625
0 0.06966145833333333 0.099609375 0.12109375 0.19401041666666666
0 0.537109375 0.9427083333333334 0.032552083333333336 0.03125
0 0.3203125 0.15494791666666666 0.036458333333333336 0.03125
0 0.423828125 0.9251302083333334 0.014322916666666666 0.022135416666666668
0 0.34765625 0.8515625 0.020833333333333332 0.020833333333333332
0 0.4029947916666667 0.837890625 0.014322916666666666 0.016927083333333332
0 0.455078125 0.935546875 0.01171875 0.01171875
0 0.3815104166666667 0.3736979166666667 0.020833333333333332 0.015625
0 0.6158854166666666 0.466796875 0.013020833333333334 0.014322916666666666