0 0.6881510416666666 0.6940104166666666 0.032552083333333336 0.028645833333333332
0 0.5572916666666666 0.9290364583333334 0.0234375 0.016927083333333332
0 0.17122395833333334 0.4830729166666667 0.02734375 0.026041666666666668
0 0.390625 0.5227864583333334 0.0234375 0.016927083333333332
0 0.33203125 0.2786458333333333 0.010416666666666666 0.018229166666666668
0 0.17447916666666666 0.220703125 0.018229166666666668 0.01953125
0 0.62109375 0.697265625 0.018229166666666668 0.016927083333333332
0 0.18880208333333334 0.921875 0.010416666666666666 0.015625
0 0.3600260416666667 0.7779947916666666 0.014322916666666666 0.01171875
0 0.5501302083333334 0.7805989583333334 0.01171875 0.01171875
0 0.7506510416666666 0.21809895833333334 0.01171875 0.009114583333333334
0 0.13932291666666666 0.8600260416666666 0.015625 0.016927083333333332
0 0.7083333333333334 0.3138020833333333 0.013020833333333334 0.013020833333333334
0 0.4837239583333333 0.15625 0.01171875 0.013020833333333334
0 0.673828125 0.7506510416666666 0.016927083333333332 0.014322916666666666
0 0.6614583333333334 0.77734375 0.010416666666666666 0.010416666666666666