0 0.7291666666666666 0.6940104166666666 0.09635416666666667 0.09114583333333333
0 0.7825520833333334 0.51953125 0.020833333333333332 0.020833333333333332
0 0.423828125 0.2109375 0.032552083333333336 0.033854166666666664
0 0.3170572916666667 0.259765625 0.016927083333333332 0.016927083333333332
0 0.2526041666666667 0.11783854166666667 0.013020833333333334 0.01171875
0 0.20052083333333334 0.4973958333333333 0.015625 0.015625
0 0.931640625 0.035807291666666664 0.01953125 0.01953125
0 0.3893229166666667 0.022135416666666668 0.07552083333333333 0.041666666666666664
0 0.043619791666666664 0.2708333333333333 0.014322916666666666 0.013020833333333334
0 0.3763020833333333 0.65234375 0.015625 0.018229166666666668
0 0.3001302083333333 0.8893229166666666 0.01171875 0.013020833333333334
0 0.4524739583333333 0.9765625 0.014322916666666666 0.018229166666666668
0 0.5559895833333334 0.212890625 0.010416666666666666 0.009114583333333334
0 0.6744791666666666 0.177734375 0.010416666666666666 0.009114583333333334
0 0.5638020833333334 0.8111979166666666 0.026041666666666668 0.03125
0 0.4016927083333333 0.4505208333333333 0.01953125 0.018229166666666668
0 0.3854166666666667 0.578125 0.026041666666666668 0.0234375
0 0.05078125 0.3470052083333333 0.013020833333333334 0.014322916666666666
0 0.6595052083333334 0.20963541666666666 0.009114583333333334 0.010416666666666666
0 0.197265625 0.15559895833333334 0.009114583333333334 0.009114583333333334
0 0.13671875 0.23046875 0.0078125 0.0078125
0 0.3053385416666667 0.994140625 0.014322916666666666 0.01171875
0 0.3743489583333333 0.75 0.014322916666666666 0.013020833333333334