0 0.5774739583333334 0.14778645833333334 0.048177083333333336 0.048177083333333336
0 0.57421875 0.052734375 0.020833333333333332 0.022135416666666668
0 0.7421875 0.8626302083333334 0.018229166666666668 0.016927083333333332
0 0.783203125 0.150390625 0.037760416666666664 0.040364583333333336
0 0.6848958333333334 0.2936197916666667 0.018229166666666668 0.016927083333333332
0 0.9166666666666666 0.4192708333333333 0.020833333333333332 0.020833333333333332
0 0.9283854166666666 0.17252604166666666 0.018229166666666668 0.01953125
0 0.982421875 0.18098958333333334 0.014322916666666666 0.018229166666666668
0 0.7513020833333334 0.2623697916666667 0.018229166666666668 0.016927083333333332
0 0.677734375 0.11263020833333333 0.01171875 0.01171875
0 0.9765625 0.22916666666666666 0.018229166666666668 0.018229166666666668
0 0.3430989583333333 0.052083333333333336 0.01171875 0.010416666666666666
0 0.7643229166666666 0.220703125 0.013020833333333334 0.009114583333333334
0 0.6803385416666666 0.14388020833333334 0.01171875 0.01171875