0 0.451171875 0.794921875 0.3372395833333333 0.2799479166666667
0 0.6393229166666666 0.18489583333333334 0.078125 0.07552083333333333
0 0.64453125 0.2643229166666667 0.026041666666666668 0.026041666666666668
0 0.2682291666666667 0.12239583333333333 0.028645833333333332 0.026041666666666668
0 0.171875 0.046875 0.018229166666666668 0.020833333333333332
0 0.171875 0.2994791666666667 0.028645833333333332 0.0234375
0 0.3040364583333333 0.3912760416666667 0.029947916666666668 0.01953125
0 0.046223958333333336 0.3626302083333333 0.037760416666666664 0.037760416666666664
0 0.013671875 0.3899739583333333 0.014322916666666666 0.016927083333333332
0 0.07747395833333333 0.3958333333333333 0.01953125 0.020833333333333332
0 0.447265625 0.06770833333333333 0.07421875 0.06770833333333333
0 0.4661458333333333 0.11458333333333333 0.018229166666666668 0.013020833333333334
0 0.7649739583333334 0.091796875 0.01953125 0.024739583333333332
0 0.8736979166666666 0.04296875 0.041666666666666664 0.052083333333333336
0 0.9114583333333334 0.11328125 0.026041666666666668 0.028645833333333332
0 0.46875 0.4029947916666667 0.026041666666666668 0.016927083333333332
0 0.4329427083333333 0.4498697916666667 0.11067708333333333 0.11067708333333333
0 0.052734375 0.5930989583333334 0.014322916666666666 0.01953125
0 0.01171875 0.759765625 0.020833333333333332 0.053385416666666664
0 0.20572916666666666 0.7565104166666666 0.018229166666666668 0.020833333333333332
0 0.22135416666666666 0.8697916666666666 0.018229166666666668 0.0234375
0 0.6451822916666666 0.8912760416666666 0.024739583333333332 0.022135416666666668
0 0.7259114583333334 0.3489583333333333 0.05859375 0.06510416666666667
0 0.775390625 0.4680989583333333 0.02734375 0.029947916666666668
0 0.849609375 0.384765625 0.01953125 0.01953125
0 0.97265625 0.4270833333333333 0.026041666666666668 0.026041666666666668
0 0.517578125 0.5885416666666666 0.01953125 0.015625
0 0.76171875 0.67578125 0.026041666666666668 0.0234375
0 0.25 0.349609375 0.018229166666666668 0.024739583333333332
0 0.13411458333333334 0.3893229166666667 0.018229166666666668 0.018229166666666668
0 0.9375 0.14713541666666666 0.026041666666666668 0.026041666666666668
0 0.353515625 0.984375 0.024739583333333332 0.020833333333333332
0 0.18880208333333334 0.5696614583333334 0.026041666666666668 0.022135416666666668
0 0.7760416666666666 0.9759114583333334 0.015625 0.016927083333333332
0 0.2513020833333333 0.043619791666666664 0.015625 0.01171875
0 0.2897135416666667 0.923828125 0.016927083333333332 0.014322916666666666
0 0.869140625 0.07942708333333333 0.029947916666666668 0.028645833333333332