0 0.18454427083333336 0.4781901041666667 0.036940104166666675 0.03554687499999994
0 0.4752604166666667 0.08197916666666664 0.030221354166666714 0.029427083333333326
0 0.49656249999999985 0.027851562499999982 0.03105468750000003 0.028971354166666668
0 0.7529166666666667 0.8108333333333334 0.032643229166666586 0.03188802083333334
0 0.6264583333333332 0.48369791666666667 0.029075520833333385 0.02830729166666668
0 0.50390625 0.9954427083333334 0.036458333333333336 0.009114583333333334
0 0.5838541666666668 0.9166796875 0.028971354166666668 0.02841145833333325
0 0.4127213541666667 0.6039713541666667 0.02919270833333328 0.029635416666666654
0 0.296875 0.98828125 0.028645833333333332 0.0234375
0 0.5426171875 0.8754427083333334 0.033294270833333396 0.03251302083333337
0 0.07526041666666661 0.154140625 0.03329427083333333 0.031158854166666677
0 0.8188932291666667 0.5902213541666667 0.029635416666666654 0.03188802083333334
0 0.20171874999999995 0.27407552083333336 0.02472656250000001 0.02764322916666669
0 0.21683593749999996 0.35619791666666667 0.027851562499999982 0.030117187499999993
0 0.39484375 0.09365885416666668 0.03342447916666661 0.030924479166666668
0 0.3467317708333333 0.17166666666666663 0.0316536458333333 0.03251302083333335
0 0.5494791666666666 0.15552083333333333 0.032382812500000004 0.031653645833333334
0 0.6888020833333334 0.9934895833333334 0.059895833333333336 0.013020833333333334
0 0.9494791666666668 0.5393619791666667 0.02830729166666668 0.028528645833333293
0 0.7446744791666667 0.11049479166666669 0.03485677083333331 0.0331640625
0 0.6470833333333333 0.7599739583333333 0.037070312500000036 0.03958333333333345
0 0.8917447916666665 0.7359244791666667 0.028971354166666668 0.029296875
0 0.19759114583333334 0.9709765625000001 0.029075520833333313 0.03526041666666657
0 0.6429557291666667 0.6665104166666667 0.03736979166666673 0.03765625000000002
0 0.8723958333333334 0.007161458333333333 0.03125 0.014322916666666666
0 0.7103125 0.9462369791666667 0.02774739583333326 0.030820312500000096
0 0.9343619791666665 0.962734375 0.02480468749999994 0.026184895833333204
0 0.6250911458333333 0.29847656250000004 0.027968750000000025 0.028971354166666668
0 0.6993098958333333 0.3527604166666667 0.029986979166666632 0.02986979166666674
0 0.6360807291666667 0.20361979166666666 0.05102864583333341 0.0546875
0 0.9915364583333334 0.712890625 0.016927083333333332 0.053385416666666664
0 0.99609375 0.13411458333333334 0.0078125 0.0390625