0 0.0625 0.23372395833333334 0.033854166666666664 0.03515625
0 0.5865885416666666 0.3678385416666667 0.12890625 0.10807291666666667
0 0.8951822916666666 0.505859375 0.08463541666666667 0.08984375
0 0.29296875 0.3971354166666667 0.0390625 0.036458333333333336
0 0.4641927083333333 0.8151041666666666 0.040364583333333336 0.03125
0 0.603515625 0.873046875 0.05859375 0.05859375
0 0.6744791666666666 0.916015625 0.020833333333333332 0.02734375
0 0.9537760416666666 0.1015625 0.01953125 0.026041666666666668
0 0.3307291666666667 0.396484375 0.020833333333333332 0.022135416666666668
0 0.8111979166666666 0.4759114583333333 0.020833333333333332 0.01953125
0 0.58875 0.2810546875 0.03605468750000007 0.039518229166666696
0 0.7083333333333334 0.41015625 0.018229166666666668 0.015625
0 0.9869791666666666 0.4140625 0.018229166666666668 0.026041666666666668
0 0.022786458333333332 0.006510416666666667 0.014322916666666666 0.010416666666666666
0 0.5852864583333334 0.052734375 0.016927083333333332 0.01953125
0 0.2545572916666667 0.24544270833333334 0.01953125 0.016927083333333332
0 0.2610677083333333 0.8411458333333334 0.016927083333333332 0.018229166666666668
0 0.900390625 0.9869791666666666 0.055989583333333336 0.026041666666666668
0 0.1826171875 0.47315104166666666 0.022317708333333314 0.02109375000000006
0 0.7836979166666667 0.22217447916666666 0.018580729166666643 0.01777343749999997
0 0.38135416666666666 0.8901432291666667 0.01111979166666662 0.011380208333333345
0 0.41260416666666666 0.26880208333333333 0.014895833333333405 0.014505208333333316
0 0.7807682291666667 0.46069010416666667 0.015598958333333357 0.01513020833333334
0 0.05489583333333333 0.42895833333333333 0.016458333333333335 0.015963541666666654
0 0.30346354166666667 0.17993489583333333 0.016158854166666698 0.015833333333333366
0 0.505859375 0.27368489583333333 0.0204166666666666 0.019908854166666694
0 0.9751041666666667 0.14880208333333333 0.013789062499999893 0.012057291666666655
0 0.36182291666666666 0.007578125000000001 0.017994791666666732 0.012526041666666663
0 0.10651041666666666 0.7797916666666667 0.01666666666666668 0.016666666666666607
0 0.41235677083333333 0.8842838541666667 0.010494791666666595 0.01248697916666656
0 0.5395572916666667 0.48950520833333333 0.007877604166666607 0.008945312500000005
0 0.22388020833333333 0.6176822916666667 0.011822916666666647 0.011731770833333321
0 0.07989583333333333 0.7373046875 0.007929687500000004 0.00828124999999987
0 0.03561197916666667 0.43872395833333333 0.012721354166666662 0.012382812499999988
0 0.5756901041666667 0.1221875 0.01395833333333337 0.014335937499999988
0 0.114375 0.7158203125 0.008190104166666656 0.008216145833333263
0 0.44067708333333333 0.529296875 0.008880208333333398 0.00927083333333334
0 0.5112369791666667 0.521484375 0.008151041666666655 0.00947916666666663
0 0.5122135416666667 0.6875 0.00841145833333338 0.00929687500000013