0 0.5983072916666666 0.21875 0.024739583333333332 0.026041666666666668
0 0.059895833333333336 0.484375 0.026041666666666668 0.0234375
0 0.31640625 0.7161458333333334 0.057291666666666664 0.0546875
0 0.4368489583333333 0.392578125 0.024739583333333332 0.022135416666666668
0 0.5716145833333334 0.27734375 0.018229166666666668 0.015625
0 0.022786458333333332 0.693359375 0.01953125 0.016927083333333332
0 0.10221354166666667 0.7662760416666666 0.016927083333333332 0.014322916666666666
0 0.41796875 0.8235677083333334 0.020833333333333332 0.016927083333333332
0 0.5501302083333334 0.7604166666666666 0.01953125 0.015625
0 0.8001302083333334 0.8196614583333334 0.032552083333333336 0.029947916666666668
0 0.7115885416666666 0.5455729166666666 0.016927083333333332 0.018229166666666668
0 0.2513020833333333 0.9075520833333334 0.018229166666666668 0.015625
0 0.4973958333333333 0.9479166666666666 0.13802083333333334 0.10416666666666667
0 0.8255208333333334 0.6608072916666666 0.018229166666666668 0.01953125
0 0.7311197916666666 0.212890625 0.02734375 0.02734375
0 0.9615885416666666 0.14713541666666666 0.061197916666666664 0.052083333333333336
0 0.201171875 0.27734375 0.024739583333333332 0.026041666666666668
0 0.5143229166666666 0.6243489583333334 0.013020833333333334 0.016927083333333332
0 0.5852864583333334 0.022786458333333332 0.024739583333333332 0.024739583333333332
0 0.654296875 0.10286458333333333 0.024739583333333332 0.0234375
0 0.3580729166666667 0.10221354166666667 0.026041666666666668 0.022135416666666668
0 0.8203125 0.197265625 0.1171875 0.11328125
0 0.12174479166666667 0.22200520833333334 0.016927083333333332 0.01953125
0 0.9388020833333334 0.095703125 0.041666666666666664 0.040364583333333336
0 0.3821614583333333 0.21419270833333334 0.014322916666666666 0.014322916666666666
0 0.26171875 0.8079427083333334 0.013020833333333334 0.014322916666666666
0 0.08723958333333333 0.10026041666666667 0.013020833333333334 0.015625
0 0.84765625 0.9264322916666666 0.018229166666666668 0.016927083333333332
0 0.875 0.9270833333333334 0.018229166666666668 0.015625
0 0.482421875 0.11458333333333333 0.01171875 0.013020833333333334
0 0.8795572916666666 0.279296875 0.01953125 0.014322916666666666
0 0.07486979166666667 0.8977864583333334 0.014322916666666666 0.016927083333333332
0 0.8411458333333334 0.7428385416666666 0.015625 0.014322916666666666
0 0.07486979166666667 0.048177083333333336 0.12630208333333334 0.09375
0 0.53125 0.080078125 0.020833333333333332 0.022135416666666668
0 0.3606770833333333 0.3697916666666667 0.015625 0.015625
0 0.2805989583333333 0.052083333333333336 0.15755208333333334 0.1015625
0 0.12825520833333334 0.2513020833333333 0.03515625 0.028645833333333332
0 0.39453125 0.3821614583333333 0.013020833333333334 0.01171875
0 0.8860677083333334 0.9720052083333334 0.12630208333333334 0.055989583333333336
0 0.8190104166666666 0.6399739583333334 0.041666666666666664 0.024739583333333332
0 0.8938802083333334 0.010416666666666666 0.05078125 0.018229166666666668
0 0.7897135416666666 0.024088541666666668 0.11588541666666667 0.045572916666666664
0 0.7415364583333334 0.9029947916666666 0.01171875 0.01171875