0 0.3294270833333333 0.2506510416666667 0.033854166666666664 0.02734375
0 0.06380208333333333 0.4811197916666667 0.07552083333333333 0.10026041666666667
0 0.07291666666666667 0.2506510416666667 0.015625 0.016927083333333332
0 0.04296875 0.271484375 0.020833333333333332 0.01953125
0 0.9576822916666666 0.059895833333333336 0.014322916666666666 0.013020833333333334
0 0.72265625 0.294921875 0.013020833333333334 0.014322916666666666
0 0.5859375 0.10546875 0.078125 0.06510416666666667
0 0.8821614583333334 0.5442708333333334 0.045572916666666664 0.0546875
0 0.5657552083333334 0.5716145833333334 0.01953125 0.020833333333333332
0 0.5794270833333334 0.5579427083333334 0.22135416666666666 0.17578125
0 0.5149739583333334 0.5384114583333334 0.037760416666666664 0.032552083333333336
0 0.4420572916666667 0.9075520833333334 0.01953125 0.020833333333333332
0 0.203125 0.927734375 0.015625 0.016927083333333332
0 0.19075520833333334 0.599609375 0.016927083333333332 0.022135416666666668
0 0.1328125 0.66796875 0.018229166666666668 0.018229166666666668
0 0.09114583333333333 0.15104166666666666 0.013020833333333334 0.013020833333333334
0 0.7486979166666666 0.042317708333333336 0.013020833333333334 0.016927083333333332
0 0.4498697916666667 0.09505208333333333 0.01171875 0.013020833333333334
0 0.2604166666666667 0.11067708333333333 0.013020833333333334 0.010416666666666666
0 0.7454427083333334 0.6490885416666666 0.024739583333333332 0.022135416666666668
0 0.060546875 0.9765625 0.01171875 0.015625
0 0.07161458333333333 0.9772135416666666 0.018229166666666668 0.016927083333333332
0 0.2421875 0.86328125 0.013020833333333334 0.013020833333333334
0 0.720703125 0.8815104166666666 0.016927083333333332 0.015625
0 0.7845052083333334 0.611328125 0.016927083333333332 0.014322916666666666
0 0.8111979166666666 0.6412760416666666 0.018229166666666668 0.016927083333333332
0 0.2682291666666667 0.3860677083333333 0.015625 0.016927083333333332
0 0.2513020833333333 0.4049479166666667 0.013020833333333334 0.013020833333333334
0 0.18684895833333334 0.119140625 0.014322916666666666 0.014322916666666666