0 0.033854166666666664 0.4544270833333333 0.03125 0.033854166666666664
0 0.142578125 0.515625 0.04296875 0.0390625
0 0.19596354166666666 0.5208333333333334 0.09765625 0.109375
0 0.07421875 0.7727864583333334 0.020833333333333332 0.016927083333333332
0 0.21158854166666666 0.8352864583333334 0.024739583333333332 0.024739583333333332
0 0.677734375 0.810546875 0.024739583333333332 0.02734375
0 0.7161458333333334 0.9303385416666666 0.0234375 0.024739583333333332
0 0.6842447916666666 0.8626302083333334 0.014322916666666666 0.016927083333333332
0 0.2805989583333333 0.5104166666666666 0.032552083333333336 0.028645833333333332
0 0.2916666666666667 0.416015625 0.020833333333333332 0.01953125
0 0.16861979166666666 0.2545572916666667 0.022135416666666668 0.01953125
0 0.509765625 0.5006510416666666 0.07942708333333333 0.07682291666666667
0 0.5260416666666666 0.64453125 0.20572916666666666 0.1875
0 0.626953125 0.3912760416666667 0.08723958333333333 0.09765625
0 0.701171875 0.6614583333333334 0.016927083333333332 0.018229166666666668
0 0.6002604166666666 0.8567708333333334 0.07291666666666667 0.06510416666666667
0 0.3391927083333333 0.9186197916666666 0.07161458333333333 0.07161458333333333
0 0.2740885416666667 0.8307291666666666 0.01953125 0.013020833333333334
0 0.7447916666666666 0.9635416666666666 0.018229166666666668 0.020833333333333332
0 0.7897135416666666 0.87890625 0.032552083333333336 0.036458333333333336
0 0.20442708333333334 0.3033854166666667 0.015625 0.015625
0 0.3919270833333333 0.453125 0.020833333333333332 0.018229166666666668
0 0.4114583333333333 0.11783854166666667 0.026041666666666668 0.029947916666666668
0 0.4557291666666667 0.10677083333333333 0.0234375 0.0234375
0 0.5071614583333334 0.21419270833333334 0.022135416666666668 0.016927083333333332
0 0.673828125 0.19075520833333334 0.014322916666666666 0.016927083333333332
0 0.880859375 0.07747395833333333 0.016927083333333332 0.01953125
0 0.9661458333333334 0.09635416666666667 0.015625 0.018229166666666668
0 0.9765625 0.2877604166666667 0.020833333333333332 0.018229166666666668
0 0.034505208333333336 0.2513020833333333 0.014322916666666666 0.013020833333333334
0 0.046875 0.013020833333333334 0.020833333333333332 0.018229166666666668
0 0.13736979166666666 0.06575520833333333 0.01953125 0.01953125
0 0.955078125 0.71875 0.01953125 0.018229166666666668
0 0.419921875 0.9153645833333334 0.01171875 0.013020833333333334
0 0.470703125 0.994140625 0.014322916666666666 0.009114583333333334
0 0.5826822916666666 0.21875 0.01953125 0.015625
0 0.2571614583333333 0.7923177083333334 0.03515625 0.037760416666666664
0 0.89453125 0.23958333333333334 0.015625 0.013020833333333334
0 0.828125 0.3912760416666667 0.013020833333333334 0.014322916666666666
0 0.8984375 0.3580729166666667 0.013020833333333334 0.013020833333333334
0 0.6751302083333334 0.3665364583333333 0.014322916666666666 0.014322916666666666
0 0.666015625 0.5859375 0.01171875 0.010416666666666666
0 0.3756510416666667 0.9055989583333334 0.01171875 0.014322916666666666
0 0.3346354166666667 0.7838541666666666 0.010416666666666666 0.010416666666666666
0 0.022135416666666668 0.14973958333333334 0.0390625 0.06770833333333333