0 0.4680989583333333 0.69140625 0.08463541666666667 0.09375
0 0.7102864583333334 0.07291666666666667 0.10807291666666667 0.12760416666666666
0 0.7083333333333334 0.06901041666666667 0.03125 0.018229166666666668
0 0.4739583333333333 0.029296875 0.03125 0.032552083333333336
0 0.4388020833333333 0.13541666666666666 0.013020833333333334 0.018229166666666668
0 0.6595052083333334 0.5904947916666666 0.02734375 0.032552083333333336
0 0.6731770833333334 0.326171875 0.16927083333333334 0.17057291666666666
0 0.6516927083333334 0.447265625 0.048177083333333336 0.045572916666666664
0 0.8111979166666666 0.5384114583333334 0.08072916666666667 0.08463541666666667
0 0.5768229166666666 0.974609375 0.06770833333333333 0.03515625
0 0.216796875 0.34375 0.032552083333333336 0.033854166666666664
0 0.11197916666666667 0.09049479166666667 0.15625 0.16276041666666666
0 0.16471354166666666 0.25390625 0.02734375 0.026041666666666668
0 0.19270833333333334 0.291015625 0.0234375 0.022135416666666668
0 0.146484375 0.40234375 0.022135416666666668 0.020833333333333332
0 0.26953125 0.9576822916666666 0.06510416666666667 0.06380208333333333
0 0.2740885416666667 0.7272135416666666 0.055989583333333336 0.07421875
0 0.2565104166666667 0.09114583333333333 0.013020833333333334 0.013020833333333334
0 0.921875 0.810546875 0.015625 0.01953125
0 0.7057291666666666 0.9244791666666666 0.013020833333333334 0.013020833333333334
0 0.9251302083333334 0.169921875 0.016927083333333332 0.01171875
0 0.822265625 0.654296875 0.01171875 0.01953125
0 0.3899739583333333 0.2799479166666667 0.01953125 0.013020833333333334
0 0.4055989583333333 0.4622395833333333 0.014322916666666666 0.013020833333333334
0 0.5729166666666666 0.2708333333333333 0.0234375 0.020833333333333332
0 0.1953125 0.3125 0.018229166666666668 0.015625