0 0.4798177083333333 0.3561197916666667 0.07942708333333333 0.08723958333333333
0 0.5455729166666666 0.7610677083333334 0.13020833333333334 0.13411458333333334
0 0.4622395833333333 0.9127604166666666 0.020833333333333332 0.026041666666666668
0 0.3424479166666667 0.859375 0.026041666666666668 0.020833333333333332
0 0.3470052083333333 0.7838541666666666 0.01953125 0.020833333333333332
0 0.6686197916666666 0.4446614583333333 0.022135416666666668 0.02734375
0 0.7688802083333334 0.9108072916666666 0.01953125 0.022135416666666668
0 0.6490885416666666 0.6549479166666666 0.024739583333333332 0.026041666666666668
0 0.6002604166666666 0.91796875 0.018229166666666668 0.018229166666666668
0 0.18098958333333334 0.6861979166666666 0.0703125 0.09114583333333333
0 0.2532552083333333 0.7109375 0.06901041666666667 0.08854166666666667
0 0.6171875 0.2962239583333333 0.020833333333333332 0.02734375
0 0.7884114583333334 0.306640625 0.01953125 0.01953125
0 0.7174479166666666 0.4049479166666667 0.036458333333333336 0.041666666666666664
0 0.8235677083333334 0.3893229166666667 0.048177083333333336 0.057291666666666664
0 0.873046875 0.24479166666666666 0.07161458333333333 0.09114583333333333
0 0.9752604166666666 0.4303385416666667 0.026041666666666668 0.032552083333333336
0 0.9381510416666666 0.126953125 0.045572916666666664 0.05078125
0 0.0234375 0.142578125 0.026041666666666668 0.029947916666666668
0 0.044921875 0.10546875 0.016927083333333332 0.018229166666666668
0 0.20572916666666666 0.12239583333333333 0.015625 0.018229166666666668
0 0.068359375 0.6529947916666666 0.016927083333333332 0.014322916666666666
0 0.040364583333333336 0.77734375 0.018229166666666668 0.015625
0 0.5546875 0.0546875 0.033854166666666664 0.0390625
0 0.2727864583333333 0.18815104166666666 0.016927083333333332 0.016927083333333332
0 0.5533854166666666 0.2421875 0.015625 0.018229166666666668
0 0.4134114583333333 0.11067708333333333 0.016927083333333332 0.018229166666666668
0 0.4967447916666667 0.15234375 0.016927083333333332 0.018229166666666668
0 0.4720052083333333 0.162109375 0.014322916666666666 0.01953125
0 0.8072916666666666 0.5950520833333334 0.020833333333333332 0.0234375
0 0.2845052083333333 0.4342447916666667 0.032552083333333336 0.029947916666666668
0 0.3203125 0.6067708333333334 0.2838541666666667 0.2994791666666667
0 0.09309895833333333 0.265625 0.014322916666666666 0.015625
0 0.7083333333333334 0.16471354166666666 0.052083333333333336 0.053385416666666664
0 0.9720052083333334 0.21744791666666666 0.022135416666666668 0.0234375
0 0.15950520833333334 0.904296875 0.014322916666666666 0.016927083333333332
0 0.12044270833333333 0.9713541666666666 0.014322916666666666 0.015625
0 0.15559895833333334 0.9615885416666666 0.01171875 0.014322916666666666
0 0.146484375 0.7766927083333334 0.014322916666666666 0.014322916666666666
0 0.21809895833333334 0.7662760416666666 0.01171875 0.01171875
0 0.006510416666666667 0.2903645833333333 0.0078125 0.013020833333333334
0 0.443359375 0.41796875 0.024739583333333332 0.026041666666666668
0 0.4876302083333333 0.2962239583333333 0.014322916666666666 0.014322916666666666
0 0.4622395833333333 0.14713541666666666 0.015625 0.020833333333333332
0 0.5944010416666666 0.640625 0.01171875 0.010416666666666666
0 0.97265625 0.21419270833333334 0.0546875 0.10807291666666667
0 0.9921875 0.10677083333333333 0.015625 0.044270833333333336
0 0.6705729166666666 0.10091145833333333 0.013020833333333334 0.014322916666666666