0 0.026041666666666668 0.337890625 0.052083333333333336 0.12109375
0 0.8489583333333334 0.24088541666666666 0.3020833333333333 0.4817708333333333
0 0.7936197916666666 0.5299479166666666 0.07552083333333333 0.0859375
0 0.8444010416666666 0.61328125 0.06510416666666667 0.053385416666666664
0 0.9921875 0.08984375 0.015625 0.041666666666666664
0 0.9889322916666666 0.12434895833333333 0.022135416666666668 0.024739583333333332
0 0.9518229166666666 0.3151041666666667 0.045572916666666664 0.0390625
0 0.7057291666666666 0.28125 0.033854166666666664 0.036458333333333336
0 0.9375 0.6373697916666666 0.033854166666666664 0.032552083333333336
0 0.6328125 0.9016927083333334 0.049479166666666664 0.049479166666666664
0 0.013671875 0.77734375 0.02734375 0.036458333333333336
0 0.4791666666666667 0.008463541666666666 0.033854166666666664 0.016927083333333332
0 0.3990885416666667 0.010416666666666666 0.04296875 0.020833333333333332
0 0.4615885416666667 0.328125 0.032552083333333336 0.026041666666666668
0 0.5794270833333334 0.3873697916666667 0.033854166666666664 0.036458333333333336
0 0.8880208333333334 0.8522135416666666 0.0390625 0.045572916666666664
0 0.8997395833333334 0.8919270833333334 0.036458333333333336 0.033854166666666664
0 0.888671875 0.943359375 0.040364583333333336 0.032552083333333336
0 0.9602864583333334 0.876953125 0.032552083333333336 0.029947916666666668