0 0.18684895833333334 0.13346354166666666 0.04296875 0.048177083333333336
0 0.18489583333333334 0.16731770833333334 0.18229166666666666 0.20963541666666666
0 0.07552083333333333 0.17643229166666666 0.018229166666666668 0.01953125
0 0.024088541666666668 0.02734375 0.016927083333333332 0.018229166666666668
0 0.025390625 0.12760416666666666 0.01953125 0.018229166666666668
0 0.3483072916666667 0.10221354166666667 0.045572916666666664 0.040364583333333336
0 0.037109375 0.291015625 0.022135416666666668 0.024739583333333332
0 0.0078125 0.328125 0.013020833333333334 0.0234375
0 0.2623697916666667 0.3678385416666667 0.02734375 0.029947916666666668
0 0.10677083333333333 0.4518229166666667 0.026041666666666668 0.0234375
0 0.5013020833333334 0.13671875 0.0390625 0.03125
0 0.7194010416666666 0.059244791666666664 0.01953125 0.01953125
0 0.4850260416666667 0.4388020833333333 0.032552083333333336 0.033854166666666664
0 0.5045572916666666 0.3424479166666667 0.01953125 0.015625
0 0.5846354166666666 0.58203125 0.044270833333333336 0.041666666666666664
0 0.859375 0.375 0.09114583333333333 0.09114583333333333
0 0.22265625 0.5983072916666666 0.0546875 0.061197916666666664
0 0.248046875 0.7845052083333334 0.11588541666666667 0.10026041666666667
0 0.4694010416666667 0.5442708333333334 0.09244791666666667 0.09114583333333333
0 0.3014322916666667 0.6197916666666666 0.06640625 0.059895833333333336
0 0.4739583333333333 0.6842447916666666 0.2682291666666667 0.22786458333333334
0 0.51171875 0.6946614583333334 0.03125 0.024739583333333332
0 0.7838541666666666 0.7395833333333334 0.0390625 0.0390625
0 0.62890625 0.4296875 0.018229166666666668 0.018229166666666668
0 0.7259114583333334 0.4498697916666667 0.01953125 0.01953125
0 0.21809895833333334 0.505859375 0.05859375 0.053385416666666664
0 0.3255208333333333 0.53125 0.10416666666666667 0.10416666666666667
0 0.4915364583333333 0.23046875 0.08463541666666667 0.08072916666666667
0 0.80859375 0.240234375 0.015625 0.016927083333333332
0 0.603515625 0.17057291666666666 0.016927083333333332 0.018229166666666668
0 0.6569010416666666 0.845703125 0.01953125 0.022135416666666668
0 0.8606770833333334 0.90625 0.0234375 0.020833333333333332
0 0.779296875 0.8483072916666666 0.022135416666666668 0.022135416666666668
0 0.974609375 0.296875 0.022135416666666668 0.026041666666666668
0 0.830078125 0.529296875 0.01953125 0.01953125
0 0.4537760416666667 0.6796875 0.01953125 0.020833333333333332
0 0.322265625 0.8600260416666666 0.01953125 0.01953125
0 0.125 0.9576822916666666 0.015625 0.01953125
0 0.16341145833333334 0.97265625 0.014322916666666666 0.015625
0 0.4544270833333333 0.4166666666666667 0.018229166666666668 0.018229166666666668
0 0.166015625 0.4505208333333333 0.11067708333333333 0.1171875
0 0.59375 0.8020833333333334 0.0546875 0.0703125
0 0.9830729166666666 0.396484375 0.013020833333333334 0.016927083333333332
0 0.537109375 0.609375 0.01953125 0.013020833333333334
0 0.51953125 0.8209635416666666 0.015625 0.01953125
0 0.64453125 0.9837239583333334 0.052083333333333336 0.032552083333333336
0 0.796875 0.018229166666666668 0.07552083333333333 0.033854166666666664