0 0.8385416666666666 0.07552083333333333 0.03125 0.029947916666666668
0 0.4986979166666667 0.939453125 0.02734375 0.02734375
0 0.416015625 0.3515625 0.0390625 0.040364583333333336
0 0.92578125 0.022135416666666668 0.03515625 0.03125
0 0.18815104166666666 0.3782552083333333 0.029947916666666668 0.028645833333333332
0 0.3815104166666667 0.451171875 0.028645833333333332 0.02734375
0 0.830078125 0.349609375 0.033854166666666664 0.032552083333333336
0 0.8411458333333334 0.3046875 0.028645833333333332 0.026041666666666668
0 0.2994791666666667 0.939453125 0.048177083333333336 0.045572916666666664
0 0.7805989583333334 0.984375 0.10286458333333333 0.03125
0 0.9921875 0.1640625 0.015625 0.03125
0 0.888671875 0.7018229166666666 0.22265625 0.2708333333333333
0 0.4674479166666667 0.263671875 0.026041666666666668 0.024739583333333332
0 0.055338541666666664 0.012369791666666666 0.0234375 0.024739583333333332
0 0.6477864583333334 0.4928385416666667 0.02734375 0.026041666666666668
0 0.365234375 0.5579427083333334 0.026041666666666668 0.026041666666666668
0 0.024088541666666668 0.9173177083333334 0.024739583333333332 0.0234375
0 0.2890625 0.4381510416666667 0.026041666666666668 0.024739583333333332
0 0.9635416666666666 0.4290364583333333 0.032552083333333336 0.03125
0 0.59765625 0.5670572916666666 0.024739583333333332 0.0234375
0 0.22981770833333334 0.23828125 0.022135416666666668 0.022135416666666668
0 0.41796875 0.701171875 0.024739583333333332 0.024739583333333332
0 0.4739583333333333 0.08463541666666667 0.028645833333333332 0.02734375
0 0.634765625 0.9127604166666666 0.028645833333333332 0.028645833333333332
0 0.6966145833333334 0.5520833333333334 0.03125 0.03125
0 0.4641927083333333 0.232421875 0.02734375 0.024739583333333332
0 0.728515625 0.951171875 0.024739583333333332 0.024739583333333332
0 0.513671875 0.8977864583333334 0.03125 0.03125
0 0.4212239583333333 0.5279947916666666 0.026041666666666668 0.024739583333333332
0 0.009114583333333334 0.6158854166666666 0.018229166666666668 0.0234375
0 0.806640625 0.6217447916666666 0.024739583333333332 0.0234375
0 0.9388020833333334 0.986328125 0.022135416666666668 0.022135416666666668
0 0.3795572916666667 0.7897135416666666 0.026041666666666668 0.024739583333333332
0 0.22591145833333334 0.9342447916666666 0.028645833333333332 0.026041666666666668