0 0.6529947916666666 0.3756510416666667 0.02734375 0.014322916666666666
0 0.2962239583333333 0.4212239583333333 0.08463541666666667 0.07942708333333333
0 0.3001302083333333 0.2109375 0.024739583333333332 0.015625
0 0.18294270833333334 0.4108072916666667 0.014322916666666666 0.01953125
0 0.498046875 0.142578125 0.032552083333333336 0.022135416666666668
0 0.44921875 0.0859375 0.026041666666666668 0.026041666666666668
0 0.033854166666666664 0.4518229166666667 0.036458333333333336 0.041666666666666664
0 0.013020833333333334 0.21940104166666666 0.013020833333333334 0.024739583333333332
0 0.4225260416666667 0.65234375 0.01953125 0.026041666666666668
0 0.546875 0.728515625 0.0390625 0.029947916666666668
0 0.5787760416666666 0.6490885416666666 0.045572916666666664 0.053385416666666664
0 0.8326822916666666 0.5188802083333334 0.032552083333333336 0.02734375
0 0.8365885416666666 0.4602864583333333 0.01953125 0.024739583333333332
0 0.873046875 0.4694010416666667 0.05078125 0.045572916666666664
0 0.13151041666666666 0.697265625 0.026041666666666668 0.01953125
0 0.049479166666666664 0.6067708333333334 0.018229166666666668 0.020833333333333332
0 0.16276041666666666 0.62890625 0.013020833333333334 0.013020833333333334
0 0.16080729166666666 0.8014322916666666 0.029947916666666668 0.01953125
0 0.2649739583333333 0.794921875 0.029947916666666668 0.01953125
0 0.52734375 0.8580729166666666 0.013020833333333334 0.013020833333333334
0 0.6490885416666666 0.8763020833333334 0.016927083333333332 0.013020833333333334
0 0.19466145833333334 0.8919270833333334 0.09765625 0.09375
0 0.15299479166666666 0.6809895833333334 0.01953125 0.013020833333333334
0 0.026041666666666668 0.8489583333333334 0.013020833333333334 0.0234375
0 0.6263020833333334 0.7721354166666666 0.015625 0.013020833333333334
0 0.5533854166666666 0.490234375 0.013020833333333334 0.01953125
0 0.15885416666666666 0.85546875 0.013020833333333334 0.010416666666666666
0 0.791015625 0.2506510416666667 0.01953125 0.016927083333333332
0 0.8177083333333334 0.330078125 0.018229166666666668 0.01953125
0 0.8567708333333334 0.22200520833333334 0.044270833333333336 0.032552083333333336
0 0.24739583333333334 0.08203125 0.013020833333333334 0.013020833333333334
0 0.4563802083333333 0.44921875 0.014322916666666666 0.015625
0 0.6184895833333334 0.08333333333333333 0.0390625 0.026041666666666668
0 0.8795572916666666 0.142578125 0.024739583333333332 0.029947916666666668
0 0.9440104166666666 0.15885416666666666 0.013020833333333334 0.015625
0 0.8111979166666666 0.14388020833333334 0.03125 0.01953125
0 0.919921875 0.07942708333333333 0.053385416666666664 0.07291666666666667
0 0.9192708333333334 0.020182291666666668 0.0546875 0.032552083333333336
0 0.9680989583333334 0.4602864583333333 0.016927083333333332 0.014322916666666666
0 0.740234375 0.3463541666666667 0.016927083333333332 0.018229166666666668
0 0.29296875 0.130859375 0.013020833333333334 0.006510416666666667
0 0.22786458333333334 0.4986979166666667 0.013020833333333334 0.013020833333333334
0 0.017578125 0.8997395833333334 0.016927083333333332 0.020833333333333332
0 0.11458333333333333 0.9908854166666666 0.018229166666666668 0.0078125
0 0.52734375 0.5970052083333334 0.013020833333333334 0.01171875
0 0.6484375 0.029947916666666668 0.0078125 0.013020833333333334
0 0.5123697916666666 0.04296875 0.016927083333333332 0.013020833333333334