0 0.11197916666666667 0.5625 0.013020833333333334 0.015625
0 0.3359375 0.8697916666666666 0.026041666666666668 0.026041666666666668
0 0.3326822916666667 0.9114583333333334 0.01953125 0.018229166666666668
0 0.19856770833333334 0.5846354166666666 0.04296875 0.046875
0 0.033203125 0.8059895833333334 0.01953125 0.020833333333333332
0 0.10481770833333333 0.6842447916666666 0.01953125 0.01953125
0 0.11783854166666667 0.650390625 0.14973958333333334 0.13932291666666666
0 0.130859375 0.6608072916666666 0.045572916666666664 0.05078125
0 0.10481770833333333 0.46875 0.08463541666666667 0.0859375
0 0.059244791666666664 0.16015625 0.05859375 0.06510416666666667
0 0.267578125 0.501953125 0.01953125 0.01953125
0 0.3411458333333333 0.8033854166666666 0.010416666666666666 0.015625
0 0.3736979166666667 0.814453125 0.015625 0.01953125
0 0.2916666666666667 0.6204427083333334 0.013020833333333334 0.014322916666666666
0 0.5579427083333334 0.86328125 0.014322916666666666 0.013020833333333334
0 0.591796875 0.8639322916666666 0.022135416666666668 0.01953125
0 0.7610677083333334 0.9075520833333334 0.04296875 0.041666666666666664
0 0.61328125 0.697265625 0.018229166666666668 0.01953125
0 0.3782552083333333 0.25 0.01953125 0.0234375
0 0.2708333333333333 0.15885416666666666 0.013020833333333334 0.015625
0 0.09049479166666667 0.2669270833333333 0.016927083333333332 0.018229166666666668
0 0.486328125 0.953125 0.014322916666666666 0.015625
0 0.4205729166666667 0.7395833333333334 0.013020833333333334 0.013020833333333334
0 0.8619791666666666 0.8404947916666666 0.0234375 0.01953125
0 0.8313802083333334 0.66796875 0.01953125 0.026041666666666668
0 0.84375 0.591796875 0.026041666666666668 0.01953125
0 0.9453125 0.7005208333333334 0.033854166666666664 0.026041666666666668
0 0.4303385416666667 0.787109375 0.01953125 0.01953125
0 0.2779947916666667 0.4127604166666667 0.01171875 0.013020833333333334
0 0.728515625 0.2760416666666667 0.022135416666666668 0.026041666666666668
0 0.662109375 0.03515625 0.02734375 0.0234375
0 0.962890625 0.73828125 0.029947916666666668 0.028645833333333332
0 0.7955729166666666 0.318359375 0.018229166666666668 0.022135416666666668
0 0.74609375 0.98046875 0.013020833333333334 0.013020833333333334
0 0.8639322916666666 0.3092447916666667 0.037760416666666664 0.02734375
0 0.8046875 0.17643229166666666 0.026041666666666668 0.01953125
0 0.8997395833333334 0.5729166666666666 0.018229166666666668 0.018229166666666668
0 0.8717447916666666 0.6901041666666666 0.016927083333333332 0.018229166666666668
0 0.17057291666666666 0.169921875 0.020833333333333332 0.01953125
0 0.13411458333333334 0.2513020833333333 0.013020833333333334 0.013020833333333334
0 0.17057291666666666 0.2708333333333333 0.018229166666666668 0.013020833333333334
0 0.3151041666666667 0.09505208333333333 0.015625 0.013020833333333334
0 0.12630208333333334 0.057942708333333336 0.14583333333333334 0.10026041666666667
0 0.26171875 0.020182291666666668 0.09635416666666667 0.01953125
0 0.654296875 0.1328125 0.016927083333333332 0.015625
0 0.9563802083333334 0.013671875 0.022135416666666668 0.01953125
0 0.3203125 0.5983072916666666 0.018229166666666668 0.016927083333333332