0 0.783203125 0.9733072916666666 0.032552083333333336 0.024739583333333332
0 0.8444010416666666 0.8971354166666666 0.040364583333333336 0.044270833333333336
0 0.9576822916666666 0.541015625 0.01953125 0.01953125
0 0.962890625 0.56640625 0.016927083333333332 0.020833333333333332
0 0.9609375 0.267578125 0.026041666666666668 0.01953125
0 0.81640625 0.166015625 0.028645833333333332 0.02734375
0 0.8697916666666666 0.06510416666666667 0.026041666666666668 0.03125
0 0.974609375 0.08854166666666667 0.037760416666666664 0.0390625
0 0.8795572916666666 0.8307291666666666 0.016927083333333332 0.015625
0 0.7682291666666666 0.7805989583333334 0.01171875 0.01171875
0 0.07877604166666667 0.3053385416666667 0.015625 0.016927083333333332
0 0.83984375 0.86328125 0.01171875 0.013020833333333334
0 0.7682291666666666 0.6647135416666666 0.0078125 0.0078125
0 0.8248697916666666 0.544921875 0.009114583333333334 0.0078125
0 0.9069010416666666 0.4479166666666667 0.009114583333333334 0.009114583333333334
0 0.7779947916666666 0.9114583333333334 0.009114583333333334 0.009114583333333334
0 0.759765625 0.806640625 0.009114583333333334 0.0078125
0 0.888671875 0.71875 0.0078125 0.0078125
0 0.74609375 0.90625 0.0078125 0.0078125
0 0.9388020833333334 0.07552083333333333 0.009114583333333334 0.009114583333333334
0 0.9251302083333334 0.5904947916666666 0.0078125 0.006510416666666667
0 0.8450520833333334 0.6276041666666666 0.0078125 0.006510416666666667
0 0.8333333333333334 0.6061197916666666 0.0078125 0.006510416666666667
0 0.061848958333333336 0.197265625 0.010416666666666666 0.010416666666666666