0 0.4798177083333333 0.11393229166666667 0.30859375 0.22526041666666666
0 0.55859375 0.107421875 0.036458333333333336 0.037760416666666664
0 0.16861979166666666 0.14388020833333334 0.032552083333333336 0.032552083333333336
0 0.267578125 0.18815104166666666 0.014322916666666666 0.016927083333333332
0 0.06510416666666667 0.3984375 0.1171875 0.1484375
0 0.8717447916666666 0.4225260416666667 0.12369791666666667 0.11328125
0 0.224609375 0.5247395833333334 0.01953125 0.026041666666666668
0 0.16927083333333334 0.6412760416666666 0.026041666666666668 0.029947916666666668
0 0.169921875 0.7434895833333334 0.024739583333333332 0.03125
0 0.4407552083333333 0.5611979166666666 0.029947916666666668 0.03125
0 0.232421875 0.7467447916666666 0.022135416666666668 0.024739583333333332
0 0.27734375 0.7936197916666666 0.0703125 0.06901041666666667
0 0.55078125 0.8802083333333334 0.020833333333333332 0.020833333333333332
0 0.384765625 0.3743489583333333 0.024739583333333332 0.024739583333333332
0 0.22526041666666666 0.265625 0.020833333333333332 0.020833333333333332
0 0.716796875 0.061197916666666664 0.024739583333333332 0.0234375
0 0.6315104166666666 0.47265625 0.052083333333333336 0.052083333333333336
0 0.9778645833333334 0.2805989583333333 0.036458333333333336 0.032552083333333336
0 0.03515625 0.24609375 0.018229166666666668 0.015625
0 0.6796875 0.240234375 0.018229166666666668 0.016927083333333332
0 0.349609375 0.541015625 0.01953125 0.01953125
0 0.330078125 0.29296875 0.016927083333333332 0.018229166666666668
0 0.8430989583333334 0.08854166666666667 0.01953125 0.015625
0 0.90234375 0.009114583333333334 0.020833333333333332 0.015625
0 0.974609375 0.4466145833333333 0.029947916666666668 0.026041666666666668
0 0.9622395833333334 0.23307291666666666 0.010416666666666666 0.018229166666666668
0 0.7063802083333334 0.7063802083333334 0.11067708333333333 0.12630208333333334
0 0.888671875 0.8795572916666666 0.21484375 0.24088541666666666
0 0.6263020833333334 0.07421875 0.015625 0.015625
0 0.016276041666666668 0.6354166666666666 0.01953125 0.013020833333333334
0 0.4661458333333333 0.5670572916666666 0.020833333333333332 0.01953125
0 0.8984375 0.595703125 0.0234375 0.022135416666666668
0 0.8671875 0.4270833333333333 0.028645833333333332 0.026041666666666668