0 0.49877604166666667 0.40161458333333333 0.010325520833333268 0.010169270833333263
0 0.19640625 0.41015625 0.010729166666666679 0.010898437500000005
0 0.2646484375 0.6884765625 0.014622395833333357 0.014791666666666536
0 0.7890625 0.7710026041666667 0.011289062500000094 0.011549479166666524
0 0.7490234375 0.8872135416666667 0.010130208333333298 0.010611979166666785
0 0.8247135416666667 0.28052083333333333 0.011289062500000094 0.011549479166666673
0 0.7041015625 0.5263671875 0.03890625000000014 0.03704427083333339
0 0.53125 0.1689453125 0.009414062500000023 0.00951822916666667
0 0.7036197916666667 0.447265625 0.015963541666666654 0.016458333333333314
0 0.7021484375 0.20044270833333333 0.01005208333333337 0.01001302083333333
0 0.47583333333333333 0.5322265625 0.008854166666666607 0.009596354166666673
0 0.03561197916666667 0.38305989583333333 0.015429687499999997 0.014895833333333405
0 0.8369140625 0.9868229166666667 0.013684895833333321 0.014453124999999881
0 0.5034244791666667 0.865234375 0.013736979166666607 0.013528645833333464
0 0.6186588541666667 0.12951822916666667 0.00916666666666662 0.009374999999999986
0 0.49682291666666667 0.447265625 0.008736979166666714 0.009296874999999982
0 0.7338932291666667 0.935546875 0.00841145833333338 0.009375000000000059
0 0.13024739583333333 0.6538151041666667 0.009635416666666674 0.010169270833333263
0 0.31665364583333333 0.7431640625 0.01005208333333337 0.010208333333333227
0 0.6333072916666667 0.26733072916666667 0.009414062500000023 0.00947916666666663
0 0.5200260416666667 0.5161197916666667 0.00898437499999997 0.009596354166666673
0 0.8798828125 0.6845703125 0.009713541666666714 0.009817708333333286
0 0.5693359375 0.4580078125 0.022981770833333304 0.023372395833333393
0 0.1416015625 0.38940104166666667 0.009023437500000009 0.008736979166666714
0 0.7944401041666667 0.16186197916666667 0.014505208333333464 0.014622395833333338
0 0.8759765625 0.7377994791666667 0.013841145833333476 0.014010416666666655
0 0.5302734375 0.5542057291666667 0.012330729166666702 0.012968750000000048
0 0.6181640625 0.47412760416666666 0.008619791666666673 0.008776041666666679
0 0.8208072916666667 0.48950520833333333 0.00947916666666663 0.009713541666666714
0 0.5991276041666667 0.0941796875 0.012669270833333357 0.01248697916666667
0 0.8559635416666667 0.4970703125 0.00955729166666656 0.01036458333333338
0 0.8056640625 0.44483072916666666 0.008619791666666524 0.00916666666666662
0 0.6376953125 0.22106770833333333 0.015364583333333274 0.015013020833333298
0 0.6811588541666667 0.42114583333333333 0.00929687500000013 0.009231770833333375
0 0.544921875 0.7431640625 0.00800781249999997 0.009127604166666655
0 0.5654296875 0.26294270833333333 0.004739583333333315 0.005481770833333306
0 0.6616276041666667 0.853515625 0.008710937500000071 0.009518229166666595
0 0.42162760416666667 0.5629947916666667 0.008346354166666625 0.009739583333333357
0 0.8134765625 0.6669921875 0.008450520833333345 0.009127604166666655
0 0.15845052083333333 0.7431640625 0.013684895833333321 0.013736979166666607
0 0.525390625 0.484375 0.008372395833333268 0.008736979166666714
0 0.5942447916666667 0.1366015625 0.008580729166666709 0.008919270833333326
0 0.27709635416666667 0.46752604166666667 0.005104166666666687 0.005364583333333339
0 0.7280338541666667 0.32666666666666666 0.03738281250000005 0.037265625000000004
0 0.8549869791666667 0.8754947916666667 0.008255208333333227 0.008854166666666607
0 0.48266927083333333 0.7446354166666667 0.008281250000000018 0.008919270833333215
0 0.10247395833333334 0.15649739583333333 0.009479166666666669 0.008919270833333326
0 0.44506510416666667 0.41846354166666666 0.0055208333333333455 0.005390624999999982
0 0.6591796875 0.712890625 0.016783854166666723 0.016783854166666796
0 0.8061588541666667 0.9497135416666667 0.008476562499999988 0.009062500000000048
0 0.9379947916666667 0.9497135416666667 0.00997395833333344 0.01036458333333338
0 0.45654947916666666 0.06243489583333334 0.010781249999999964 0.010690104166666678
0 0.10303385416666666 0.45923177083333333 0.008854166666666682 0.008815104166666643
0 0.8256901041666667 0.17944010416666667 0.009270833333333192 0.009453124999999988
0 0.4453125 0.6460026041666667 0.010820312499999929 0.01102864583333337
0 0.9765625 0.18127604166666667 0.011067708333333334 0.010130208333333298
0 0.44360677083333333 0.03197916666666666 0.005260416666666619 0.005481770833333334
0 0.8608463541666667 0.7880859375 0.008515624999999952 0.009231770833333227
0 0.040625 0.6274479166666667 0.00877604166666667 0.008945312500000005
0 0.18200520833333333 0.09772135416666666 0.010729166666666679 0.009778645833333321
0 0.6655338541666667 0.198125 0.011822916666666647 0.012486979166666634
0 0.412109375 0.49486979166666667 0.00477864583333328 0.005169270833333369
0 0.0938671875 0.5063541666666667 0.045533854166666665 0.04587239583333336
0 0.5356510416666667 0.6254947916666667 0.011380208333333345 0.011380208333333345
0 0.1181640625 0.607421875 0.005286458333333337 0.005481770833333381
0 0.6528385416666667 0.10015625 0.008919270833333362 0.009192708333333336
0 0.6010807291666667 0.9243229166666667 0.004453124999999947 0.005013020833333215
0 0.7509765625 0.11182291666666666 0.005234374999999976 0.005169270833333332
0 0.9594791666666667 0.5766666666666667 0.005481770833333381 0.0055468749999999884
0 0.9506901041666667 0.8266666666666667 0.009453124999999988 0.009518229166666595
0 0.5107421875 0.5 0.005065104166666649 0.005677083333333351
0 0.515625 0.20446614583333333 0.010286458333333304 0.01024739583333334
0 0.6713932291666667 0.34643229166666667 0.004427083333333452 0.005039062500000006
0 0.9780338541666667 0.767578125 0.009192708333333263 0.00916666666666662
0 0.9365234375 0.759765625 0.027799479166666547 0.02537760416666668
0 0.572265625 0.8559635416666667 0.007877604166666607 0.009231770833333227
0 0.35694010416666666 0.5678776041666667 0.0048958333333333215 0.005390624999999982
0 0.07080729166666667 0.9155338541666667 0.01147135416666667 0.011328125000000059
0 0.1971484375 0.18872395833333333 0.009453124999999988 0.010130208333333298
0 0.06865885416666666 0.9541015625 0.009934895833333327 0.009739583333333357
0 0.8203125 0.40063802083333333 0.004778645833333428 0.005677083333333351
0 0.9716796875 0.51171875 0.005039062499999858 0.005455729166666738
0 0.7221744791666667 0.7631901041666667 0.00841145833333338 0.009192708333333263
0 0.6083984375 0.810546875 0.00401041666666672 0.004856770833333357
0 0.654296875 0.7973697916666667 0.003984374999999929 0.0048958333333333215
0 0.7109375 0.37279947916666667 0.004830729166666714 0.004973958333333399
0 0.48584635416666666 0.6118229166666667 0.005104166666666614 0.005390624999999982
0 0.18029947916666667 0.12670572916666667 0.017916666666666654 0.015481770833333316
0 0.91796875 0.6001041666666667 0.007877604166666607 0.00898437499999997
0 0.38671875 0.9106510416666667 0.010950520833333291 0.010130208333333298
0 0.9013671875 0.06438802083333334 0.0049479166666666075 0.005677083333333333
0 0.9243229166666667 0.0599609375 0.00947916666666663 0.01049479166666667
0 0.9585026041666667 0.49779947916666667 0.005260416666666619 0.005143229166666726
0 0.27988281249999997 0.08731770833333334 0.05861979166666664 0.05542968749999999
0 0.055078125 0.09295572916666667 0.07773437500000001 0.081171875