0 0.6360677083333334 0.125 0.03515625 0.0390625
0 0.24088541666666666 0.2740885416666667 0.06510416666666667 0.05859375
0 0.5872395833333334 0.23372395833333334 0.171875 0.14713541666666666
0 0.4212239583333333 0.736328125 0.01953125 0.01953125
0 0.11393229166666667 0.4518229166666667 0.01953125 0.015625
0 0.427734375 0.7838541666666666 0.022135416666666668 0.0234375
0 0.515625 0.80859375 0.015625 0.020833333333333332
0 0.5618489583333334 0.8372395833333334 0.022135416666666668 0.026041666666666668
0 0.6022135416666666 0.8912760416666666 0.01953125 0.016927083333333332
0 0.4342447916666667 0.904296875 0.01953125 0.016927083333333332
0 0.5625 0.7350260416666666 0.020833333333333332 0.022135416666666668
0 0.771484375 0.8098958333333334 0.01953125 0.0234375
0 0.2578125 0.13932291666666666 0.020833333333333332 0.015625
0 0.22265625 0.15885416666666666 0.015625 0.015625
0 0.849609375 0.033203125 0.01953125 0.01953125
0 0.9016927083333334 0.011067708333333334 0.032552083333333336 0.01953125
0 0.7890625 0.5970052083333334 0.0234375 0.01953125
0 0.7825520833333334 0.4212239583333333 0.015625 0.014322916666666666
0 0.978515625 0.7239583333333334 0.02734375 0.044270833333333336
0 0.98046875 0.9576822916666666 0.018229166666666668 0.01953125
0 0.3430989583333333 0.31640625 0.014322916666666666 0.020833333333333332
0 0.02734375 0.3385416666666667 0.018229166666666668 0.013020833333333334
0 0.396484375 0.17708333333333334 0.014322916666666666 0.015625
0 0.18359375 0.006510416666666667 0.020833333333333332 0.010416666666666666
0 0.208984375 0.9876302083333334 0.03515625 0.024739583333333332
0 0.8483072916666666 0.9453125 0.016927083333333332 0.018229166666666668
0 0.8515625 0.3203125 0.013020833333333334 0.015625
0 0.8450520833333334 0.2916666666666667 0.018229166666666668 0.015625
0 0.7565104166666666 0.6510416666666666 0.015625 0.013020833333333334
0 0.71484375 0.7727864583333334 0.013020833333333334 0.01171875
0 0.7083333333333334 0.107421875 0.020833333333333332 0.022135416666666668
0 0.4791666666666667 0.6647135416666666 0.015625 0.016927083333333332
0 0.4505208333333333 0.7721354166666666 0.018229166666666668 0.015625
0 0.8359375 0.8157552083333334 0.013020833333333334 0.014322916666666666