0 0.349609375 0.271484375 0.04296875 0.040364583333333336
0 0.181640625 0.057942708333333336 0.10286458333333333 0.11067708333333333
0 0.24153645833333334 0.08072916666666667 0.01953125 0.0234375
0 0.3658854166666667 0.032552083333333336 0.015625 0.015625
0 0.9375 0.18619791666666666 0.015625 0.018229166666666668
0 0.7591145833333334 0.4205729166666667 0.018229166666666668 0.018229166666666668
0 0.7454427083333334 0.4869791666666667 0.016927083333333332 0.015625
0 0.97265625 0.388671875 0.0234375 0.024739583333333332
0 0.345703125 0.6770833333333334 0.032552083333333336 0.0390625
0 0.080078125 0.4661458333333333 0.016927083333333332 0.020833333333333332
0 0.3990885416666667 0.3430989583333333 0.053385416666666664 0.048177083333333336
0 0.5494791666666666 0.572265625 0.015625 0.014322916666666666
0 0.3684895833333333 0.5677083333333334 0.013020833333333334 0.010416666666666666
0 0.026692708333333332 0.6217447916666666 0.01171875 0.01171875
0 0.22265625 0.7610677083333334 0.013020833333333334 0.01171875
0 0.5169270833333334 0.8658854166666666 0.0234375 0.0234375
0 0.5240885416666666 0.9186197916666666 0.016927083333333332 0.014322916666666666
0 0.7213541666666666 0.970703125 0.010416666666666666 0.01171875
0 0.033203125 0.7975260416666666 0.01953125 0.01953125
0 0.029296875 0.7350260416666666 0.01171875 0.01171875
0 0.6022135416666666 0.4596354166666667 0.07421875 0.078125
0 0.787109375 0.2532552083333333 0.045572916666666664 0.04296875
0 0.2975260416666667 0.07291666666666667 0.014322916666666666 0.015625
0 0.4967447916666667 0.064453125 0.016927083333333332 0.014322916666666666
0 0.5345052083333334 0.9440104166666666 0.01171875 0.013020833333333334
0 0.974609375 0.9375 0.014322916666666666 0.026041666666666668
0 0.748046875 0.6302083333333334 0.014322916666666666 0.013020833333333334
0 0.5188802083333334 0.5631510416666666 0.014322916666666666 0.01171875
0 0.4140625 0.6875 0.013020833333333334 0.018229166666666668
0 0.47265625 0.7200520833333334 0.09114583333333333 0.09635416666666667
0 0.21549479166666666 0.6549479166666666 0.11067708333333333 0.109375
0 0.7454427083333334 0.9915364583333334 0.01953125 0.016927083333333332
0 0.896484375 0.5638020833333334 0.01171875 0.010416666666666666
0 0.3743489583333333 0.634765625 0.009114583333333334 0.009114583333333334
0 0.205078125 0.39453125 0.01171875 0.010416666666666666
0 0.2838541666666667 0.054036458333333336 0.010416666666666666 0.009114583333333334
0 0.24283854166666666 0.3951822916666667 0.009114583333333334 0.009114583333333334
0 0.15885416666666666 0.4733072916666667 0.010416666666666666 0.01171875
0 0.6555989583333334 0.279296875 0.01953125 0.014322916666666666
0 0.16080729166666666 0.9947916666666666 0.009114583333333334 0.010416666666666666
0 0.53515625 0.9075520833333334 0.013020833333333334 0.013020833333333334
0 0.884765625 0.990234375 0.01171875 0.01171875
0 0.990234375 0.349609375 0.01953125 0.045572916666666664
0 0.025390625 0.6953125 0.009114583333333334 0.010416666666666666