0 0.2610677083333333 0.10872395833333333 0.12369791666666667 0.12109375
0 0.24674479166666666 0.21744791666666666 0.014322916666666666 0.013020833333333334
0 0.013020833333333334 0.19075520833333334 0.0234375 0.029947916666666668
0 0.10807291666666667 0.23502604166666666 0.0234375 0.01953125
0 0.4303385416666667 0.3033854166666667 0.024739583333333332 0.0234375
0 0.11588541666666667 0.2591145833333333 0.018229166666666668 0.018229166666666668
0 0.6920572916666666 0.059244791666666664 0.04296875 0.040364583333333336
0 0.51171875 0.4713541666666667 0.036458333333333336 0.033854166666666664
0 0.9563802083333334 0.10091145833333333 0.048177083333333336 0.05859375
0 0.560546875 0.5618489583333334 0.029947916666666668 0.029947916666666668
0 0.5442708333333334 0.6178385416666666 0.026041666666666668 0.024739583333333332
0 0.2994791666666667 0.8235677083333334 0.046875 0.045572916666666664
0 0.130859375 0.6555989583333334 0.08463541666666667 0.07421875
0 0.033203125 0.5 0.05859375 0.057291666666666664
0 0.755859375 0.6360677083333334 0.13671875 0.11328125
0 0.5625 0.8072916666666666 0.049479166666666664 0.06510416666666667
0 0.6940104166666666 0.8216145833333334 0.20833333333333334 0.2109375
0 0.8483072916666666 0.7799479166666666 0.024739583333333332 0.0234375
0 0.8177083333333334 0.3138020833333333 0.026041666666666668 0.0234375
0 0.8294270833333334 0.19401041666666666 0.08072916666666667 0.078125
0 0.9251302083333334 0.171875 0.01953125 0.018229166666666668
0 0.6009114583333334 0.3111979166666667 0.016927083333333332 0.015625
0 0.8209635416666666 0.4459635416666667 0.01953125 0.01953125
0 0.7571614583333334 0.3919270833333333 0.016927083333333332 0.015625
0 0.6744791666666666 0.4641927083333333 0.015625 0.016927083333333332
0 0.4296875 0.771484375 0.020833333333333332 0.022135416666666668
0 0.27734375 0.4739583333333333 0.15625 0.13541666666666666
0 0.3352864583333333 0.591796875 0.014322916666666666 0.014322916666666666
0 0.15755208333333334 0.115234375 0.010416666666666666 0.01171875
0 0.6119791666666666 0.94921875 0.015625 0.015625
0 0.029296875 0.5084635416666666 0.014322916666666666 0.014322916666666666
0 0.025390625 0.007161458333333333 0.029947916666666668 0.01171875
0 0.361328125 0.17317708333333334 0.014322916666666666 0.013020833333333334
0 0.3548177083333333 0.15169270833333334 0.01171875 0.01171875
0 0.5572916666666666 0.14518229166666666 0.013020833333333334 0.01171875
0 0.0078125 0.5631510416666666 0.013020833333333334 0.03515625
0 0.56640625 0.7805989583333334 0.015625 0.01171875
0 0.123046875 0.931640625 0.01171875 0.01171875
0 0.369140625 0.9459635416666666 0.014322916666666666 0.01171875
0 0.07096354166666667 0.8645833333333334 0.01171875 0.010416666666666666
0 0.6204427083333334 0.9186197916666666 0.014322916666666666 0.014322916666666666
0 0.708984375 0.869140625 0.01171875 0.014322916666666666
0 0.646484375 0.861328125 0.01171875 0.01171875
0 0.6126302083333334 0.6822916666666666 0.014322916666666666 0.010416666666666666
0 0.4225260416666667 0.6321614583333334 0.01171875 0.01171875
0 0.205078125 0.56640625 0.01171875 0.010416666666666666
0 0.23046875 0.5774739583333334 0.013020833333333334 0.01171875
0 0.05078125 0.392578125 0.013020833333333334 0.01171875
0 0.012369791666666666 0.2669270833333333 0.016927083333333332 0.013020833333333334
0 0.22395833333333334 0.11263020833333333 0.013020833333333334 0.01171875
0 0.3229166666666667 0.076171875 0.013020833333333334 0.01171875
0 0.3736979166666667 0.11979166666666667 0.013020833333333334 0.010416666666666666
0 0.552734375 0.057291666666666664 0.016927083333333332 0.013020833333333334
0 0.7044270833333334 0.09049479166666667 0.015625 0.014322916666666666
0 0.3626302083333333 0.8515625 0.014322916666666666 0.013020833333333334
0 0.271484375 0.8977864583333334 0.01171875 0.01171875
0 0.84375 0.9166666666666666 0.013020833333333334 0.013020833333333334