0 0.8079427083333334 0.298828125 0.02734375 0.032552083333333336
0 0.6380208333333334 0.4908854166666667 0.033854166666666664 0.041666666666666664
0 0.5794270833333334 0.515625 0.052083333333333336 0.052083333333333336
0 0.5579427083333334 0.4635416666666667 0.12369791666666667 0.11979166666666667
0 0.4036458333333333 0.677734375 0.044270833333333336 0.040364583333333336
0 0.2708333333333333 0.4420572916666667 0.015625 0.016927083333333332
0 0.3463541666666667 0.5240885416666666 0.018229166666666668 0.01953125
0 0.2513020833333333 0.9407552083333334 0.0234375 0.01953125
0 0.220703125 0.3001302083333333 0.01171875 0.01171875
0 0.055338541666666664 0.13932291666666666 0.016927083333333332 0.015625
0 0.224609375 0.5735677083333334 0.01171875 0.01171875
0 0.2955729166666667 0.541015625 0.013020833333333334 0.01171875
0 0.17513020833333334 0.83203125 0.024739583333333332 0.015625
0 0.259765625 0.15885416666666666 0.016927083333333332 0.013020833333333334
0 0.791015625 0.8430989583333334 0.014322916666666666 0.01171875
0 0.6608072916666666 0.84375 0.014322916666666666 0.013020833333333334
0 0.6901041666666666 0.935546875 0.015625 0.014322916666666666
0 0.7220052083333334 0.970703125 0.01171875 0.01171875
0 0.4420572916666667 0.9231770833333334 0.01171875 0.013020833333333334
0 0.5813802083333334 0.9088541666666666 0.014322916666666666 0.013020833333333334
0 0.3235677083333333 0.9869791666666666 0.016927083333333332 0.013020833333333334
0 0.12044270833333333 0.4967447916666667 0.022135416666666668 0.016927083333333332
0 0.057291666666666664 0.6484375 0.010416666666666666 0.013020833333333334
0 0.050130208333333336 0.671875 0.01171875 0.010416666666666666
0 0.822265625 0.1875 0.01171875 0.013020833333333334
0 0.9641927083333334 0.23828125 0.016927083333333332 0.013020833333333334
0 0.33984375 0.4231770833333333 0.018229166666666668 0.013020833333333334
0 0.09895833333333333 0.236328125 0.010416666666666666 0.01171875
0 0.060546875 0.20963541666666666 0.01171875 0.010416666666666666
0 0.3528645833333333 0.6080729166666666 0.015625 0.013020833333333334
0 0.3170572916666667 0.23697916666666666 0.009114583333333334 0.010416666666666666
0 0.7825520833333334 0.3802083333333333 0.015625 0.013020833333333334
0 0.9700520833333334 0.7291666666666666 0.013020833333333334 0.013020833333333334
0 0.375 0.15950520833333334 0.010416666666666666 0.009114583333333334
0 0.6536458333333334 0.14453125 0.010416666666666666 0.010416666666666666
0 0.4049479166666667 0.5520833333333334 0.015625 0.010416666666666666
0 0.7799479166666666 0.6764322916666666 0.010416666666666666 0.01171875
0 0.8977864583333334 0.3541666666666667 0.014322916666666666 0.013020833333333334
0 0.3424479166666667 0.22005208333333334 0.015625 0.018229166666666668
0 0.076171875 0.18684895833333334 0.014322916666666666 0.01171875
0 0.3782552083333333 0.0234375 0.01171875 0.015625
0 0.572265625 0.19140625 0.01171875 0.010416666666666666
0 0.578125 0.6608072916666666 0.013020833333333334 0.01171875
0 0.4401041666666667 0.9016927083333334 0.015625 0.014322916666666666
0 0.2532552083333333 0.607421875 0.01171875 0.014322916666666666
0 0.958984375 0.884765625 0.016927083333333332 0.009114583333333334