0 0.3811848958333333 0.6982161458333334 0.11177083333333337 0.12212239583333329
0 0.6845572916666667 0.6578515625 0.11954427083333326 0.13514322916666663
0 0.9654947916666666 0.3776041666666667 0.06901041666666667 0.08072916666666667
0 0.640625 0.030598958333333332 0.06510416666666667 0.061197916666666664
0 0.20768229166666666 0.7389322916666666 0.4153645833333333 0.5221354166666666
0 0.4528125 0.23082031249999999 0.10437499999999995 0.13524739583333334
0 0.047526041666666664 0.23958333333333334 0.09505208333333333 0.1484375
0 0.9602864583333334 0.4921875 0.07942708333333333 0.1015625
0 0.19109374999999998 0.4456380208333333 0.04408854166666668 0.05968750000000004
0 0.7900130208333334 0.1605208333333333 0.04401041666666661 0.05194010416666665
0 0.2965625 0.29462239583333333 0.07792968750000002 0.044101562500000004
0 0.5829947916666667 0.4508463541666667 0.07789062500000006 0.0701041666666667
0 0.7379427083333333 0.26337239583333333 0.049231770833333265 0.038893229166666675
0 0.7952213541666667 0.6266145833333333 0.04921874999999994 0.057044270833333265
0 0.9798177083333334 0.69921875 0.040364583333333336 0.09375
0 0.9696354166666667 0.11744791666666665 0.0322265625 0.03152343750000001
0 0.17804687500000002 0.4810677083333334 0.03757812500000002 0.03704427083333339
0 0.19292968749999995 0.16394531250000002 0.02641927083333336 0.031523437499999994
0 0.03200520833333339 0.30158854166666665 0.03567708333333334 0.03149739583333333
0 0.03480468750000002 0.18069010416666664 0.03382812500000001 0.027799479166666696
0 0.0078125 0.3600260416666667 0.015625 0.053385416666666664
0 0.9119661458333335 0.6280078124999999 0.11033854166666668 0.11514322916666675
0 0.9934895833333334 0.59765625 0.013020833333333334 0.028645833333333332
0 0.9659244791666666 0.5554687500000001 0.03966145833333338 0.03703125000000007
0 0.058059895833333375 0.45037760416666667 0.03569010416666666 0.04263020833333334
0 0.26641927083333333 0.4559635416666666 0.046914062499999964 0.04263020833333334