0 0.703125 0.205078125 0.013020833333333334 0.016927083333333332
0 0.9947916666666666 0.4674479166666667 0.0078125 0.0078125
0 0.8828125 0.482421875 0.015625 0.01171875
0 0.9921875 0.7141927083333334 0.013020833333333334 0.01953125
0 0.9303385416666666 0.7994791666666666 0.13671875 0.14322916666666666
0 0.4173177083333333 0.5188802083333334 0.022135416666666668 0.01953125
0 0.4251302083333333 0.427734375 0.014322916666666666 0.01171875
0 0.494140625 0.86328125 0.01953125 0.018229166666666668
0 0.1328125 0.8365885416666666 0.026041666666666668 0.03515625
0 0.171875 0.87890625 0.013020833333333334 0.010416666666666666
0 0.12109375 0.9147135416666666 0.010416666666666666 0.016927083333333332
0 0.007161458333333333 0.37890625 0.009114583333333334 0.013020833333333334
0 0.28515625 0.203125 0.010416666666666666 0.010416666666666666