0 0.6516927083333334 0.3899739583333333 0.02734375 0.029947916666666668
0 0.21549479166666666 0.2838541666666667 0.05078125 0.0390625
0 0.21875 0.3294270833333333 0.020833333333333332 0.026041666666666668
0 0.024739583333333332 0.248046875 0.044270833333333336 0.045572916666666664
0 0.046875 0.318359375 0.041666666666666664 0.03515625
0 0.0078125 0.3391927083333333 0.013020833333333334 0.01953125
0 0.21484375 0.4114583333333333 0.028645833333333332 0.026041666666666668
0 0.22526041666666666 0.4680989583333333 0.03125 0.029947916666666668
0 0.2734375 0.47265625 0.026041666666666668 0.026041666666666668
0 0.7311197916666666 0.3483072916666667 0.024739583333333332 0.02734375
0 0.5533854166666666 0.0390625 0.0234375 0.020833333333333332
0 0.2532552083333333 0.5748697916666666 0.05859375 0.06640625
0 0.17578125 0.681640625 0.0234375 0.01953125
0 0.0546875 0.9088541666666666 0.03125 0.028645833333333332
0 0.4381510416666667 0.71484375 0.022135416666666668 0.026041666666666668
0 0.5989583333333334 0.4680989583333333 0.041666666666666664 0.040364583333333336
0 0.5638020833333334 0.7760416666666666 0.046875 0.046875
0 0.6126302083333334 0.7252604166666666 0.17057291666666666 0.18489583333333334
0 0.8229166666666666 0.671875 0.057291666666666664 0.059895833333333336
0 0.8248697916666666 0.4205729166666667 0.10026041666666667 0.09114583333333333
0 0.94921875 0.2727864583333333 0.018229166666666668 0.016927083333333332
0 0.9381510416666666 0.4270833333333333 0.01953125 0.018229166666666668
0 0.9837239583333334 0.787109375 0.014322916666666666 0.016927083333333332
0 0.9270833333333334 0.7936197916666666 0.015625 0.016927083333333332
0 0.859375 0.912109375 0.018229166666666668 0.016927083333333332
0 0.9674479166666666 0.8561197916666666 0.018229166666666668 0.01953125
0 0.3919270833333333 0.353515625 0.015625 0.016927083333333332
0 0.16080729166666666 0.9544270833333334 0.016927083333333332 0.013020833333333334
0 0.06770833333333333 0.035807291666666664 0.046875 0.040364583333333336
0 0.408203125 0.046223958333333336 0.016927083333333332 0.014322916666666666
0 0.640625 0.027994791666666668 0.013020833333333334 0.01171875
0 0.9602864583333334 0.049479166666666664 0.01953125 0.026041666666666668
0 0.8430989583333334 0.07486979166666667 0.01953125 0.016927083333333332
0 0.9069010416666666 0.376953125 0.016927083333333332 0.016927083333333332
0 0.4466145833333333 0.982421875 0.018229166666666668 0.016927083333333332
0 0.53125 0.16536458333333334 0.018229166666666668 0.015625
0 0.2799479166666667 0.5494791666666666 0.06510416666666667 0.07552083333333333
0 0.4049479166666667 0.6764322916666666 0.0625 0.061197916666666664
0 0.013671875 0.794921875 0.014322916666666666 0.014322916666666666
0 0.234375 0.02734375 0.033854166666666664 0.033854166666666664
0 0.7897135416666666 0.6959635416666666 0.016927083333333332 0.01953125
0 0.03125 0.9348958333333334 0.013020833333333334 0.015625
0 0.435546875 0.18880208333333334 0.01171875 0.013020833333333334
0 0.7337239583333334 0.2884114583333333 0.014322916666666666 0.014322916666666666
0 0.63671875 0.3424479166666667 0.013020833333333334 0.013020833333333334
0 0.76953125 0.5182291666666666 0.015625 0.013020833333333334