0 0.034505208333333336 0.9856770833333334 0.032552083333333336 0.028645833333333332
0 0.013671875 0.626953125 0.02734375 0.032552083333333336
0 0.3352864583333333 0.69921875 0.029947916666666668 0.028645833333333332
0 0.46875 0.4134114583333333 0.033854166666666664 0.032552083333333336
0 0.8170572916666666 0.8600260416666666 0.032552083333333336 0.03125
0 0.552734375 0.33203125 0.03515625 0.03515625
0 0.5338541666666666 0.2727864583333333 0.028645833333333332 0.029947916666666668
0 0.006510416666666667 0.8346354166666666 0.013020833333333334 0.03125
0 0.6178385416666666 0.23958333333333334 0.03515625 0.03515625
0 0.69140625 0.5143229166666666 0.037760416666666664 0.0390625
0 0.298828125 0.369140625 0.028645833333333332 0.028645833333333332
0 0.7272135416666666 0.8190104166666666 0.036458333333333336 0.03515625
0 0.9954427083333334 0.5852864583333334 0.009114583333333334 0.03515625
0 0.6588541666666666 0.2766927083333333 0.03515625 0.036458333333333336
0 0.4811197916666667 0.024739583333333332 0.037760416666666664 0.037760416666666664
0 0.8294270833333334 0.513671875 0.036458333333333336 0.0390625
0 0.98828125 0.244140625 0.0234375 0.029947916666666668
0 0.24934895833333334 0.8828125 0.037760416666666664 0.037760416666666664
0 0.859375 0.388671875 0.03125 0.029947916666666668
0 0.057942708333333336 0.6673177083333334 0.033854166666666664 0.033854166666666664
0 0.8567708333333334 0.4602864583333333 0.032552083333333336 0.028645833333333332
0 0.142578125 0.9876302083333334 0.053385416666666664 0.024739583333333332
0 0.4811197916666667 0.8548177083333334 0.053385416666666664 0.05078125
0 0.6302083333333334 0.8190104166666666 0.07161458333333333 0.052083333333333336
0 0.912109375 0.6868489583333334 0.037760416666666664 0.0390625
0 0.431640625 0.07161458333333333 0.03125 0.029947916666666668
0 0.7252604166666666 0.3001302083333333 0.053385416666666664 0.046875
0 0.19921875 0.52734375 0.026041666666666668 0.02734375
0 0.09505208333333333 0.8326822916666666 0.04296875 0.048177083333333336
0 0.16796875 0.7721354166666666 0.08723958333333333 0.08984375
0 0.6803385416666666 0.7884114583333334 0.041666666666666664 0.045572916666666664
0 0.047526041666666664 0.10481770833333333 0.09505208333333333 0.10546875