0 0.4537760416666667 0.19596354166666666 0.032552083333333336 0.032552083333333336
0 0.3919270833333333 0.2890625 0.041666666666666664 0.041666666666666664
0 0.055338541666666664 0.615234375 0.032552083333333336 0.03515625
0 0.076171875 0.7786458333333334 0.029947916666666668 0.026041666666666668
0 0.033854166666666664 0.90625 0.028645833333333332 0.03125
0 0.5729166666666666 0.4140625 0.026041666666666668 0.026041666666666668
0 0.6783854166666666 0.015625 0.028645833333333332 0.0234375
0 0.912109375 0.16536458333333334 0.14453125 0.140625
0 0.951171875 0.5084635416666666 0.07682291666666667 0.07161458333333333
0 0.5826822916666666 0.2513020833333333 0.01953125 0.026041666666666668
0 0.8307291666666666 0.30078125 0.018229166666666668 0.018229166666666668
0 0.91796875 0.8235677083333334 0.026041666666666668 0.029947916666666668
0 0.25634114583333334 0.19299479166666667 0.016992187500000016 0.016002604166666694
0 0.21549479166666666 0.380859375 0.01171875 0.01171875
0 0.14322916666666666 0.4381510416666667 0.018229166666666668 0.01171875
0 0.09244791666666667 0.19075520833333334 0.018229166666666668 0.01171875
0 0.049479166666666664 0.11328125 0.015625 0.010416666666666666
0 0.4850260416666667 0.08268229166666667 0.01953125 0.016927083333333332
0 0.5810546875 0.251953125 0.017916666666666654 0.01738281250000003
0 0.5478515625 0.6977604166666667 0.014557291666666602 0.014010416666666655
0 0.2451171875 0.4267578125 0.009674479166666675 0.009453124999999988
0 0.42798177083333333 0.5717838541666667 0.009088541666666691 0.009023437499999934
0 0.5434635416666667 0.607421875 0.009518229166666595 0.00947916666666663
0 0.7700260416666667 0.8310546875 0.013528645833333464 0.013593750000000071
0 0.27416666666666667 0.8022526041666667 0.012526041666666673 0.012057291666666655
0 0.27002604166666666 0.11938802083333333 0.009023437500000009 0.008854166666666682
0 0.44848958333333333 0.537109375 0.00927083333333334 0.009453124999999988
0 0.15990885416666667 0.053593749999999996 0.011158854166666657 0.010651041666666675
0 0.14123697916666667 0.5502994791666667 0.009817708333333322 0.009231770833333375
0 0.33350260416666666 0.6752994791666667 0.011783854166666644 0.011328125000000059