0 0.8600260416666666 0.603515625 0.032552083333333336 0.037760416666666664
0 0.9283854166666666 0.14453125 0.052083333333333336 0.044270833333333336
0 0.9661458333333334 0.3229166666666667 0.015625 0.013020833333333334
0 0.744140625 0.09700520833333333 0.040364583333333336 0.03515625
0 0.8567708333333334 0.009114583333333334 0.013020833333333334 0.015625
0 0.787109375 0.044921875 0.01953125 0.016927083333333332
0 0.5983072916666666 0.052734375 0.01953125 0.01953125
0 0.7727864583333334 0.9479166666666666 0.032552083333333336 0.026041666666666668
0 0.5735677083333334 0.4498697916666667 0.01953125 0.01953125
0 0.3450520833333333 0.010416666666666666 0.020833333333333332 0.013020833333333334
0 0.18619791666666666 0.13802083333333334 0.026041666666666668 0.026041666666666668
0 0.18489583333333334 0.2864583333333333 0.0234375 0.015625
0 0.2604166666666667 0.06315104166666667 0.059895833333333336 0.06380208333333333
0 0.3977864583333333 0.7493489583333334 0.01953125 0.01953125
0 0.5930989583333334 0.3170572916666667 0.01953125 0.01953125
0 0.6015625 0.580078125 0.07552083333333333 0.07161458333333333
0 0.4544270833333333 0.6647135416666666 0.020833333333333332 0.01953125
0 0.010416666666666666 0.4290364583333333 0.013020833333333334 0.016927083333333332
0 0.016927083333333332 0.13606770833333334 0.026041666666666668 0.022135416666666668
0 0.4765625 0.4205729166666667 0.013020833333333334 0.013020833333333334
0 0.396484375 0.5169270833333334 0.016927083333333332 0.015625
0 0.517578125 0.10677083333333333 0.024739583333333332 0.015625
0 0.9505208333333334 0.4544270833333333 0.018229166666666668 0.013020833333333334
0 0.19921875 0.240234375 0.013020833333333334 0.009114583333333334
0 0.52734375 0.375 0.018229166666666668 0.013020833333333334
0 0.888671875 0.23177083333333334 0.014322916666666666 0.013020833333333334
0 0.9537760416666666 0.5638020833333334 0.014322916666666666 0.013020833333333334
0 0.07552083333333333 0.2727864583333333 0.026041666666666668 0.029947916666666668
0 0.98046875 0.5221354166666666 0.013020833333333334 0.018229166666666668
0 0.5078125 0.333984375 0.018229166666666668 0.016927083333333332