0 0.8554557291666667 0.3697395833333333 0.21492187499999993 0.20941406250000005
0 0.30712239583333334 0.5020052083333333 0.09919270833333338 0.0771484375
0 0.08117187500000005 0.3256510416666667 0.06613281249999999 0.0551041666666667
0 0.1307682291666666 0.8547005208333333 0.04408854166666668 0.044088541666666536
0 0.7005208333333334 0.9791666666666666 0.059895833333333336 0.041666666666666664
0 0.9485677083333334 0.9928385416666666 0.037760416666666664 0.014322916666666666
0 0.4255989583333332 0.16170572916666667 0.027552083333333293 0.024804687500000016
0 0.03983072916666671 0.022552083333333323 0.03858072916666666 0.03305989583333333
0 0.7890625 0.013671875 0.0390625 0.02734375
0 0.830078125 0.006510416666666667 0.032552083333333336 0.013020833333333334
0 0.05636718749999995 0.9511458333333334 0.027552083333333328 0.02755208333333344
0 0.9353645833333332 0.5901822916666667 0.033059895833333464 0.03305989583333332
0 0.9298567708333335 0.8299088541666667 0.022044270833333417 0.02755208333333344
0 0.26578125 0.62875 0.03858072916666666 0.03305989583333332
0 0.21342447916666663 0.5791536458333333 0.02204427083333334 0.022044270833333268
0 0.6488020833333333 0.5350651041666666 0.022044270833333268 0.022044270833333268
0 0.43937500000000007 0.3366796875 0.022044270833333268 0.022044270833333306
0 0.013671875 0.125 0.02734375 0.0390625
0 0.4680989583333333 0.015729166666666683 0.026523437500000007 0.03046875
0 0.4163802083333333 0.7611067708333333 0.030989583333333275 0.027499999999999858
0 0.35647135416666664 0.3966145833333334 0.030208333333333393 0.02959635416666669
0 0.16574218749999994 0.05567708333333332 0.028203125000000013 0.024804687499999995
0 0.6012369791666666 0.6034765625 0.032382812500000004 0.03035156249999993
0 0.8088411458333334 0.8016536458333333 0.034661458333333194 0.036093750000000036
0 0.8316015625000001 0.9230468749999999 0.03553385416666662 0.04076822916666659
0 0.8548177083333334 0.9837239583333334 0.024739583333333332 0.032552083333333336
0 0.7744791666666666 0.8990494791666667 0.029166666666666785 0.029986979166666632
0 0.6230729166666666 0.8411328125 0.03819010416666672 0.0406510416666667
0 0.994140625 0.9576822916666666 0.01171875 0.045572916666666664