0 0.7721354166666666 0.3971354166666667 0.018229166666666668 0.020833333333333332
0 0.6184895833333334 0.3131510416666667 0.14322916666666666 0.15755208333333334
0 0.66015625 0.4153645833333333 0.078125 0.0703125
0 0.4798177083333333 0.23307291666666666 0.048177083333333336 0.044270833333333336
0 0.501953125 0.2975260416666667 0.016927083333333332 0.009114583333333334
0 0.44921875 0.14973958333333334 0.026041666666666668 0.026041666666666668
0 0.3815104166666667 0.15885416666666666 0.020833333333333332 0.018229166666666668
0 0.4309895833333333 0.25390625 0.015625 0.013020833333333334
0 0.419921875 0.37890625 0.01953125 0.013020833333333334
0 0.2805989583333333 0.251953125 0.055989583333333336 0.061197916666666664
0 0.3170572916666667 0.1640625 0.022135416666666668 0.026041666666666668
0 0.6165364583333334 0.5501302083333334 0.022135416666666668 0.01953125
0 0.6067708333333334 0.873046875 0.036458333333333336 0.037760416666666664
0 0.22721354166666666 0.623046875 0.05078125 0.061197916666666664
0 0.45703125 0.7819010416666666 0.041666666666666664 0.05078125
0 0.4459635416666667 0.9342447916666666 0.01953125 0.01953125
0 0.767578125 0.673828125 0.024739583333333332 0.01953125
0 0.7662760416666666 0.56640625 0.016927083333333332 0.013020833333333334
0 0.986328125 0.9361979166666666 0.01953125 0.0234375
0 0.9127604166666666 0.6510416666666666 0.171875 0.234375
0 0.8984375 0.2734375 0.1953125 0.2734375
0 0.5983072916666666 0.22135416666666666 0.05078125 0.052083333333333336
0 0.2890625 0.6653645833333334 0.026041666666666668 0.026041666666666668
0 0.24479166666666666 0.7942708333333334 0.0546875 0.052083333333333336
0 0.2604166666666667 0.7467447916666666 0.026041666666666668 0.029947916666666668
0 0.14453125 0.20182291666666666 0.028645833333333332 0.026041666666666668
0 0.361328125 0.955078125 0.05859375 0.048177083333333336
0 0.18359375 0.5631510416666666 0.036458333333333336 0.032552083333333336
0 0.6653645833333334 0.80078125 0.015625 0.013020833333333334
0 0.4602864583333333 0.4921875 0.016927083333333332 0.018229166666666668
0 0.5592447916666666 0.6315104166666666 0.05078125 0.052083333333333336
0 0.46484375 0.6901041666666666 0.24739583333333334 0.2734375
0 0.93359375 0.8177083333333334 0.033854166666666664 0.03125
0 0.09375 0.9244791666666666 0.03125 0.026041666666666668
0 0.052083333333333336 0.09114583333333333 0.09114583333333333 0.1171875
0 0.052083333333333336 0.9583333333333334 0.020833333333333332 0.015625
0 0.059895833333333336 0.8899739583333334 0.028645833333333332 0.022135416666666668
0 0.035807291666666664 0.9303385416666666 0.01953125 0.01953125
0 0.033854166666666664 0.8528645833333334 0.0546875 0.06510416666666667
0 0.3704427083333333 0.8567708333333334 0.040364583333333336 0.046875
0 0.2916666666666667 0.9837239583333334 0.020833333333333332 0.016927083333333332
0 0.6940104166666666 0.6041666666666666 0.018229166666666668 0.018229166666666668
0 0.7467447916666666 0.8958333333333334 0.03515625 0.033854166666666664
0 0.806640625 0.8151041666666666 0.040364583333333336 0.028645833333333332