0 0.9231770833333334 0.4680989583333333 0.0390625 0.040364583333333336
0 0.6373697916666666 0.5397135416666666 0.12109375 0.12630208333333334
0 0.8990885416666666 0.70703125 0.045572916666666664 0.052083333333333336
0 0.2955729166666667 0.12044270833333333 0.0546875 0.055989583333333336
0 0.028645833333333332 0.08919270833333333 0.0234375 0.02734375
0 0.08203125 0.95703125 0.0390625 0.036458333333333336
0 0.556640625 0.7819010416666666 0.055989583333333336 0.061197916666666664
0 0.462890625 0.259765625 0.022135416666666668 0.024739583333333332
0 0.5091145833333334 0.2955729166666667 0.0234375 0.0234375
0 0.7805989583333334 0.6354166666666666 0.022135416666666668 0.026041666666666668
0 0.9010416666666666 0.5904947916666666 0.018229166666666668 0.016927083333333332
0 0.861328125 0.5143229166666666 0.02734375 0.026041666666666668
0 0.669921875 0.9798177083333334 0.02734375 0.02734375
0 0.3131510416666667 0.5735677083333334 0.01953125 0.01953125
0 0.8932291666666666 0.80859375 0.026041666666666668 0.028645833333333332
0 0.3873697916666667 0.865234375 0.01953125 0.01953125
0 0.21549479166666666 0.8346354166666666 0.20182291666666666 0.1875
0 0.2649739583333333 0.9622395833333334 0.016927083333333332 0.018229166666666668
0 0.24088541666666666 0.9635416666666666 0.018229166666666668 0.018229166666666668
0 0.8411458333333334 0.1953125 0.015625 0.018229166666666668
0 0.6764322916666666 0.6087239583333334 0.022135416666666668 0.02734375
0 0.681640625 0.12109375 0.016927083333333332 0.015625
0 0.3203125 0.2838541666666667 0.015625 0.015625
0 0.22200520833333334 0.4973958333333333 0.016927083333333332 0.015625
0 0.3444010416666667 0.71875 0.029947916666666668 0.028645833333333332
0 0.71875 0.7408854166666666 0.015625 0.018229166666666668
0 0.11067708333333333 0.36328125 0.018229166666666668 0.018229166666666668
0 0.0078125 0.22200520833333334 0.015625 0.01953125
0 0.046223958333333336 0.337890625 0.01953125 0.01953125
0 0.018229166666666668 0.7122395833333334 0.036458333333333336 0.0546875
0 0.171875 0.958984375 0.11197916666666667 0.08203125
0 0.23046875 0.8990885416666666 0.018229166666666668 0.01953125
0 0.326171875 0.84765625 0.014322916666666666 0.018229166666666668
0 0.06705729166666667 0.83203125 0.01171875 0.010416666666666666
0 0.028645833333333332 0.4348958333333333 0.013020833333333334 0.010416666666666666
0 0.1171875 0.556640625 0.015625 0.014322916666666666