0 0.666015625 0.291015625 0.02734375 0.022135416666666668
0 0.728515625 0.556640625 0.01953125 0.01953125
0 0.845703125 0.72265625 0.01953125 0.013020833333333334
0 0.8450520833333334 0.3678385416666667 0.044270833333333336 0.05859375
0 0.9479166666666666 0.2649739583333333 0.1015625 0.26953125
0 0.890625 0.029947916666666668 0.0703125 0.046875
0 0.4596354166666667 0.024088541666666668 0.041666666666666664 0.04296875
0 0.3704427083333333 0.05859375 0.045572916666666664 0.0390625
0 0.16927083333333334 0.07486979166666667 0.041666666666666664 0.032552083333333336
0 0.24674479166666666 0.010416666666666666 0.032552083333333336 0.018229166666666668
0 0.3352864583333333 0.7018229166666666 0.03515625 0.028645833333333332
0 0.033203125 0.8639322916666666 0.029947916666666668 0.029947916666666668
0 0.048177083333333336 0.74609375 0.026041666666666668 0.03125
0 0.031901041666666664 0.697265625 0.01953125 0.014322916666666666
0 0.5475260416666666 0.9505208333333334 0.016927083333333332 0.013020833333333334
0 0.8411458333333334 0.9055989583333334 0.026041666666666668 0.024739583333333332
0 0.7962239583333334 0.8268229166666666 0.014322916666666666 0.013020833333333334
0 0.8033854166666666 0.625 0.06510416666666667 0.052083333333333336
0 0.8404947916666666 0.4915364583333333 0.016927083333333332 0.01953125
0 0.5299479166666666 0.3509114583333333 0.018229166666666668 0.014322916666666666
0 0.35546875 0.525390625 0.010416666666666666 0.016927083333333332
0 0.4108072916666667 0.6640625 0.016927083333333332 0.013020833333333334
0 0.3118489583333333 0.72265625 0.01953125 0.013020833333333334
0 0.3001302083333333 0.70703125 0.016927083333333332 0.018229166666666668
0 0.4557291666666667 0.13020833333333334 0.018229166666666668 0.020833333333333332
0 0.650390625 0.12890625 0.01953125 0.020833333333333332
0 0.6158854166666666 0.9212239583333334 0.015625 0.006510416666666667
0 0.548828125 0.7174479166666666 0.024739583333333332 0.015625
0 0.3391927083333333 0.20572916666666666 0.016927083333333332 0.018229166666666668
0 0.3815104166666667 0.400390625 0.010416666666666666 0.01171875
0 0.07356770833333333 0.0390625 0.14713541666666666 0.07552083333333333
0 0.18619791666666666 0.8287760416666666 0.018229166666666668 0.014322916666666666
0 0.24934895833333334 0.8912760416666666 0.014322916666666666 0.014322916666666666
0 0.447265625 0.5651041666666666 0.014322916666666666 0.015625