0 0.3815104166666667 0.6979166666666666 0.11197916666666667 0.12239583333333333
0 0.6842447916666666 0.6575520833333334 0.11979166666666667 0.13541666666666666
0 0.9654947916666666 0.3776041666666667 0.06901041666666667 0.08072916666666667
0 0.640625 0.030598958333333332 0.06510416666666667 0.061197916666666664
0 0.20768229166666666 0.7389322916666666 0.4153645833333333 0.5221354166666666
0 0.453125 0.23111979166666666 0.10416666666666667 0.13541666666666666
0 0.047526041666666664 0.23958333333333334 0.09505208333333333 0.1484375
0 0.9602864583333334 0.4921875 0.07942708333333333 0.1015625
0 0.19140625 0.4453125 0.044270833333333336 0.059895833333333336
0 0.7897135416666666 0.16080729166666666 0.044270833333333336 0.052083333333333336
0 0.296875 0.294921875 0.078125 0.044270833333333336
0 0.5826822916666666 0.4505208333333333 0.078125 0.0703125
0 0.7376302083333334 0.263671875 0.049479166666666664 0.0390625
0 0.794921875 0.6263020833333334 0.049479166666666664 0.057291666666666664
0 0.9798177083333334 0.69921875 0.040364583333333336 0.09375
0 0.9694010416666666 0.1171875 0.032552083333333336 0.03125
0 0.177734375 0.4811197916666667 0.037760416666666664 0.036458333333333336
0 0.19270833333333334 0.1640625 0.026041666666666668 0.03125
0 0.031901041666666664 0.3014322916666667 0.03515625 0.03125
0 0.034505208333333336 0.18098958333333334 0.033854166666666664 0.02734375
0 0.0078125 0.3600260416666667 0.015625 0.053385416666666664
0 0.912109375 0.6282552083333334 0.11067708333333333 0.11458333333333333
0 0.9934895833333334 0.59765625 0.013020833333333334 0.028645833333333332
0 0.9661458333333334 0.5553385416666666 0.0390625 0.036458333333333336
0 0.057942708333333336 0.4505208333333333 0.03515625 0.04296875
0 0.2662760416666667 0.4557291666666667 0.046875 0.04296875