0 0.07486979166666667 0.043619791666666664 0.14973958333333334 0.08723958333333333
0 0.8290755208333334 0.6110416666666666 0.10860677083333344 0.1148697916666667
0 0.7807812500000001 0.2521484375 0.0938671874999999 0.09649739583333335
0 0.9422786458333334 0.5850520833333334 0.0708593750000001 0.07404947916666667
0 0.05502604166666666 0.4347265625 0.04860677083333333 0.05613281250000002
0 0.3166666666666667 0.17723958333333334 0.05105468750000001 0.05455729166666665
0 0.43231770833333333 0.21377604166666667 0.04240885416666673 0.0433333333333333
0 0.16449218750000005 0.2851692708333333 0.03687499999999999 0.03975260416666663
0 0.14979166666666663 0.05740885416666667 0.032265625 0.03438802083333333
0 0.5540104166666667 0.958515625 0.04953124999999995 0.05089843749999989
0 0.20613281249999993 0.7477994791666666 0.040195312500000004 0.042408854166666586
0 0.3161979166666667 0.8835807291666667 0.061276041666666635 0.0647005208333334
0 0.9837239583333334 0.17252604166666666 0.032552083333333336 0.053385416666666664
0 0.7023307291666668 0.9218359375 0.03739583333333337 0.04076822916666659
0 0.6051041666666667 0.5483723958333333 0.04011718749999993 0.04533854166666673
0 0.8545182291666666 0.23484375000000002 0.03299479166666656 0.03212239583333335
0 0.5794010416666667 0.371875 0.029648437499999975 0.02716145833333335
0 0.5640755208333333 0.8874609375000001 0.03247395833333341 0.03527343749999989
0 0.994140625 0.9765625 0.01171875 0.0390625
0 0.8944661458333334 0.16950520833333335 0.027317708333333357 0.029804687499999982
0 0.6382291666666667 0.1374609375 0.03570312499999995 0.03822916666666668
0 0.11247395833333333 0.30312500000000003 0.02957031250000001 0.034752604166666666
0 0.9589973958333333 0.4720442708333333 0.05595052083333337 0.052643229166666604
0 0.8216927083333333 0.9442838541666667 0.030598958333333332 0.02988281250000006
0 0.2854166666666667 0.6871614583333333 0.030117187499999993 0.034583333333333265