0 0.248046875 0.4401041666666667 0.024739583333333332 0.026041666666666668
0 0.20247395833333334 0.5963541666666666 0.024739583333333332 0.026041666666666668
0 0.09895833333333333 0.6686197916666666 0.036458333333333336 0.037760416666666664
0 0.007161458333333333 0.5774739583333334 0.01171875 0.024739583333333332
0 0.06510416666666667 0.16341145833333334 0.0390625 0.032552083333333336
0 0.14388020833333334 0.23111979166666666 0.024739583333333332 0.022135416666666668
0 0.20182291666666666 0.3430989583333333 0.026041666666666668 0.02734375
0 0.13020833333333334 0.3971354166666667 0.018229166666666668 0.015625
0 0.06510416666666667 0.4127604166666667 0.013020833333333334 0.010416666666666666
0 0.65625 0.19921875 0.09635416666666667 0.10416666666666667
0 0.3430989583333333 0.018880208333333332 0.048177083333333336 0.03515625
0 0.4114583333333333 0.018880208333333332 0.0234375 0.022135416666666668
0 0.056640625 0.111328125 0.016927083333333332 0.01953125
0 0.3424479166666667 0.17643229166666666 0.046875 0.045572916666666664
0 0.5638020833333334 0.20442708333333334 0.059895833333333336 0.0546875
0 0.404296875 0.46875 0.022135416666666668 0.0234375
0 0.3059895833333333 0.533203125 0.14322916666666666 0.15234375
0 0.2734375 0.244140625 0.06510416666666667 0.055989583333333336
0 0.6608072916666666 0.3736979166666667 0.032552083333333336 0.036458333333333336
0 0.646484375 0.4342447916666667 0.02734375 0.02734375
0 0.5625 0.416015625 0.020833333333333332 0.016927083333333332
0 0.599609375 0.6451822916666666 0.17057291666666666 0.17578125
0 0.9127604166666666 0.4895833333333333 0.015625 0.013020833333333334
0 0.65234375 0.78125 0.028645833333333332 0.03125
0 0.53515625 0.95703125 0.06770833333333333 0.049479166666666664
0 0.625 0.982421875 0.03125 0.02734375
0 0.3125 0.8997395833333334 0.013020833333333334 0.018229166666666668
0 0.9765625 0.5833333333333334 0.0390625 0.052083333333333336
0 0.76171875 0.7727864583333334 0.052083333333333336 0.05078125
0 0.8723958333333334 0.7506510416666666 0.06510416666666667 0.05859375
0 0.6002604166666666 0.8782552083333334 0.013020833333333334 0.016927083333333332
0 0.7584635416666666 0.2513020833333333 0.01953125 0.013020833333333334
0 0.7389322916666666 0.005859375 0.01953125 0.009114583333333334
0 0.17708333333333334 0.7701822916666666 0.015625 0.014322916666666666
0 0.099609375 0.8645833333333334 0.01171875 0.015625
0 0.267578125 0.07161458333333333 0.053385416666666664 0.049479166666666664
0 0.490234375 0.4016927083333333 0.014322916666666666 0.014322916666666666
0 0.5032552083333334 0.43359375 0.014322916666666666 0.013020833333333334
0 0.8138020833333334 0.2682291666666667 0.013020833333333334 0.013020833333333334
0 0.6549479166666666 0.2877604166666667 0.018229166666666668 0.0078125
0 0.8509114583333334 0.4635416666666667 0.014322916666666666 0.015625
0 0.08463541666666667 0.7526041666666666 0.015625 0.015625
0 0.15234375 0.5735677083333334 0.013020833333333334 0.014322916666666666
0 0.16861979166666666 0.5813802083333334 0.014322916666666666 0.01171875
0 0.3782552083333333 0.3268229166666667 0.016927083333333332 0.013020833333333334
0 0.51953125 0.2734375 0.015625 0.013020833333333334
0 0.03515625 0.75 0.06770833333333333 0.1640625
0 0.08333333333333333 0.9427083333333334 0.010416666666666666 0.010416666666666666
0 0.6497395833333334 0.8938802083333334 0.010416666666666666 0.009114583333333334
0 0.6731770833333334 0.779296875 0.018229166666666668 0.01953125
0 0.9244791666666666 0.4114583333333333 0.010416666666666666 0.010416666666666666
0 0.7682291666666666 0.11588541666666667 0.013020833333333334 0.015625
0 0.552734375 0.21549479166666666 0.014322916666666666 0.01171875
0 0.9134114583333334 0.765625 0.014322916666666666 0.013020833333333334