0 0.36670572916666666 0.84375 0.01484374999999997 0.013281250000000059
0 0.7958984375 0.095703125 0.011471354166666595 0.00997395833333333
0 0.5439453125 0.20641927083333333 0.011289062499999947 0.01049479166666667
0 0.5478515625 0.2509765625 0.011510416666666709 0.010325520833333343
0 0.47631510416666667 0.3369140625 0.009856770833333398 0.009453124999999988
0 0.11084635416666666 0.31713541666666667 0.012148437500000017 0.01098958333333333
0 0.43529947916666667 0.34326822916666666 0.011731770833333321 0.010859375000000041
0 0.25830729166666666 0.37061197916666666 0.010859374999999968 0.010651041666666602
0 0.8696354166666667 0.880859375 0.015299479166666666 0.013906250000000083
0 0.9384765625 0.4658203125 0.010208333333333227 0.009192708333333263
0 0.43236979166666667 0.548828125 0.010690104166666714 0.010130208333333298
0 0.8335026041666667 0.63671875 0.011419270833333309 0.010403645833333345
0 0.6694401041666667 0.09173177083333334 0.027526041666666723 0.023958333333333342
0 0.5288151041666667 0.37084635416666667 0.01307291666666662 0.011380208333333345
0 0.5078125 0.2861328125 0.01200520833333337 0.011197916666666696
0 0.040625 0.16833333333333333 0.010208333333333328 0.009166666666666675
0 0.1055859375 0.09009114583333333 0.010690104166666678 0.009192708333333336
0 0.9672916666666667 0.5234375 0.010169270833333263 0.008945312500000005
0 0.7788151041666667 0.19360677083333333 0.01125000000000013 0.01024739583333334
0 0.7797916666666667 0.7827213541666667 0.009817708333333286 0.009414062500000023
0 0.10821614583333333 0.408203125 0.011158854166666657 0.01045572916666663
0 0.8618229166666667 0.6001041666666667 0.013632812500000036 0.012669270833333357
0 0.8833072916666667 0.21838541666666667 0.01053385416666656 0.00947916666666663
0 0.5693359375 0.5551822916666667 0.015677083333333286 0.013841145833333327
0 0.2060546875 0.40479166666666666 0.026263020833333355 0.023020833333333268
0 0.1483203125 0.23950520833333333 0.016341145833333348 0.013632812500000036
0 0.06131510416666667 0.275390625 0.009817708333333341 0.00898437499999997
0 0.10522135416666667 0.484375 0.010130208333333335 0.009453124999999988
0 0.7006901041666667 0.32080729166666666 0.011731770833333321 0.01005208333333337
0 0.9663151041666667 0.7016666666666667 0.011874999999999858 0.010494791666666595
0 0.5210026041666667 0.19483072916666666 0.012669270833333357 0.011510416666666634
0 0.231328125 0.5234375 0.011380208333333345 0.011067708333333334
0 0.22131510416666667 0.30541666666666667 0.01005208333333337 0.009374999999999986
0 0.53125 0.6225651041666667 0.011549479166666673 0.011289062499999947
0 0.13623697916666666 0.054296875 0.009296874999999982 0.008476562500000007
0 0.6372135416666667 0.7182682291666667 0.012929687499999934 0.011914062500000119
0 0.40381510416666666 0.44604166666666667 0.009296874999999982 0.008645833333333316
0 0.671875 0.2264453125 0.010533854166666634 0.009674479166666675
0 0.19640625 0.36182291666666666 0.013789062499999968 0.012148437500000053
0 0.6923828125 0.11395833333333333 0.010820312499999929 0.009778645833333321
0 0.9370182291666667 0.26026041666666666 0.017513020833333393 0.015546874999999996
0 0.5576171875 0.54296875 0.010572916666666673 0.010130208333333298
0 0.5751953125 0.11298177083333333 0.1217057291666667 0.106328125
0 0.7788151041666667 0.12213541666666666 0.010169270833333263 0.009192708333333336
0 0.7026432291666667 0.30834635416666667 0.01151041666666656 0.010286458333333304
0 0.49170572916666666 0.369140625 0.009596354166666673 0.008945312500000005
0 0.107421875 0.0584375 0.009479166666666669 0.00854166666666667
0 0.9379947916666667 0.061888020833333335 0.009596354166666524 0.008710937499999996
0 0.7475651041666667 0.9419010416666667 0.013476562499999881 0.012421874999999952
0 0.162109375 0.30493489583333333 0.009414062500000006 0.008645833333333316
0 0.9580078125 0.32104166666666667 0.02606770833333331 0.022083333333333306
0 0.24145833333333333 0.04376302083333333 0.010169270833333336 0.008815104166666662
0 0.7036197916666667 0.9541015625 0.010403645833333345 0.009817708333333286
0 0.3388671875 0.8090885416666667 0.008619791666666673 0.008854166666666607
0 0.11395833333333333 0.3642578125 0.009635416666666674 0.008736979166666714
0 0.39184895833333333 0.18701822916666666 0.021458333333333357 0.01976562500000001
0 0.3701171875 0.8911197916666667 0.024088541666666668 0.021458333333333357
0 0.8745182291666667 0.3095703125 0.005716145833333464 0.005039062500000006
0 0.849609375 0.48119791666666667 0.08416666666666679 0.072265625
0 0.39037760416666667 0.15600260416666667 0.010820312499999929 0.00997395833333333
0 0.6611328125 0.7797916666666667 0.005585937499999953 0.005364583333333191
0 0.8486328125 0.8725651041666667 0.009062500000000048 0.009062500000000048
0 0.9976171875 0.1756640625 0.0018619791666667496 0.005781249999999997
0 0.5483463541666667 0.9165104166666667 0.011471354166666595 0.010611979166666785
0 0.8671875 0.8056640625 0.0051953125000000116 0.0054166666666667735
0 0.5078125 0.6767578125 0.009192708333333263 0.009518229166666595
0 0.48315104166666667 0.8862369791666667 0.009088541666666691 0.009062500000000048
0 0.5048828125 0.7475651041666667 0.004973958333333399 0.005455729166666738
0 0.9370182291666667 0.1993359375 0.009127604166666655 0.0083463541666667
0 0.7426822916666667 0.45434895833333333 0.028268229166666714 0.02522135416666667
0 0.6220703125 0.9096744791666667 0.016848958333333403 0.014843750000000119
0 0.15515625 0.9560546875 0.005286458333333337 0.005234374999999976
0 0.703125 0.0060546875 0.012526041666666524 0.010611979166666669
0 0.053411458333333335 0.6001041666666667 0.005625000000000009 0.005625000000000065
0 0.42309895833333333 0.4052734375 0.008815104166666643 0.008125000000000012
0 0.466796875 0.875 0.005169270833333369 0.005260416666666619
0 0.038450520833333335 0.051458333333333335 0.06670572916666666 0.0609765625
0 0.1650390625 0.6137760416666667 0.01861979166666668 0.018098958333333304
0 0.5170963541666667 0.46459635416666667 0.10723958333333335 0.09722656249999995
0 0.012721354166666666 0.8627994791666667 0.024427083333333332 0.024479166666666607
0 0.06927083333333334 0.9477604166666667 0.00977864583333334 0.008815104166666643
0 0.7734375 0.6616276041666667 0.0322265625 0.030338541666666607
0 0.728515625 0.04903645833333333 0.01316406249999987 0.014010416666666673
0 0.9887760416666667 0.36157552083333333 0.00955729166666656 0.008919270833333362
0 0.595703125 0.9375 0.021992187499999982 0.018828125000000046
0 0.09790364583333333 0.6655338541666667 0.06408854166666667 0.06052083333333336
0 0.31763020833333333 0.5771484375 0.00809895833333337 0.011158854166666732
0 0.32006510416666667 0.6533203125 0.0341796875 0.04076822916666659
0 0.42016927083333333 0.76953125 0.03704427083333339 0.03442708333333341
0 0.5669010416666667 0.890625 0.03796874999999996 0.03656249999999991
0 0.239140625 0.5620182291666667 0.010286458333333304 0.014726562499999929
0 0.5688541666666667 0.05319010416666667 0.015078125000000053 0.015546874999999996
0 0.5883854166666667 0.29834635416666666 0.03066406249999994 0.02790364583333334
0 0.6015625 0.0476953125 0.02686197916666666 0.025325520833333337
0 0.9443359375 0.955078125 0.009518229166666595 0.00828124999999987
0 0.8608463541666667 0.5341796875 0.04751302083333334 0.03753906250000005
0 0.2138671875 0.6547916666666667 0.03949218749999998 0.05654947916666667
0 0.33764322916666667 0.9580078125 0.012096354166666656 0.014010416666666655
0 0.37572916666666667 0.07684895833333333 0.17078124999999997 0.1485546875
0 0.034765625 0.8540104166666667 0.06708333333333334 0.06915364583333321
0 0.98828125 0.8549869791666667 0.013372395833333309 0.014335937499999988
0 0.9964713541666667 0.8564453125 0.007057291666666761 0.010898437499999858
0 0.35083333333333333 0.5263671875 0.05749999999999996 0.060091145833333304
0 0.21984375 0.2088671875 0.13097656249999998 0.11084635416666666
0 0.233515625 0.83984375 0.11841145833333333 0.08770833333333321
0 0.24450520833333333 0.06854166666666667 0.07964843750000002 0.08434895833333333