0 0.8912760416666666 0.4127604166666667 0.05859375 0.0546875
0 0.5358072916666666 0.13151041666666666 0.03515625 0.036458333333333336
0 0.556640625 0.1796875 0.14192708333333334 0.1328125
0 0.21614583333333334 0.5416666666666666 0.1484375 0.15625
0 0.13346354166666666 0.53515625 0.022135416666666668 0.0234375
0 0.3033854166666667 0.5305989583333334 0.018229166666666668 0.01953125
0 0.3444010416666667 0.7180989583333334 0.037760416666666664 0.037760416666666664
0 0.16927083333333334 0.6861979166666666 0.09114583333333333 0.08854166666666667
0 0.24674479166666666 0.791015625 0.06901041666666667 0.061197916666666664
0 0.5065104166666666 0.9459635416666666 0.13802083333333334 0.10807291666666667
0 0.0234375 0.9055989583333334 0.0390625 0.037760416666666664
0 0.16927083333333334 0.94140625 0.044270833333333336 0.044270833333333336
0 0.6790364583333334 0.779296875 0.032552083333333336 0.032552083333333336
0 0.4192708333333333 0.333984375 0.026041666666666668 0.024739583333333332
0 0.48046875 0.3984375 0.033854166666666664 0.033854166666666664
0 0.6842447916666666 0.22786458333333334 0.016927083333333332 0.018229166666666668
0 0.779296875 0.46875 0.02734375 0.028645833333333332
0 0.7154947916666666 0.4850260416666667 0.022135416666666668 0.022135416666666668
0 0.7486979166666666 0.5833333333333334 0.0234375 0.0234375
0 0.7493489583333334 0.6953125 0.024739583333333332 0.026041666666666668
0 0.953125 0.7727864583333334 0.028645833333333332 0.03515625
0 0.44921875 0.578125 0.018229166666666668 0.018229166666666668
0 0.955078125 0.83984375 0.06380208333333333 0.06510416666666667
0 0.875 0.9401041666666666 0.041666666666666664 0.044270833333333336
0 0.6321614583333334 0.892578125 0.02734375 0.02734375
0 0.6796875 0.646484375 0.015625 0.014322916666666666
0 0.7259114583333334 0.9557291666666666 0.016927083333333332 0.018229166666666668
0 0.7669270833333334 0.9694010416666666 0.015625 0.014322916666666666
0 0.15169270833333334 0.09505208333333333 0.016927083333333332 0.015625
0 0.08528645833333333 0.4127604166666667 0.01953125 0.018229166666666668
0 0.2682291666666667 0.17447916666666666 0.013020833333333334 0.010416666666666666
0 0.7115885416666666 0.0625 0.022135416666666668 0.018229166666666668
0 0.55078125 0.4576822916666667 0.013020833333333334 0.01171875
0 0.9114583333333334 0.3014322916666667 0.020833333333333332 0.01953125
0 0.6868489583333334 0.7421875 0.024739583333333332 0.0234375
0 0.7356770833333334 0.7565104166666666 0.015625 0.018229166666666668
0 0.12890625 0.7845052083333334 0.015625 0.016927083333333332
0 0.050130208333333336 0.732421875 0.01171875 0.009114583333333334
0 0.17252604166666666 0.018229166666666668 0.016927083333333332 0.015625
0 0.17122395833333334 0.2532552083333333 0.037760416666666664 0.03515625
0 0.4375 0.630859375 0.010416666666666666 0.01171875
0 0.2643229166666667 0.84765625 0.015625 0.015625
0 0.298828125 0.9192708333333334 0.014322916666666666 0.013020833333333334
0 0.2858072916666667 0.8463541666666666 0.009114583333333334 0.010416666666666666
0 0.5729166666666666 0.3268229166666667 0.11458333333333333 0.109375
0 0.5071614583333334 0.2578125 0.016927083333333332 0.018229166666666668
0 0.4720052083333333 0.21484375 0.016927083333333332 0.013020833333333334
0 0.3802083333333333 0.43359375 0.010416666666666666 0.013020833333333334
0 0.3444010416666667 0.4401041666666667 0.009114583333333334 0.0078125
0 0.6282552083333334 0.783203125 0.009114583333333334 0.01171875
0 0.5481770833333334 0.6022135416666666 0.0078125 0.009114583333333334
0 0.5846354166666666 0.5970052083333334 0.010416666666666666 0.01171875