0 0.7923177083333334 0.5325520833333334 0.048177083333333336 0.059895833333333336
0 0.6412760416666666 0.8411458333333334 0.08463541666666667 0.09375
0 0.4212239583333333 0.2877604166666667 0.055989583333333336 0.06770833333333333
0 0.50390625 0.18359375 0.018229166666666668 0.015625
0 0.9368489583333334 0.046223958333333336 0.040364583333333336 0.05078125
0 0.796875 0.271484375 0.033854166666666664 0.032552083333333336
0 0.9205729166666666 0.16341145833333334 0.020833333333333332 0.02734375
0 0.3040364583333333 0.56640625 0.03515625 0.0390625
0 0.4973958333333333 0.9420572916666666 0.059895833333333336 0.055989583333333336
0 0.30078125 0.8528645833333334 0.09375 0.09114583333333333
0 0.21809895833333334 0.8678385416666666 0.032552083333333336 0.024739583333333332
0 0.06966145833333333 0.08072916666666667 0.029947916666666668 0.026041666666666668
0 0.2858072916666667 0.046875 0.014322916666666666 0.0234375
0 0.14192708333333334 0.5345052083333334 0.020833333333333332 0.014322916666666666
0 0.28125 0.6686197916666666 0.015625 0.016927083333333332
0 0.7643229166666666 0.2649739583333333 0.018229166666666668 0.016927083333333332
0 0.0078125 0.5618489583333334 0.015625 0.024739583333333332
0 0.6380208333333334 0.2630208333333333 0.015625 0.013020833333333334
0 0.8802083333333334 0.9388020833333334 0.018229166666666668 0.015625
0 0.078125 0.9947916666666666 0.028645833333333332 0.010416666666666666
0 0.09505208333333333 0.3834635416666667 0.013020833333333334 0.014322916666666666
0 0.103515625 0.7688802083333334 0.016927083333333332 0.014322916666666666
0 0.11783854166666667 0.06966145833333333 0.014322916666666666 0.01171875