0 0.9375 0.2923177083333333 0.125 0.3606770833333333
0 0.4622395833333333 0.353515625 0.17057291666666666 0.1953125
0 0.6653645833333334 0.041015625 0.2109375 0.08203125
0 0.05078125 0.029947916666666668 0.1015625 0.059895833333333336
0 0.57421875 0.9537760416666666 0.203125 0.09244791666666667
0 0.3177083333333333 0.853515625 0.13541666666666666 0.15234375
0 0.9752604166666666 0.916015625 0.049479166666666664 0.07161458333333333
0 0.888671875 0.9622395833333334 0.053385416666666664 0.057291666666666664
0 0.7220052083333334 0.8841145833333334 0.05078125 0.052083333333333336
0 0.7962239583333334 0.8268229166666666 0.05078125 0.049479166666666664
0 0.552734375 0.783203125 0.036458333333333336 0.036458333333333336
0 0.7454427083333334 0.7154947916666666 0.033854166666666664 0.033854166666666664
0 0.8561197916666666 0.8118489583333334 0.036458333333333336 0.033854166666666664
0 0.12369791666666667 0.5611979166666666 0.052083333333333336 0.055989583333333336
0 0.013671875 0.7154947916666666 0.02734375 0.029947916666666668
0 0.3893229166666667 0.9895833333333334 0.078125 0.020833333333333332
0 0.2890625 0.12890625 0.265625 0.2578125
0 0.3502604166666667 0.21744791666666666 0.0546875 0.0546875
0 0.4381510416666667 0.10807291666666667 0.048177083333333336 0.049479166666666664
0 0.5403645833333334 0.4889322916666667 0.036458333333333336 0.0390625
0 0.7272135416666666 0.5989583333333334 0.049479166666666664 0.057291666666666664
0 0.853515625 0.5807291666666666 0.03515625 0.03125
0 0.8274739583333334 0.4622395833333333 0.033854166666666664 0.040364583333333336
0 0.94921875 0.4720052083333333 0.03515625 0.032552083333333336
0 0.8463541666666666 0.3782552083333333 0.03125 0.029947916666666668
0 0.6822916666666666 0.3359375 0.037760416666666664 0.029947916666666668
0 0.5475260416666666 0.11653645833333333 0.053385416666666664 0.044270833333333336
0 0.6223958333333334 0.72265625 0.048177083333333336 0.052083333333333336
0 0.2682291666666667 0.5579427083333334 0.06640625 0.06510416666666667
0 0.6764322916666666 0.21809895833333334 0.02734375 0.03125
0 0.8391927083333334 0.142578125 0.028645833333333332 0.022135416666666668