0 0.681640625 0.302734375 0.02734375 0.024739583333333332
0 0.2994791666666667 0.5182291666666666 0.049479166666666664 0.0546875
0 0.5891927083333334 0.4674479166666667 0.022135416666666668 0.0234375
0 0.19856770833333334 0.052083333333333336 0.029947916666666668 0.033854166666666664
0 0.024088541666666668 0.228515625 0.04296875 0.045572916666666664
0 0.189453125 0.51953125 0.016927083333333332 0.015625
0 0.15364583333333334 0.794921875 0.020833333333333332 0.01953125
0 0.298828125 0.6927083333333334 0.024739583333333332 0.0234375
0 0.4466145833333333 0.7421875 0.19791666666666666 0.20572916666666666
0 0.3229166666666667 0.9518229166666666 0.028645833333333332 0.0234375
0 0.3899739583333333 0.9694010416666666 0.037760416666666664 0.029947916666666668
0 0.8359375 0.6295572916666666 0.0390625 0.040364583333333336
0 0.8854166666666666 0.6829427083333334 0.06510416666666667 0.055989583333333336
0 0.8111979166666666 0.7604166666666666 0.020833333333333332 0.020833333333333332
0 0.5514322916666666 0.5950520833333334 0.029947916666666668 0.0234375
0 0.22265625 0.12434895833333333 0.049479166666666664 0.045572916666666664
0 0.4388020833333333 0.21940104166666666 0.0234375 0.01953125
0 0.8014322916666666 0.12044270833333333 0.014322916666666666 0.016927083333333332
0 0.9498697916666666 0.39453125 0.024739583333333332 0.026041666666666668
0 0.052734375 0.4602864583333333 0.08984375 0.14453125
0 0.008463541666666666 0.748046875 0.014322916666666666 0.029947916666666668
0 0.07877604166666667 0.80859375 0.07682291666666667 0.07291666666666667
0 0.20638020833333334 0.462890625 0.06901041666666667 0.07161458333333333
0 0.7421875 0.4147135416666667 0.06510416666666667 0.05859375
0 0.6998697916666666 0.546875 0.14973958333333334 0.14583333333333334
0 0.7578125 0.498046875 0.026041666666666668 0.024739583333333332
0 0.11393229166666667 0.62890625 0.05859375 0.06510416666666667
0 0.236328125 0.259765625 0.05078125 0.061197916666666664
0 0.69921875 0.8151041666666666 0.020833333333333332 0.020833333333333332
0 0.9739583333333334 0.537109375 0.044270833333333336 0.05078125
0 0.3522135416666667 0.2845052083333333 0.037760416666666664 0.040364583333333336
0 0.3951822916666667 0.5559895833333334 0.06901041666666667 0.06770833333333333
0 0.560546875 0.5065104166666666 0.05078125 0.049479166666666664
0 0.53515625 0.5494791666666666 0.09375 0.08854166666666667
0 0.4967447916666667 0.16536458333333334 0.014322916666666666 0.013020833333333334
0 0.09830729166666667 0.3665364583333333 0.03515625 0.037760416666666664
0 0.6067708333333334 0.3444010416666667 0.015625 0.016927083333333332
0 0.5240885416666666 0.3040364583333333 0.014322916666666666 0.014322916666666666
0 0.8118489583333334 0.6796875 0.016927083333333332 0.015625
0 0.4270833333333333 0.09635416666666667 0.015625 0.013020833333333334
0 0.095703125 0.9915364583333334 0.022135416666666668 0.016927083333333332
0 0.5169270833333334 0.166015625 0.015625 0.014322916666666666
0 0.27734375 0.1796875 0.010416666666666666 0.010416666666666666
0 0.6217447916666666 0.046875 0.01171875 0.013020833333333334
0 0.853515625 0.7311197916666666 0.01171875 0.01171875
0 0.7708333333333334 0.8098958333333334 0.013020833333333334 0.015625