0 0.4114583333333333 0.21419270833333334 0.0234375 0.016927083333333332
0 0.07486979166666667 0.061197916666666664 0.045572916666666664 0.049479166666666664
0 0.080078125 0.3782552083333333 0.037760416666666664 0.032552083333333336
0 0.19791666666666666 0.3776041666666667 0.026041666666666668 0.0234375
0 0.5735677083333334 0.08919270833333333 0.02734375 0.024739583333333332
0 0.18294270833333334 0.5930989583333334 0.14192708333333334 0.13671875
0 0.21940104166666666 0.74609375 0.12109375 0.10416666666666667
0 0.53125 0.5442708333333334 0.018229166666666668 0.013020833333333334
0 0.505859375 0.6783854166666666 0.022135416666666668 0.03125
0 0.5052083333333334 0.7434895833333334 0.03125 0.033854166666666664
0 0.4544270833333333 0.7766927083333334 0.020833333333333332 0.01953125
0 0.3606770833333333 0.787109375 0.052083333333333336 0.048177083333333336
0 0.13020833333333334 0.9095052083333334 0.013020833333333334 0.01953125
0 0.7421875 0.62109375 0.0390625 0.041666666666666664
0 0.7630208333333334 0.6334635416666666 0.026041666666666668 0.01953125
0 0.7727864583333334 0.4407552083333333 0.09505208333333333 0.08984375
0 0.8014322916666666 0.029947916666666668 0.014322916666666666 0.013020833333333334
0 0.970703125 0.501953125 0.040364583333333336 0.09765625
0 0.9322916666666666 0.5475260416666666 0.015625 0.01953125
0 0.046223958333333336 0.8671875 0.014322916666666666 0.018229166666666668
0 0.921875 0.962890625 0.015625 0.016927083333333332
0 0.2265625 0.4153645833333333 0.015625 0.013020833333333334