0 0.6712239583333334 0.3190104166666667 0.029947916666666668 0.033854166666666664
0 0.4739583333333333 0.40234375 0.0234375 0.0234375
0 0.3860677083333333 0.33203125 0.016927083333333332 0.015625
0 0.3802083333333333 0.423828125 0.1640625 0.14192708333333334
0 0.34375 0.4348958333333333 0.015625 0.018229166666666668
0 0.2845052083333333 0.033203125 0.022135416666666668 0.024739583333333332
0 0.3463541666666667 0.024088541666666668 0.07552083333333333 0.045572916666666664
0 0.048828125 0.09700520833333333 0.01953125 0.022135416666666668
0 0.134765625 0.044921875 0.016927083333333332 0.016927083333333332
0 0.5110677083333334 0.21223958333333334 0.12369791666666667 0.1171875
0 0.60546875 0.17317708333333334 0.020833333333333332 0.020833333333333332
0 0.615234375 0.6360677083333334 0.022135416666666668 0.01953125
0 0.744140625 0.521484375 0.016927083333333332 0.016927083333333332
0 0.3385416666666667 0.6002604166666666 0.0546875 0.046875
0 0.18684895833333334 0.537109375 0.016927083333333332 0.014322916666666666
0 0.19596354166666666 0.69921875 0.016927083333333332 0.015625
0 0.10416666666666667 0.7506510416666666 0.020833333333333332 0.01953125
0 0.40625 0.7447916666666666 0.026041666666666668 0.020833333333333332
0 0.4407552083333333 0.6608072916666666 0.016927083333333332 0.016927083333333332
0 0.689453125 0.650390625 0.01953125 0.016927083333333332
0 0.6549479166666666 0.7376302083333334 0.020833333333333332 0.022135416666666668
0 0.5611979166666666 0.7903645833333334 0.2109375 0.19270833333333334
0 0.6888020833333334 0.376953125 0.07552083333333333 0.061197916666666664
0 0.515625 0.912109375 0.018229166666666668 0.016927083333333332
0 0.5690104166666666 0.9368489583333334 0.015625 0.016927083333333332
0 0.228515625 0.9583333333333334 0.07161458333333333 0.057291666666666664
0 0.63671875 0.6048177083333334 0.018229166666666668 0.014322916666666666
0 0.21549479166666666 0.4466145833333333 0.01171875 0.013020833333333334
0 0.2760416666666667 0.1640625 0.015625 0.015625
0 0.9407552083333334 0.5833333333333334 0.05859375 0.06510416666666667
0 0.7037760416666666 0.8736979166666666 0.09244791666666667 0.0859375
0 0.4622395833333333 0.5286458333333334 0.0390625 0.046875
0 0.4915364583333333 0.5045572916666666 0.14973958333333334 0.12109375
0 0.3990885416666667 0.12109375 0.014322916666666666 0.015625
0 0.3033854166666667 0.3880208333333333 0.07291666666666667 0.057291666666666664
0 0.2975260416666667 0.3404947916666667 0.014322916666666666 0.01171875
0 0.240234375 0.8678385416666666 0.014322916666666666 0.01171875
0 0.21809895833333334 0.962890625 0.02734375 0.01953125
0 0.09700520833333333 0.6868489583333334 0.01171875 0.01171875
0 0.5006510416666666 0.6061197916666666 0.014322916666666666 0.01171875
0 0.9921875 0.8287760416666666 0.015625 0.016927083333333332