0 0.333984375 0.1640625 0.06380208333333333 0.052083333333333336
0 0.48828125 0.076171875 0.026041666666666668 0.032552083333333336
0 0.30078125 0.0703125 0.015625 0.018229166666666668
0 0.57421875 0.041015625 0.015625 0.014322916666666666
0 0.953125 0.474609375 0.018229166666666668 0.022135416666666668
0 0.8958333333333334 0.8723958333333334 0.044270833333333336 0.049479166666666664
0 0.26171875 0.6087239583333334 0.0234375 0.022135416666666668
0 0.2877604166666667 0.042317708333333336 0.015625 0.009114583333333334
0 0.486328125 0.337890625 0.01953125 0.009114583333333334
0 0.8072916666666666 0.125 0.013020833333333334 0.013020833333333334
0 0.045572916666666664 0.86328125 0.013020833333333334 0.015625
0 0.7298177083333334 0.92578125 0.01171875 0.013020833333333334
0 0.04296875 0.466796875 0.010416666666666666 0.009114583333333334
0 0.072265625 0.923828125 0.01171875 0.01171875