0 0.4036458333333333 0.138671875 0.036458333333333336 0.03515625
0 0.8046875 0.048828125 0.03515625 0.03515625
0 0.8385416666666666 0.12174479166666667 0.032552083333333336 0.032552083333333336
0 0.09830729166666667 0.458984375 0.03125 0.033854166666666664
0 0.08072916666666667 0.21158854166666666 0.03125 0.032552083333333336
0 0.7220052083333334 0.8528645833333334 0.040364583333333336 0.032552083333333336
0 0.2747395833333333 0.833984375 0.036458333333333336 0.040364583333333336
0 0.421875 0.053385416666666664 0.040364583333333336 0.041666666666666664
0 0.061197916666666664 0.650390625 0.048177083333333336 0.045572916666666664
0 0.5143229166666666 0.935546875 0.033854166666666664 0.03125
0 0.771484375 0.7975260416666666 0.036458333333333336 0.036458333333333336
0 0.3958333333333333 0.744140625 0.053385416666666664 0.05078125
0 0.435546875 0.8333333333333334 0.059895833333333336 0.055989583333333336
0 0.5397135416666666 0.2688802083333333 0.0546875 0.049479166666666664
0 0.26171875 0.78125 0.029947916666666668 0.029947916666666668
0 0.90625 0.9622395833333334 0.029947916666666668 0.029947916666666668
0 0.057291666666666664 0.4889322916666667 0.028645833333333332 0.028645833333333332
0 0.044270833333333336 0.7506510416666666 0.026041666666666668 0.026041666666666668
0 0.484375 0.6119791666666666 0.02734375 0.026041666666666668
0 0.59375 0.8645833333333334 0.08072916666666667 0.055989583333333336
0 0.6673177083333334 0.4752604166666667 0.026041666666666668 0.024739583333333332
0 0.5989583333333334 0.3600260416666667 0.061197916666666664 0.059895833333333336
0 0.56640625 0.08072916666666667 0.12760416666666666 0.1015625
0 0.024739583333333332 0.7565104166666666 0.049479166666666664 0.052083333333333336
0 0.8352864583333334 0.6647135416666666 0.3294270833333333 0.28515625
0 0.8704427083333334 0.8111979166666666 0.053385416666666664 0.045572916666666664
0 0.630859375 0.646484375 0.05859375 0.052083333333333336