0 0.5403645833333334 0.13802083333333334 0.09114583333333333 0.09114583333333333
0 0.40625 0.23372395833333334 0.052083333333333336 0.055989583333333336
0 0.18033854166666666 0.16796875 0.055989583333333336 0.06510416666666667
0 0.330078125 0.0234375 0.022135416666666668 0.026041666666666668
0 0.16796875 0.033854166666666664 0.09635416666666667 0.06510416666666667
0 0.2819010416666667 0.126953125 0.024739583333333332 0.024739583333333332
0 0.3854166666666667 0.055989583333333336 0.020833333333333332 0.018229166666666668
0 0.038411458333333336 0.560546875 0.01953125 0.01953125
0 0.11458333333333333 0.6022135416666666 0.033854166666666664 0.029947916666666668
0 0.20833333333333334 0.603515625 0.015625 0.016927083333333332
0 0.07161458333333333 0.6197916666666666 0.052083333333333336 0.052083333333333336
0 0.036458333333333336 0.708984375 0.0703125 0.07421875
0 0.10872395833333333 0.814453125 0.055989583333333336 0.05859375
0 0.6100260416666666 0.4420572916666667 0.04296875 0.055989583333333336
0 0.6458333333333334 0.5149739583333334 0.2994791666666667 0.29296875
0 0.4850260416666667 0.7330729166666666 0.032552083333333336 0.028645833333333332
0 0.802734375 0.294921875 0.024739583333333332 0.022135416666666668
0 0.3313802083333333 0.07096354166666667 0.024739583333333332 0.022135416666666668
0 0.130859375 0.16080729166666666 0.037760416666666664 0.040364583333333336
0 0.9375 0.18880208333333334 0.026041666666666668 0.0234375
0 0.8828125 0.287109375 0.03125 0.032552083333333336
0 0.6354166666666666 0.5084635416666666 0.026041666666666668 0.024739583333333332
0 0.689453125 0.52734375 0.024739583333333332 0.020833333333333332
0 0.83984375 0.6321614583333334 0.0390625 0.032552083333333336
0 0.8899739583333334 0.6764322916666666 0.022135416666666668 0.01953125
0 0.9537760416666666 0.4928385416666667 0.01953125 0.024739583333333332
0 0.4830729166666667 0.8118489583333334 0.015625 0.01953125
0 0.2766927083333333 0.248046875 0.045572916666666664 0.045572916666666664
0 0.712890625 0.7688802083333334 0.01953125 0.01953125
0 0.7623697916666666 0.9029947916666666 0.07682291666666667 0.08984375
0 0.34765625 0.2890625 0.013020833333333334 0.015625
0 0.3229166666666667 0.9544270833333334 0.046875 0.0390625
0 0.5618489583333334 0.2858072916666667 0.032552083333333336 0.03515625
0 0.4420572916666667 0.22916666666666666 0.029947916666666668 0.028645833333333332
0 0.13151041666666666 0.849609375 0.018229166666666668 0.014322916666666666
0 0.47265625 0.9915364583333334 0.018229166666666668 0.016927083333333332
0 0.3255208333333333 0.9908854166666666 0.018229166666666668 0.015625
0 0.9446614583333334 0.17122395833333334 0.01953125 0.016927083333333332
0 0.31640625 0.7623697916666666 0.015625 0.01171875
0 0.6315104166666666 0.884765625 0.013020833333333334 0.014322916666666666
0 0.21484375 0.17578125 0.0234375 0.028645833333333332
0 0.17317708333333334 0.2890625 0.013020833333333334 0.013020833333333334
0 0.6946614583333334 0.12044270833333333 0.014322916666666666 0.014322916666666666