0 0.607421875 0.2552083333333333 0.032552083333333336 0.03125
0 0.7513020833333334 0.107421875 0.09895833333333333 0.09765625
0 0.7350260416666666 0.20182291666666666 0.029947916666666668 0.026041666666666668
0 0.48046875 0.054036458333333336 0.020833333333333332 0.016927083333333332
0 0.291015625 0.11848958333333333 0.037760416666666664 0.036458333333333336
0 0.150390625 0.09244791666666667 0.016927083333333332 0.018229166666666668
0 0.3984375 0.453125 0.057291666666666664 0.057291666666666664
0 0.4791666666666667 0.359375 0.015625 0.018229166666666668
0 0.62109375 0.5423177083333334 0.028645833333333332 0.024739583333333332
0 0.6796875 0.5618489583333334 0.028645833333333332 0.024739583333333332
0 0.8313802083333334 0.4134114583333333 0.022135416666666668 0.01953125
0 0.6764322916666666 0.724609375 0.029947916666666668 0.02734375
0 0.3763020833333333 0.5377604166666666 0.018229166666666668 0.018229166666666668
0 0.2975260416666667 0.689453125 0.016927083333333332 0.016927083333333332
0 0.3815104166666667 0.8313802083333334 0.0390625 0.032552083333333336
0 0.169921875 0.9453125 0.032552083333333336 0.028645833333333332
0 0.6009114583333334 0.9563802083333334 0.01953125 0.01953125
0 0.888671875 0.8684895833333334 0.029947916666666668 0.028645833333333332
0 0.10091145833333333 0.37109375 0.016927083333333332 0.015625
0 0.875 0.12109375 0.0234375 0.018229166666666668
0 0.8736979166666666 0.035807291666666664 0.013020833333333334 0.014322916666666666
0 0.6927083333333334 0.23502604166666666 0.06770833333333333 0.053385416666666664
0 0.7799479166666666 0.2942708333333333 0.09375 0.08854166666666667
0 0.059895833333333336 0.6959635416666666 0.1171875 0.11848958333333333
0 0.21744791666666666 0.8932291666666666 0.19791666666666666 0.16666666666666666
0 0.9055989583333334 0.986328125 0.040364583333333336 0.02734375
0 0.6529947916666666 0.6829427083333334 0.01953125 0.022135416666666668
0 0.462890625 0.14518229166666666 0.016927083333333332 0.016927083333333332
0 0.4466145833333333 0.5091145833333334 0.015625 0.015625
0 0.5904947916666666 0.59375 0.040364583333333336 0.041666666666666664
0 0.19986979166666666 0.4830729166666667 0.014322916666666666 0.015625
0 0.037760416666666664 0.130859375 0.013020833333333334 0.01171875
0 0.9381510416666666 0.013671875 0.045572916666666664 0.024739583333333332
0 0.931640625 0.58984375 0.045572916666666664 0.046875
0 0.5677083333333334 0.7037760416666666 0.013020833333333334 0.014322916666666666
0 0.014322916666666666 0.193359375 0.013020833333333334 0.01171875
0 0.07096354166666667 0.9134114583333334 0.01171875 0.01171875
0 0.13020833333333334 0.818359375 0.013020833333333334 0.014322916666666666
0 0.5709635416666666 0.9505208333333334 0.16276041666666666 0.09895833333333333
0 0.3821614583333333 0.861328125 0.19921875 0.20963541666666666
0 0.77734375 0.884765625 0.013020833333333334 0.014322916666666666
0 0.3365885416666667 0.392578125 0.014322916666666666 0.01171875
0 0.4869791666666667 0.4609375 0.013020833333333334 0.010416666666666666
0 0.6575520833333334 0.014322916666666666 0.020833333333333332 0.018229166666666668
0 0.5546875 0.201171875 0.010416666666666666 0.01171875
0 0.5501302083333334 0.3203125 0.014322916666666666 0.015625
0 0.19856770833333334 0.8717447916666666 0.009114583333333334 0.009114583333333334
0 0.18489583333333334 0.8567708333333334 0.010416666666666666 0.0078125
0 0.20833333333333334 0.630859375 0.010416666666666666 0.01171875
0 0.7591145833333334 0.3671875 0.015625 0.015625
0 0.57421875 0.7259114583333334 0.013020833333333334 0.01171875
0 0.8704427083333334 0.72265625 0.01171875 0.015625