0 0.39453125 0.3313802083333333 0.020833333333333332 0.01953125
0 0.5533854166666666 0.4453125 0.234375 0.23177083333333334
0 0.24153645833333334 0.21549479166666666 0.024739583333333332 0.01953125
0 0.3430989583333333 0.236328125 0.016927083333333332 0.016927083333333332
0 0.0390625 0.22135416666666666 0.026041666666666668 0.0234375
0 0.18359375 0.3365885416666667 0.0234375 0.01953125
0 0.19791666666666666 0.037109375 0.03125 0.032552083333333336
0 0.2727864583333333 0.2864583333333333 0.01953125 0.015625
0 0.06640625 0.2858072916666667 0.0234375 0.016927083333333332
0 0.3984375 0.216796875 0.07552083333333333 0.07161458333333333
0 0.3255208333333333 0.560546875 0.026041666666666668 0.01953125
0 0.2682291666666667 0.689453125 0.07552083333333333 0.06901041666666667
0 0.55078125 0.8763020833333334 0.057291666666666664 0.052083333333333336
0 0.22135416666666666 0.9479166666666666 0.026041666666666668 0.026041666666666668
0 0.6490885416666666 0.873046875 0.016927083333333332 0.01953125
0 0.052083333333333336 0.712890625 0.013020833333333334 0.014322916666666666
0 0.010416666666666666 0.818359375 0.018229166666666668 0.037760416666666664
0 0.061848958333333336 0.0078125 0.01953125 0.013020833333333334
0 0.236328125 0.07877604166666667 0.016927083333333332 0.016927083333333332
0 0.15299479166666666 0.16861979166666666 0.016927083333333332 0.016927083333333332
0 0.026692708333333332 0.4778645833333333 0.05078125 0.07552083333333333
0 0.10611979166666667 0.408203125 0.016927083333333332 0.014322916666666666
0 0.9381510416666666 0.5266927083333334 0.02734375 0.029947916666666668
0 0.9401041666666666 0.19986979166666666 0.018229166666666668 0.016927083333333332
0 0.3873697916666667 0.9798177083333334 0.032552083333333336 0.022135416666666668
0 0.18229166666666666 0.052734375 0.015625 0.014322916666666666
0 0.2858072916666667 0.059244791666666664 0.016927083333333332 0.014322916666666666
0 0.07096354166666667 0.19986979166666666 0.01171875 0.014322916666666666
0 0.06575520833333333 0.2649739583333333 0.014322916666666666 0.01171875
0 0.22981770833333334 0.37890625 0.014322916666666666 0.013020833333333334
0 0.2805989583333333 0.236328125 0.014322916666666666 0.014322916666666666
0 0.349609375 0.255859375 0.014322916666666666 0.014322916666666666
0 0.016276041666666668 0.9420572916666666 0.029947916666666668 0.05859375
0 0.5638020833333334 0.96484375 0.015625 0.015625
0 0.990234375 0.7154947916666666 0.01953125 0.024739583333333332
0 0.9388020833333334 0.3502604166666667 0.08072916666666667 0.07291666666666667
0 0.6184895833333334 0.279296875 0.015625 0.016927083333333332
0 0.8606770833333334 0.1484375 0.015625 0.015625
0 0.787109375 0.11783854166666667 0.014322916666666666 0.01171875
0 0.9348958333333334 0.12760416666666666 0.013020833333333334 0.013020833333333334