0 0.8763020833333334 0.4049479166666667 0.044270833333333336 0.049479166666666664
0 0.8326822916666666 0.611328125 0.022135416666666668 0.022135416666666668
0 0.9680989583333334 0.095703125 0.048177083333333336 0.04296875
0 0.8984375 0.07942708333333333 0.026041666666666668 0.028645833333333332
0 0.736328125 0.16666666666666666 0.029947916666666668 0.020833333333333332
0 0.8020833333333334 0.3776041666666667 0.036458333333333336 0.0390625
0 0.7200520833333334 0.07096354166666667 0.0234375 0.022135416666666668
0 0.6126302083333334 0.15364583333333334 0.024739583333333332 0.03125
0 0.5638020833333334 0.17903645833333334 0.041666666666666664 0.037760416666666664
0 0.4270833333333333 0.2526041666666667 0.026041666666666668 0.026041666666666668
0 0.7721354166666666 0.6295572916666666 0.036458333333333336 0.03515625
0 0.625 0.7161458333333334 0.026041666666666668 0.026041666666666668
0 0.3854166666666667 0.4505208333333333 0.0234375 0.0234375
0 0.1328125 0.4231770833333333 0.049479166666666664 0.0546875
0 0.21158854166666666 0.580078125 0.032552083333333336 0.024739583333333332
0 0.14973958333333334 0.212890625 0.026041666666666668 0.029947916666666668
0 0.09440104166666667 0.18880208333333334 0.01953125 0.026041666666666668
0 0.029296875 0.5807291666666666 0.05859375 0.06770833333333333
0 0.3483072916666667 0.9095052083333334 0.07421875 0.08723958333333333
0 0.6256510416666666 0.4635416666666667 0.014322916666666666 0.015625
0 0.271484375 0.8763020833333334 0.12630208333333334 0.13802083333333334
0 0.2571614583333333 0.939453125 0.016927083333333332 0.022135416666666668
0 0.16731770833333334 0.9583333333333334 0.01953125 0.015625
0 0.08658854166666667 0.9225260416666666 0.016927083333333332 0.016927083333333332
0 0.3268229166666667 0.3033854166666667 0.015625 0.018229166666666668
0 0.2962239583333333 0.21484375 0.014322916666666666 0.018229166666666668
0 0.08138020833333333 0.8177083333333334 0.014322916666666666 0.015625
0 0.376953125 0.09375 0.07942708333333333 0.10677083333333333
0 0.23828125 0.9303385416666666 0.018229166666666668 0.016927083333333332
0 0.20182291666666666 0.9498697916666666 0.013020833333333334 0.01171875
0 0.21809895833333334 0.8938802083333334 0.22526041666666666 0.20182291666666666
0 0.26171875 0.7591145833333334 0.018229166666666668 0.015625
0 0.4778645833333333 0.025390625 0.07291666666666667 0.048177083333333336
0 0.38671875 0.036458333333333336 0.015625 0.015625
0 0.626953125 0.16731770833333334 0.014322916666666666 0.01953125
0 0.9140625 0.3893229166666667 0.015625 0.018229166666666668
0 0.9016927083333334 0.35546875 0.014322916666666666 0.015625
0 0.4348958333333333 0.51171875 0.018229166666666668 0.018229166666666668
0 0.43359375 0.2916666666666667 0.015625 0.015625
0 0.25390625 0.3997395833333333 0.013020833333333334 0.013020833333333334
0 0.07682291666666667 0.7083333333333334 0.013020833333333334 0.013020833333333334
0 0.044921875 0.6920572916666666 0.014322916666666666 0.014322916666666666
0 0.6946614583333334 0.57421875 0.014322916666666666 0.015625
0 0.6848958333333334 0.7571614583333334 0.015625 0.016927083333333332
0 0.8821614583333334 0.7884114583333334 0.014322916666666666 0.014322916666666666
0 0.587890625 0.7688802083333334 0.01171875 0.01171875