0 0.322265625 0.50390625 0.032552083333333336 0.0234375
0 0.45703125 0.494140625 0.078125 0.08203125
0 0.4563802083333333 0.9348958333333334 0.024739583333333332 0.026041666666666668
0 0.1484375 0.7942708333333334 0.018229166666666668 0.028645833333333332
0 0.061848958333333336 0.876953125 0.01953125 0.01953125
0 0.5729166666666666 0.4915364583333333 0.018229166666666668 0.022135416666666668
0 0.4264322916666667 0.22786458333333334 0.029947916666666668 0.028645833333333332
0 0.501953125 0.3092447916666667 0.053385416666666664 0.061197916666666664
0 0.609375 0.08723958333333333 0.03125 0.0234375
0 0.5520833333333334 0.18684895833333334 0.020833333333333332 0.024739583333333332
0 0.5208333333333334 0.166015625 0.018229166666666668 0.01953125
0 0.33984375 0.10221354166666667 0.18229166666666666 0.18098958333333334
0 0.015625 0.134765625 0.018229166666666668 0.014322916666666666
0 0.057942708333333336 0.3404947916666667 0.01953125 0.022135416666666668
0 0.68359375 0.4368489583333333 0.013020833333333334 0.01953125
0 0.8606770833333334 0.56640625 0.0234375 0.0234375
0 0.8854166666666666 0.031901041666666664 0.026041666666666668 0.022135416666666668
0 0.9641927083333334 0.009765625 0.014322916666666666 0.016927083333333332
0 0.8723958333333334 0.166015625 0.06510416666666667 0.06640625
0 0.986328125 0.21484375 0.02734375 0.036458333333333336
0 0.8430989583333334 0.19270833333333334 0.032552083333333336 0.03125
0 0.248046875 0.3841145833333333 0.016927083333333332 0.018229166666666668
0 0.16536458333333334 0.4986979166666667 0.026041666666666668 0.026041666666666668
0 0.024739583333333332 0.3072916666666667 0.018229166666666668 0.018229166666666668
0 0.11393229166666667 0.5227864583333334 0.022135416666666668 0.022135416666666668
0 0.07291666666666667 0.5735677083333334 0.049479166666666664 0.045572916666666664
0 0.11067708333333333 0.57421875 0.020833333333333332 0.0234375
0 0.4928385416666667 0.6809895833333334 0.022135416666666668 0.026041666666666668
0 0.619140625 0.7571614583333334 0.014322916666666666 0.01953125
0 0.66796875 0.732421875 0.4739583333333333 0.3684895833333333
0 0.5891927083333334 0.921875 0.05859375 0.0390625
0 0.8203125 0.873046875 0.22135416666666666 0.24088541666666666
0 0.18229166666666666 0.9694010416666666 0.013020833333333334 0.016927083333333332
0 0.10677083333333333 0.6256510416666666 0.020833333333333332 0.01953125
0 0.7825520833333334 0.2877604166666667 0.010416666666666666 0.018229166666666668
0 0.255859375 0.921875 0.02734375 0.026041666666666668
0 0.041666666666666664 0.3600260416666667 0.018229166666666668 0.014322916666666666
0 0.6614583333333334 0.9153645833333334 0.020833333333333332 0.0234375
0 0.24479166666666666 0.4869791666666667 0.020833333333333332 0.0234375
0 0.98828125 0.7649739583333334 0.0234375 0.03515625