0 0.1856689453125 0.27294921875 0.0125274658203125 0.0125274658203125
0 0.1614990234375 0.74853515625 0.015960693359375 0.0162811279296875
0 0.386962890625 0.266357421875 0.0142822265625 0.01363372802734375
0 0.20263671875 0.6201171875 0.0116424560546875 0.0115966796875
0 0.254638671875 0.5087890625 0.011688232421875 0.0115966796875
0 0.96533203125 0.66357421875 0.0110321044921875 0.00981903076171875
0 0.32080078125 0.399658203125 0.01024627685546875 0.0099334716796875
0 0.11297607421875 0.732421875 0.01146697998046875 0.012054443359375
0 0.1876220703125 0.580078125 0.00945281982421875 0.0097808837890625
0 0.280517578125 0.1441650390625 0.0165252685546875 0.0154266357421875
0 0.39599609375 0.323974609375 0.01078033447265625 0.010650634765625
0 0.43505859375 0.8271484375 0.01085662841796875 0.01073455810546875
0 0.11358642578125 0.09173583984375 0.01678466796875 0.01525115966796875
0 0.5263671875 0.48876953125 0.01111602783203125 0.010650634765625
0 0.2188720703125 0.15576171875 0.01085662841796875 0.01137542724609375
0 0.55224609375 0.463134765625 0.00989532470703125 0.0101318359375
0 0.1727294921875 0.8720703125 0.0083465576171875 0.00878143310546875
0 0.228271484375 0.302001953125 0.00971221923828125 0.01029205322265625
0 0.324462890625 0.87060546875 0.00926971435546875 0.0094146728515625
0 0.56591796875 0.74365234375 0.0087127685546875 0.00948333740234375
0 0.662109375 0.5068359375 0.0216522216796875 0.0206451416015625
0 0.6533203125 0.71533203125 0.00930023193359375 0.0097808837890625
0 0.2401123046875 0.91357421875 0.00905609130859375 0.00919342041015625
0 0.7373046875 0.07794189453125 0.01214599609375 0.0121002197265625
0 0.611328125 0.84130859375 0.008880615234375 0.00908660888671875
0 0.414306640625 0.84130859375 0.00916290283203125 0.0097808837890625
0 0.1778564453125 0.83740234375 0.009857177734375 0.0103302001953125
0 0.68408203125 0.47119140625 0.0190582275390625 0.0184783935546875
0 0.7021484375 0.033782958984375 0.01024627685546875 0.00971221923828125
0 0.64111328125 0.85205078125 0.00945281982421875 0.0097808837890625
0 0.2252197265625 0.2447509765625 0.00885009765625 0.00926971435546875
0 0.1746826171875 0.25 0.0125732421875 0.01287078857421875
0 0.277099609375 0.85546875 0.009857177734375 0.00933837890625
0 0.401123046875 0.1898193359375 0.02801513671875 0.02532958984375
0 0.91357421875 0.263671875 0.01142120361328125 0.01061248779296875
0 0.1500244140625 0.62744140625 0.0101318359375 0.01009368896484375
0 0.36181640625 0.93701171875 0.0121917724609375 0.01229095458984375
0 0.341796875 0.23095703125 0.011871337890625 0.011199951171875
0 0.62646484375 0.2135009765625 0.00885009765625 0.00867462158203125
0 0.1669921875 0.66357421875 0.00963592529296875 0.00971221923828125
0 0.75341796875 0.488525390625 0.0097808837890625 0.0103302001953125
0 0.1304931640625 0.9052734375 0.0074310302734375 0.0078125
0 0.333251953125 0.268310546875 0.0390625 0.034759521484375
0 0.90625 0.196533203125 0.00864410400390625 0.00800323486328125
0 0.712890625 0.72802734375 0.0090179443359375 0.00916290283203125
0 0.5361328125 0.90283203125 0.01132965087890625 0.01090240478515625
0 0.55615234375 0.204345703125 0.010528564453125 0.00997161865234375
0 0.6728515625 0.8544921875 0.00908660888671875 0.00971221923828125
0 0.5166015625 0.63134765625 0.0094146728515625 0.00963592529296875
0 0.8623046875 0.46044921875 0.0089874267578125 0.00919342041015625
0 0.68994140625 0.33642578125 0.0136871337890625 0.01348114013671875
0 0.6611328125 0.476318359375 0.0106964111328125 0.01061248779296875
0 0.93408203125 0.80224609375 0.01554107666015625 0.01450347900390625
0 0.263671875 0.0207672119140625 0.0117340087890625 0.010406494140625
0 0.5703125 0.89794921875 0.00734710693359375 0.0082550048828125
0 0.2998046875 0.460205078125 0.0099334716796875 0.00963592529296875
0 0.78955078125 0.64892578125 0.0090179443359375 0.00916290283203125
0 0.1834716796875 0.888671875 0.00864410400390625 0.00905609130859375
0 0.01490020751953125 0.212890625 0.0164642333984375 0.0162200927734375
0 0.30078125 0.059417724609375 0.00955963134765625 0.00908660888671875
0 0.31494140625 0.64404296875 0.029815673828125 0.0285491943359375
0 0.364501953125 0.80859375 0.0095977783203125 0.01061248779296875
0 0.03216552734375 0.11065673828125 0.0121917724609375 0.0119171142578125
0 0.2379150390625 0.77490234375 0.01473236083984375 0.0141143798828125
0 0.010009765625 0.312744140625 0.011871337890625 0.011962890625
0 0.59814453125 0.814453125 0.00818634033203125 0.008514404296875
0 0.86767578125 0.73388671875 0.008880615234375 0.00847625732421875
0 0.98291015625 0.411865234375 0.014556884765625 0.0125732421875
0 0.008880615234375 0.7431640625 0.011199951171875 0.0112457275390625
0 0.1424560546875 0.26416015625 0.00878143310546875 0.00933837890625
0 0.68310546875 0.118408203125 0.00930023193359375 0.00905609130859375
0 0.82275390625 0.5732421875 0.0141754150390625 0.01322174072265625
0 0.82666015625 0.407470703125 0.0271759033203125 0.0261077880859375
0 0.97509765625 0.264892578125 0.009124755859375 0.00864410400390625
0 0.8837890625 0.693359375 0.0082550048828125 0.008880615234375
0 0.246337890625 0.75439453125 0.0101318359375 0.01024627685546875
0 0.1807861328125 0.38916015625 0.01282501220703125 0.00974273681640625
0 0.89453125 0.301025390625 0.007724761962890625 0.00763702392578125
0 0.403564453125 0.603515625 0.01016998291015625 0.01061248779296875
0 0.802734375 0.7919921875 0.04010009765625 0.0384521484375
0 0.64453125 0.268310546875 0.0090179443359375 0.0087432861328125
0 0.3720703125 0.0855712890625 0.045196533203125 0.042724609375
0 0.286865234375 0.2081298828125 0.00955963134765625 0.00955963134765625
0 0.59814453125 0.6767578125 0.00815582275390625 0.00905609130859375
0 0.9609375 0.8486328125 0.0087432861328125 0.00815582275390625
0 0.398193359375 0.375732421875 0.0117340087890625 0.012481689453125
0 0.83056640625 0.048309326171875 0.01214599609375 0.01374053955078125
0 0.76806640625 0.027740478515625 0.008880615234375 0.00905609130859375
0 0.28515625 0.958984375 0.00861358642578125 0.0097808837890625
0 0.9609375 0.96728515625 0.0197906494140625 0.0184326171875
0 0.53955078125 0.716796875 0.008514404296875 0.009124755859375
0 0.11279296875 0.478515625 0.00885009765625 0.00937652587890625
0 0.5556640625 0.01116180419921875 0.0099334716796875 0.0094146728515625
0 0.09222412109375 0.97607421875 0.00955963134765625 0.0110321044921875
0 0.82763671875 0.72705078125 0.00803375244140625 0.00760650634765625
0 0.2313232421875 0.1083984375 0.00881195068359375 0.0089874267578125
0 0.0063629150390625 0.3671875 0.00963592529296875 0.00916290283203125
0 0.69775390625 0.186279296875 0.00757598876953125 0.007843017578125
0 0.80908203125 0.59619140625 0.00919342041015625 0.0095977783203125
0 0.318603515625 0.79443359375 0.037261962890625 0.0369873046875
0 0.427734375 0.400634765625 0.01061248779296875 0.01056671142578125
0 0.6865234375 0.3154296875 0.00809478759765625 0.0082550048828125
0 0.9965915679931641 0.6484375 0.006816864013671875 0.01090240478515625
0 0.1405029296875 0.06304931640625 0.00908660888671875 0.009521484375
0 0.0231475830078125 0.845703125 0.00787353515625 0.00864410400390625
0 0.451171875 0.218994140625 0.0125274658203125 0.0137939453125
0 0.106689453125 0.1181640625 0.00878143310546875 0.0089874267578125
0 0.861328125 0.0258026123046875 0.00945281982421875 0.00885009765625
0 0.75830078125 0.587890625 0.006984710693359375 0.007785797119140625
0 0.9033203125 0.72119140625 0.009124755859375 0.009521484375
0 0.7939453125 0.40869140625 0.00930023193359375 0.00963592529296875
0 0.35595703125 0.1033935546875 0.0097808837890625 0.0101318359375
0 0.830078125 0.51806640625 0.00945281982421875 0.00989532470703125
0 0.039703369140625 0.544921875 0.07861328125 0.09771728515625
0 0.9462890625 0.84912109375 0.00787353515625 0.0087432861328125
0 0.94384765625 0.0809326171875 0.1083984375 0.11920166015625
0 0.80908203125 0.572265625 0.1605224609375 0.184814453125
0 0.043853759765625 0.448486328125 0.03753662109375 0.03759765625
0 0.697265625 0.383544921875 0.00905609130859375 0.01036834716796875
0 0.302490234375 0.004329681396484375 0.0101318359375 0.007755279541015625
0 0.392822265625 0.38330078125 0.01450347900390625 0.01422882080078125
0 0.67724609375 0.931640625 0.0802001953125 0.07171630859375
0 0.093505859375 0.77587890625 0.0131683349609375 0.0131683349609375
0 0.9169921875 0.76953125 0.10430908203125 0.08978271484375
0 0.9189453125 0.0751953125 0.019195556640625 0.018798828125
0 0.375732421875 0.638671875 0.0125732421875 0.0135345458984375
0 0.63623046875 0.56640625 0.0753173828125 0.07708740234375
0 0.86865234375 0.0762939453125 0.042633056640625 0.04534912109375
0 0.293212890625 0.2666015625 0.01332855224609375 0.0135345458984375
0 0.6181640625 0.2349853515625 0.32275390625 0.2685546875
0 0.00800323486328125 0.546875 0.00809478759765625 0.00809478759765625
0 0.94775390625 0.080078125 0.01666259765625 0.016021728515625
0 0.2171630859375 0.8125 0.0121002197265625 0.01177978515625
0 0.81494140625 0.7021484375 0.1248779296875 0.0970458984375
0 0.358642578125 0.58837890625 0.07452392578125 0.0869140625
0 0.461181640625 0.2861328125 0.018402099609375 0.0192718505859375