0 0.7819010416666666 0.3977864583333333 0.053385416666666664 0.045572916666666664
0 0.2701822916666667 0.13606770833333334 0.12369791666666667 0.13411458333333334
0 0.22135416666666666 0.169921875 0.018229166666666668 0.01953125
0 0.3151041666666667 0.11783854166666667 0.020833333333333332 0.01953125
0 0.17903645833333334 0.24544270833333334 0.01953125 0.01953125
0 0.12369791666666667 0.6080729166666666 0.026041666666666668 0.0234375
0 0.21223958333333334 0.73828125 0.046875 0.0546875
0 0.2604166666666667 0.7096354166666666 0.018229166666666668 0.018229166666666668
0 0.439453125 0.6803385416666666 0.09765625 0.08723958333333333
0 0.263671875 0.8600260416666666 0.01953125 0.022135416666666668
0 0.3059895833333333 0.7766927083333334 0.020833333333333332 0.022135416666666668
0 0.615234375 0.3170572916666667 0.01953125 0.016927083333333332
0 0.6725260416666666 0.37890625 0.016927083333333332 0.015625
0 0.6653645833333334 0.5833333333333334 0.0234375 0.026041666666666668
0 0.7272135416666666 0.7884114583333334 0.09765625 0.08463541666666667
0 0.6197916666666666 0.767578125 0.0390625 0.037760416666666664
0 0.4270833333333333 0.9772135416666666 0.06770833333333333 0.045572916666666664
0 0.6048177083333334 0.90234375 0.016927083333333332 0.015625
0 0.865234375 0.6901041666666666 0.022135416666666668 0.020833333333333332
0 0.5833333333333334 0.4641927083333333 0.020833333333333332 0.01953125
0 0.2532552083333333 0.5104166666666666 0.016927083333333332 0.015625
0 0.37109375 0.017578125 0.018229166666666668 0.016927083333333332
0 0.4153645833333333 0.3639322916666667 0.015625 0.016927083333333332
0 0.5501302083333334 0.6627604166666666 0.016927083333333332 0.015625
0 0.634765625 0.7174479166666666 0.01953125 0.013020833333333334
0 0.8046875 0.026692708333333332 0.020833333333333332 0.01953125
0 0.9602864583333334 0.4134114583333333 0.016927083333333332 0.016927083333333332
0 0.29296875 0.923828125 0.013020833333333334 0.01171875
0 0.4114583333333333 0.4609375 0.015625 0.013020833333333334
0 0.5071614583333334 0.9583333333333334 0.01953125 0.018229166666666668
0 0.4720052083333333 0.5240885416666666 0.05859375 0.061197916666666664
0 0.08919270833333333 0.66796875 0.016927083333333332 0.015625
0 0.17903645833333334 0.2760416666666667 0.01953125 0.015625
0 0.048828125 0.12109375 0.01953125 0.013020833333333334
0 0.8274739583333334 0.5572916666666666 0.01171875 0.013020833333333334
0 0.7454427083333334 0.3092447916666667 0.01171875 0.014322916666666666
0 0.337890625 0.5162760416666666 0.07161458333333333 0.07161458333333333
0 0.5709635416666666 0.6829427083333334 0.014322916666666666 0.014322916666666666
0 0.6321614583333334 0.396484375 0.01171875 0.01171875
0 0.5345052083333334 0.41796875 0.01171875 0.013020833333333334
0 0.2610677083333333 0.4869791666666667 0.016927083333333332 0.015625
0 0.3059895833333333 0.578125 0.010416666666666666 0.010416666666666666
0 0.2838541666666667 0.5319010416666666 0.015625 0.014322916666666666
0 0.1953125 0.7506510416666666 0.13020833333333334 0.12109375
0 0.16536458333333334 0.16666666666666666 0.010416666666666666 0.010416666666666666
0 0.3678385416666667 0.3971354166666667 0.009114583333333334 0.010416666666666666
0 0.525390625 0.6705729166666666 0.01171875 0.013020833333333334
0 0.026692708333333332 0.794921875 0.01171875 0.014322916666666666
0 0.9934895833333334 0.90234375 0.013020833333333334 0.020833333333333332
0 0.9947916666666666 0.6875 0.010416666666666666 0.020833333333333332
0 0.908203125 0.12890625 0.01171875 0.013020833333333334
0 0.8815104166666666 0.020182291666666668 0.010416666666666666 0.009114583333333334
0 0.234375 0.6393229166666666 0.013020833333333334 0.010416666666666666
0 0.2858072916666667 0.6373697916666666 0.01171875 0.01171875
0 0.259765625 0.9303385416666666 0.01171875 0.01171875
0 0.040364583333333336 0.5169270833333334 0.013020833333333334 0.010416666666666666