0 0.4778645833333333 0.8157552083333334 0.03515625 0.036458333333333336
0 0.08203125 0.5247395833333334 0.029947916666666668 0.029947916666666668
0 0.027994791666666668 0.5032552083333334 0.028645833333333332 0.03125
0 0.810546875 0.24739583333333334 0.03125 0.032552083333333336
0 0.4837239583333333 0.3736979166666667 0.028645833333333332 0.028645833333333332
0 0.9954427083333334 0.49609375 0.009114583333333334 0.036458333333333336
0 0.9166666666666666 0.416015625 0.028645833333333332 0.028645833333333332
0 0.6041666666666666 0.5872395833333334 0.029947916666666668 0.028645833333333332
0 0.98828125 0.703125 0.0234375 0.028645833333333332
0 0.8756510416666666 0.4576822916666667 0.032552083333333336 0.033854166666666664
0 0.154296875 0.9244791666666666 0.03125 0.033854166666666664
0 0.5904947916666666 0.18098958333333334 0.03125 0.029947916666666668
0 0.2740885416666667 0.7981770833333334 0.02734375 0.024739583333333332
0 0.3561197916666667 0.783203125 0.029947916666666668 0.02734375
0 0.09375 0.60546875 0.03125 0.033854166666666664
0 0.171875 0.6529947916666666 0.032552083333333336 0.03125
0 0.15559895833333334 0.4505208333333333 0.03125 0.032552083333333336
0 0.9934895833333334 0.3111979166666667 0.013020833333333334 0.059895833333333336
0 0.5390625 0.05078125 0.028645833333333332 0.028645833333333332
0 0.11067708333333333 0.2552083333333333 0.032552083333333336 0.03515625
0 0.759765625 0.3528645833333333 0.0390625 0.036458333333333336
0 0.7356770833333334 0.10807291666666667 0.028645833333333332 0.028645833333333332
0 0.970703125 0.8020833333333334 0.03515625 0.028645833333333332
0 0.6666666666666666 0.3567708333333333 0.037760416666666664 0.037760416666666664
0 0.007161458333333333 0.12760416666666666 0.014322916666666666 0.03125
0 0.9459635416666666 0.2897135416666667 0.03125 0.02734375
0 0.962890625 0.06575520833333333 0.026041666666666668 0.024739583333333332
0 0.2981770833333333 0.375 0.028645833333333332 0.02734375
0 0.3528645833333333 0.30078125 0.029947916666666668 0.029947916666666668
0 0.20377604166666666 0.3639322916666667 0.0546875 0.05078125
0 0.712890625 0.008463541666666666 0.053385416666666664 0.016927083333333332
0 0.13411458333333334 0.00390625 0.0390625 0.0078125