0 0.8424479166666666 0.07291666666666667 0.044270833333333336 0.049479166666666664
0 0.6627604166666666 0.08463541666666667 0.036458333333333336 0.0390625
0 0.4016927083333333 0.06510416666666667 0.029947916666666668 0.036458333333333336
0 0.4270833333333333 0.041015625 0.018229166666666668 0.022135416666666668
0 0.7109375 0.33984375 0.020833333333333332 0.0234375
0 0.7532552083333334 0.13736979166666666 0.022135416666666668 0.024739583333333332
0 0.8391927083333334 0.17838541666666666 0.01953125 0.015625
0 0.7565104166666666 0.024739583333333332 0.015625 0.015625
0 0.9934895833333334 0.12825520833333334 0.010416666666666666 0.01953125
0 0.5833333333333334 0.05859375 0.020833333333333332 0.026041666666666668
0 0.7057291666666666 0.4602864583333333 0.020833333333333332 0.01953125
0 0.83984375 0.5442708333333334 0.026041666666666668 0.03125
0 0.17903645833333334 0.10677083333333333 0.01953125 0.0234375
0 0.08138020833333333 0.13606770833333334 0.16276041666666666 0.24088541666666666
0 0.146484375 0.5436197916666666 0.032552083333333336 0.01953125
0 0.5462239583333334 0.6796875 0.02734375 0.03125
0 0.6100260416666666 0.6087239583333334 0.04296875 0.045572916666666664
0 0.6608072916666666 0.5891927083333334 0.01953125 0.01953125
0 0.8841145833333334 0.7805989583333334 0.020833333333333332 0.01953125
0 0.9270833333333334 0.76171875 0.14322916666666666 0.1796875
0 0.9368489583333334 0.9537760416666666 0.02734375 0.032552083333333336
0 0.3854166666666667 0.7591145833333334 0.018229166666666668 0.0234375
0 0.3776041666666667 0.857421875 0.06510416666666667 0.07421875
0 0.3782552083333333 0.9420572916666666 0.014322916666666666 0.016927083333333332
0 0.18880208333333334 0.873046875 0.09114583333333333 0.09244791666666667
0 0.125 0.7845052083333334 0.018229166666666668 0.01953125
0 0.6256510416666666 0.7604166666666666 0.01953125 0.020833333333333332
0 0.634765625 0.8756510416666666 0.01953125 0.01953125
0 0.5221354166666666 0.35546875 0.015625 0.018229166666666668
0 0.025390625 0.4973958333333333 0.014322916666666666 0.018229166666666668
0 0.9518229166666666 0.8899739583333334 0.010416666666666666 0.016927083333333332
0 0.3502604166666667 0.9108072916666666 0.015625 0.014322916666666666
0 0.9498697916666666 0.8723958333333334 0.014322916666666666 0.013020833333333334
0 0.7454427083333334 0.4947916666666667 0.016927083333333332 0.018229166666666668
0 0.947265625 0.14322916666666666 0.014322916666666666 0.013020833333333334
0 0.9173177083333334 0.8001302083333334 0.01171875 0.014322916666666666
0 0.630859375 0.11328125 0.061197916666666664 0.06770833333333333
0 0.20442708333333334 0.10807291666666667 0.018229166666666668 0.020833333333333332
0 0.08528645833333333 0.21549479166666666 0.024739583333333332 0.037760416666666664
0 0.17447916666666666 0.6171875 0.013020833333333334 0.013020833333333334
0 0.20963541666666666 0.564453125 0.013020833333333334 0.016927083333333332
0 0.9537760416666666 0.5045572916666666 0.01171875 0.014322916666666666
0 0.8567708333333334 0.818359375 0.013020833333333334 0.014322916666666666
0 0.5846354166666666 0.6549479166666666 0.11979166666666667 0.13541666666666666
0 0.3014322916666667 0.4837239583333333 0.009114583333333334 0.009114583333333334
0 0.3444010416666667 0.66015625 0.009114583333333334 0.010416666666666666
0 0.20768229166666666 0.7578125 0.01171875 0.010416666666666666
0 0.4557291666666667 0.7526041666666666 0.010416666666666666 0.010416666666666666
0 0.4322916666666667 0.365234375 0.010416666666666666 0.01171875