0 0.185546875 0.375 0.037760416666666664 0.03125
0 0.3958333333333333 0.20377604166666666 0.020833333333333332 0.024739583333333332
0 0.14908854166666666 0.578125 0.024739583333333332 0.026041666666666668
0 0.6419270833333334 0.5377604166666666 0.0390625 0.03125
0 0.6399739583333334 0.5813802083333334 0.01953125 0.016927083333333332
0 0.016927083333333332 0.3756510416666667 0.018229166666666668 0.01953125
0 0.057942708333333336 0.14453125 0.014322916666666666 0.013020833333333334
0 0.3912760416666667 0.13671875 0.022135416666666668 0.020833333333333332
0 0.537109375 0.3541666666666667 0.032552083333333336 0.03125
0 0.2532552083333333 0.9036458333333334 0.02734375 0.028645833333333332
0 0.0703125 0.892578125 0.028645833333333332 0.022135416666666668
0 0.046875 0.8743489583333334 0.015625 0.014322916666666666
0 0.8079427083333334 0.556640625 0.01953125 0.024739583333333332
0 0.576171875 0.7942708333333334 0.014322916666666666 0.018229166666666668
0 0.22721354166666666 0.6087239583333334 0.014322916666666666 0.014322916666666666
0 0.034505208333333336 0.681640625 0.06380208333333333 0.06640625
0 0.10481770833333333 0.9401041666666666 0.01171875 0.010416666666666666
0 0.6217447916666666 0.2545572916666667 0.01171875 0.009114583333333334
0 0.3990885416666667 0.06966145833333333 0.01171875 0.01171875
0 0.7936197916666666 0.4036458333333333 0.07682291666666667 0.078125
0 0.2643229166666667 0.734375 0.010416666666666666 0.010416666666666666
0 0.6959635416666666 0.71875 0.009114583333333334 0.010416666666666666
0 0.19075520833333334 0.8203125 0.009114583333333334 0.010416666666666666
0 0.027994791666666668 0.576171875 0.053385416666666664 0.16796875
0 0.7138671875 0.9711979166666667 0.008776041666666679 0.00929687500000013
0 0.10614583333333333 0.8134765625 0.008320312499999982 0.008372395833333416
0 0.65625 0.008984375000000001 0.009674479166666602 0.0090234375
0 0.7724609375 0.2060546875 0.010286458333333451 0.00951822916666667
0 0.29712239583333333 0.207890625 0.013072916666666693 0.012486979166666634
0 0.3798828125 0.6040104166666667 0.012825520833333362 0.011197916666666696
0 0.08080729166666667 0.7065494791666667 0.01151041666666667 0.010690104166666714
0 0.97265625 0.6567447916666667 0.014726562499999929 0.013372395833333309
0 0.8881901041666667 0.18236979166666667 0.011328125000000059 0.01069010416666664
0 0.44848958333333333 0.2734375 0.011783854166666607 0.01049479166666667
0 0.9526432291666667 0.48022135416666667 0.010859374999999893 0.010208333333333375
0 0.267578125 0.47826822916666667 0.008710937499999996 0.008619791666666673
0 0.1055859375 0.7329166666666667 0.008984375000000008 0.00858072916666656
0 0.23791666666666667 0.705078125 0.025182291666666634 0.024088541666666668
0 0.32178385416666666 0.40186197916666666 0.009739583333333357 0.00916666666666662
0 0.7783203125 0.8544921875 0.013020833333333334 0.012669270833333357
0 0.7265625 0.11553385416666667 0.017304687499999954 0.015963541666666654
0 0.5356510416666667 0.509765625 0.011875000000000005 0.012148437500000053
0 0.9150390625 0.6928776041666667 0.010494791666666595 0.00997395833333344
0 0.0555078125 0.47485677083333333 0.011067708333333334 0.010325520833333268
0 0.623046875 0.25830729166666666 0.010820312499999929 0.010130208333333298
0 0.798828125 0.6318359375 0.008815104166666643 0.008880208333333398
0 0.69921875 0.6259765625 0.008710937500000071 0.008033854166666613
0 0.30908854166666666 0.84375 0.007460937500000024 0.007838541666666643
0 0.22119791666666666 0.6572265625 0.00751302083333331 0.007968750000000005
0 0.6948307291666667 0.46557291666666667 0.008815104166666643 0.008346354166666625
0 0.6108463541666667 0.8999088541666667 0.007786458333333357 0.007786458333333357
0 0.9419010416666667 0.8178776041666667 0.007838541666666643 0.007265624999999905
0 0.5708072916666667 0.6103515625 0.008281250000000018 0.008216145833333263
0 0.8667057291666667 0.615234375 0.008125000000000012 0.008515624999999952