0 0.8470052083333334 0.6484375 0.016927083333333332 0.020833333333333332
0 0.958984375 0.11783854166666667 0.07942708333333333 0.11588541666666667
0 0.8072916666666666 0.03125 0.015625 0.015625
0 0.3678385416666667 0.15104166666666666 0.02734375 0.03125
0 0.21223958333333334 0.3600260416666667 0.028645833333333332 0.02734375
0 0.201171875 0.23958333333333334 0.01953125 0.018229166666666668
0 0.09895833333333333 0.255859375 0.015625 0.014322916666666666
0 0.11653645833333333 0.043619791666666664 0.016927083333333332 0.016927083333333332
0 0.361328125 0.17122395833333334 0.014322916666666666 0.016927083333333332
0 0.8053385416666666 0.07747395833333333 0.01171875 0.01171875
0 0.8639322916666666 0.026041666666666668 0.009114583333333334 0.013020833333333334
0 0.455078125 0.7194010416666666 0.014322916666666666 0.016927083333333332
0 0.4811197916666667 0.76953125 0.01171875 0.013020833333333334