0 0.7389322916666666 0.5201822916666666 0.05078125 0.053385416666666664
0 0.8255208333333334 0.5533854166666666 0.015625 0.015625
0 0.9654947916666666 0.024088541666666668 0.022135416666666668 0.022135416666666668
0 0.6236979166666666 0.009765625 0.015625 0.016927083333333332
0 0.5813802083333334 0.080078125 0.014322916666666666 0.014322916666666666
0 0.6569010416666666 0.24544270833333334 0.04296875 0.037760416666666664
0 0.5299479166666666 0.3723958333333333 0.049479166666666664 0.052083333333333336
0 0.369140625 0.17903645833333334 0.01953125 0.022135416666666668
0 0.22981770833333334 0.14127604166666666 0.01953125 0.01953125
0 0.2571614583333333 0.054036458333333336 0.10546875 0.10026041666666667
0 0.3203125 0.21223958333333334 0.013020833333333334 0.015625
0 0.28515625 0.5670572916666666 0.020833333333333332 0.022135416666666668
0 0.349609375 0.5169270833333334 0.016927083333333332 0.018229166666666668
0 0.89453125 0.19205729166666666 0.013020833333333334 0.01171875
0 0.06770833333333333 0.4596354166666667 0.020833333333333332 0.020833333333333332
0 0.031901041666666664 0.026041666666666668 0.014322916666666666 0.013020833333333334
0 0.58984375 0.01953125 0.020833333333333332 0.020833333333333332
0 0.5546875 0.5579427083333334 0.015625 0.014322916666666666
0 0.7447916666666666 0.14713541666666666 0.0078125 0.010416666666666666
0 0.7649739583333334 0.0078125 0.016927083333333332 0.013020833333333334
0 0.8404947916666666 0.3893229166666667 0.014322916666666666 0.015625
0 0.6380208333333334 0.3723958333333333 0.013020833333333334 0.013020833333333334
0 0.6627604166666666 0.5670572916666666 0.010416666666666666 0.009114583333333334
0 0.107421875 0.681640625 0.01953125 0.01953125
0 0.09049479166666667 0.7018229166666666 0.009114583333333334 0.010416666666666666
0 0.43359375 0.3229166666666667 0.013020833333333334 0.013020833333333334
0 0.447265625 0.56640625 0.009114583333333334 0.010416666666666666
0 0.6595052083333334 0.921875 0.022135416666666668 0.020833333333333332
0 0.189453125 0.11328125 0.009114583333333334 0.0078125
0 0.033203125 0.19140625 0.009114583333333334 0.010416666666666666
0 0.041015625 0.21419270833333334 0.006510416666666667 0.006510416666666667
0 0.7493489583333334 0.4876302083333333 0.016927083333333332 0.014322916666666666
0 0.9830729166666666 0.369140625 0.010416666666666666 0.01171875