0 0.14713541666666666 0.537109375 0.0390625 0.040364583333333336
0 0.2610677083333333 0.8404947916666666 0.032552083333333336 0.032552083333333336
0 0.7819010416666666 0.978515625 0.045572916666666664 0.040364583333333336
0 0.3170572916666667 0.619140625 0.024739583333333332 0.01953125
0 0.009114583333333334 0.5533854166666666 0.015625 0.020833333333333332
0 0.09244791666666667 0.14388020833333334 0.033854166666666664 0.032552083333333336
0 0.7526041666666666 0.6354166666666666 0.026041666666666668 0.026041666666666668
0 0.7233072916666666 0.396484375 0.01953125 0.01953125
0 0.7272135416666666 0.4778645833333333 0.01953125 0.015625
0 0.755859375 0.4694010416666667 0.01953125 0.01953125
0 0.93359375 0.4108072916666667 0.049479166666666664 0.045572916666666664
0 0.4407552083333333 0.8658854166666666 0.014322916666666666 0.018229166666666668
0 0.8287760416666666 0.794921875 0.016927083333333332 0.01953125
0 0.556640625 0.7180989583333334 0.016927083333333332 0.016927083333333332
0 0.5598958333333334 0.19856770833333334 0.015625 0.01171875
0 0.2779947916666667 0.8938802083333334 0.016927083333333332 0.016927083333333332
0 0.9765625 0.89453125 0.013020833333333334 0.013020833333333334
0 0.3619791666666667 0.931640625 0.015625 0.015625
0 0.5579427083333334 0.7200520833333334 0.013020833333333334 0.014322916666666666
0 0.359375 0.052083333333333336 0.013020833333333334 0.014322916666666666
0 0.583984375 0.916015625 0.014322916666666666 0.015625
0 0.4440104166666667 0.8645833333333334 0.013020833333333334 0.013020833333333334
0 0.716796875 0.5494791666666666 0.01171875 0.01171875
0 0.7747395833333334 0.23958333333333334 0.018229166666666668 0.018229166666666668
0 0.13997395833333334 0.689453125 0.010416666666666666 0.010416666666666666
0 0.6985677083333334 0.8841145833333334 0.010416666666666666 0.01171875
0 0.103515625 0.0026041666666666665 0.014322916666666666 0.005208333333333333
0 0.5852864583333334 0.8723958333333334 0.014322916666666666 0.015625
0 0.7213541666666666 0.6888020833333334 0.018229166666666668 0.018229166666666668
0 0.4837239583333333 0.3880208333333333 0.009114583333333334 0.009114583333333334
0 0.4361979166666667 0.3684895833333333 0.009114583333333334 0.009114583333333334
0 0.11328125 0.8326822916666666 0.010416666666666666 0.010416666666666666
0 0.53515625 0.6080729166666666 0.010416666666666666 0.010416666666666666
0 0.7083333333333334 0.20572916666666666 0.009114583333333334 0.009114583333333334
0 0.2799479166666667 0.34375 0.0078125 0.0078125
0 0.8723958333333334 0.9303385416666666 0.009114583333333334 0.009114583333333334