0 0.6712239583333334 0.7884114583333334 0.037760416666666664 0.03515625
0 0.068359375 0.4244791666666667 0.029947916666666668 0.026041666666666668
0 0.12044270833333333 0.6438802083333334 0.029947916666666668 0.02734375
0 0.4114583333333333 0.8177083333333334 0.028645833333333332 0.028645833333333332
0 0.5143229166666666 0.7200520833333334 0.013020833333333334 0.015625
0 0.39453125 0.212890625 0.020833333333333332 0.01953125
0 0.837890625 0.9889322916666666 0.01953125 0.016927083333333332
0 0.5514322916666666 0.7688802083333334 0.016927083333333332 0.016927083333333332
0 0.4518229166666667 0.3951822916666667 0.018229166666666668 0.01953125
0 0.11979166666666667 0.3072916666666667 0.013020833333333334 0.013020833333333334
0 0.033854166666666664 0.3932291666666667 0.018229166666666668 0.015625
0 0.98046875 0.4537760416666667 0.0390625 0.06640625
0 0.9049479166666666 0.8951822916666666 0.013020833333333334 0.014322916666666666
0 0.3424479166666667 0.6139322916666666 0.018229166666666668 0.016927083333333332
0 0.00390625 0.94140625 0.005208333333333333 0.015625
0 0.22591145833333334 0.7799479166666666 0.01171875 0.010416666666666666