0 0.47265625 0.3072916666666667 0.046875 0.044270833333333336
0 0.888671875 0.10546875 0.032552083333333336 0.033854166666666664
0 0.7473958333333334 0.7005208333333334 0.041666666666666664 0.044270833333333336
0 0.038411458333333336 0.8684895833333334 0.02734375 0.028645833333333332
0 0.5436197916666666 0.77734375 0.055989583333333336 0.052083333333333336
0 0.88671875 0.9010416666666666 0.020833333333333332 0.020833333333333332
0 0.5891927083333334 0.9446614583333334 0.01953125 0.01953125
0 0.7936197916666666 0.18424479166666666 0.022135416666666668 0.022135416666666668
0 0.9856770833333334 0.21940104166666666 0.0234375 0.01953125
0 0.9583333333333334 0.020182291666666668 0.020833333333333332 0.022135416666666668
0 0.908203125 0.052734375 0.016927083333333332 0.014322916666666666
0 0.22200520833333334 0.8216145833333334 0.016927083333333332 0.015625
0 0.19986979166666666 0.8470052083333334 0.014322916666666666 0.014322916666666666
0 0.034505208333333336 0.935546875 0.014322916666666666 0.014322916666666666
0 0.9401041666666666 0.09049479166666667 0.010416666666666666 0.01171875
0 0.7708333333333334 0.3932291666666667 0.020833333333333332 0.020833333333333332
0 0.8313802083333334 0.34765625 0.01171875 0.013020833333333334
0 0.19661458333333334 0.8229166666666666 0.015625 0.018229166666666668
0 0.21940104166666666 0.845703125 0.014322916666666666 0.014322916666666666
0 0.3899739583333333 0.9134114583333334 0.01171875 0.014322916666666666