0 0.6888020833333334 0.5423177083333334 0.17708333333333334 0.20833333333333334
0 0.4108072916666667 0.73828125 0.0390625 0.048177083333333336
0 0.69921875 0.7265625 0.036458333333333336 0.040364583333333336
0 0.1953125 0.4811197916666667 0.05859375 0.052083333333333336
0 0.60546875 0.9166666666666666 0.049479166666666664 0.0625
0 0.076171875 0.4088541666666667 0.045572916666666664 0.045572916666666664
0 0.509765625 0.23697916666666666 0.07942708333333333 0.08072916666666667
0 0.13606770833333334 0.177734375 0.028645833333333332 0.02734375
0 0.9778645833333334 0.6354166666666666 0.037760416666666664 0.037760416666666664
0 0.814453125 0.3294270833333333 0.0390625 0.0390625
0 0.035807291666666664 0.4459635416666667 0.036458333333333336 0.037760416666666664
0 0.6087239583333334 0.744140625 0.033854166666666664 0.03125