0 0.7884114583333334 0.3287760416666667 0.03515625 0.037760416666666664
0 0.4244791666666667 0.931640625 0.026041666666666668 0.029947916666666668
0 0.6438802083333334 0.8795572916666666 0.02734375 0.029947916666666668
0 0.8177083333333334 0.5885416666666666 0.028645833333333332 0.028645833333333332
0 0.7200520833333334 0.4856770833333333 0.015625 0.013020833333333334
0 0.212890625 0.60546875 0.01953125 0.020833333333333332
0 0.9889322916666666 0.162109375 0.016927083333333332 0.01953125
0 0.7688802083333334 0.4485677083333333 0.016927083333333332 0.016927083333333332
0 0.3951822916666667 0.5481770833333334 0.01953125 0.018229166666666668
0 0.3072916666666667 0.8802083333333334 0.013020833333333334 0.013020833333333334
0 0.3932291666666667 0.9661458333333334 0.015625 0.018229166666666668
0 0.4537760416666667 0.01953125 0.06640625 0.0390625
0 0.8951822916666666 0.09505208333333333 0.014322916666666666 0.013020833333333334
0 0.6139322916666666 0.6575520833333334 0.016927083333333332 0.018229166666666668
0 0.94140625 0.99609375 0.015625 0.005208333333333333
0 0.7799479166666666 0.7740885416666666 0.010416666666666666 0.01171875