0 0.427734375 0.8248697916666666 0.05078125 0.045572916666666664
0 0.5201822916666666 0.9739583333333334 0.016927083333333332 0.013020833333333334
0 0.4563802083333333 0.4088541666666667 0.032552083333333336 0.033854166666666664
0 0.54296875 0.3912760416666667 0.028645833333333332 0.029947916666666668
0 0.8893229166666666 0.7955729166666666 0.026041666666666668 0.026041666666666668
0 0.3567708333333333 0.828125 0.020833333333333332 0.015625
0 0.3645833333333333 0.548828125 0.013020833333333334 0.01171875
0 0.3489583333333333 0.4934895833333333 0.015625 0.013020833333333334
0 0.990234375 0.16015625 0.014322916666666666 0.013020833333333334
0 0.9934895833333334 0.12890625 0.013020833333333334 0.020833333333333332
0 0.4205729166666667 0.5286458333333334 0.009114583333333334 0.0078125
0 0.6171875 0.3053385416666667 0.010416666666666666 0.01171875
0 0.4798177083333333 0.17838541666666666 0.010416666666666666 0.010416666666666666
0 0.3899739583333333 0.767578125 0.009114583333333334 0.009114583333333334
0 0.4407552083333333 0.8990885416666666 0.01171875 0.013020833333333334
0 0.17838541666666666 0.9348958333333334 0.01171875 0.010416666666666666
0 0.41796875 0.6373697916666666 0.0078125 0.0078125
0 0.7311197916666666 0.7799479166666666 0.010416666666666666 0.009114583333333334
0 0.6770833333333334 0.23567708333333334 0.010416666666666666 0.010416666666666666
0 0.3411458333333333 0.7734375 0.009114583333333334 0.009114583333333334
0 0.6360677083333334 0.8059895833333334 0.009114583333333334 0.009114583333333334
0 0.28515625 0.8404947916666666 0.010416666666666666 0.010416666666666666
0 0.830078125 0.4934895833333333 0.009114583333333334 0.0078125
0 0.5501302083333334 0.5611979166666666 0.0078125 0.0078125
0 0.7701822916666666 0.11848958333333333 0.009114583333333334 0.009114583333333334
0 0.6458333333333334 0.9016927083333334 0.013020833333333334 0.01171875
0 0.3235677083333333 0.4401041666666667 0.010416666666666666 0.010416666666666666
0 0.6171875 0.509765625 0.014322916666666666 0.014322916666666666
0 0.7434895833333334 0.6360677083333334 0.0078125 0.006510416666666667
0 0.3990885416666667 0.736328125 0.0078125 0.009114583333333334
0 0.5690104166666666 0.10677083333333333 0.0078125 0.009114583333333334
0 0.6985677083333334 0.830078125 0.01953125 0.01953125
0 0.708984375 0.5930989583333334 0.0078125 0.006510416666666667
0 0.4720052083333333 0.8528645833333334 0.010416666666666666 0.010416666666666666
0 0.861328125 0.8977864583333334 0.0078125 0.0078125
0 0.3880208333333333 0.9407552083333334 0.0078125 0.0078125
0 0.4700520833333333 0.9622395833333334 0.009114583333333334 0.009114583333333334
0 0.7096354166666666 0.9407552083333334 0.009114583333333334 0.009114583333333334
0 0.8294270833333334 0.689453125 0.010416666666666666 0.009114583333333334
0 0.3391927083333333 0.3307291666666667 0.0078125 0.0078125
0 0.7135416666666666 0.794921875 0.0078125 0.0078125