0 0.6373697916666666 0.296875 0.048177083333333336 0.044270833333333336
0 0.6412760416666666 0.5540364583333334 0.01953125 0.022135416666666668
0 0.13411458333333334 0.5904947916666666 0.018229166666666668 0.01953125
0 0.17643229166666666 0.6158854166666666 0.02734375 0.015625
0 0.029296875 0.6490885416666666 0.01953125 0.01953125
0 0.10221354166666667 0.8313802083333334 0.029947916666666668 0.01953125
0 0.7337239583333334 0.587890625 0.016927083333333332 0.02734375
0 0.7721354166666666 0.5234375 0.020833333333333332 0.020833333333333332
0 0.5514322916666666 0.4694010416666667 0.022135416666666668 0.022135416666666668
0 0.2727864583333333 0.23958333333333334 0.022135416666666668 0.020833333333333332
0 0.7682291666666666 0.037109375 0.013020833333333334 0.01953125
0 0.4518229166666667 0.6432291666666666 0.015625 0.013020833333333334
0 0.3430989583333333 0.6770833333333334 0.016927083333333332 0.0234375
0 0.9772135416666666 0.7369791666666666 0.024739583333333332 0.020833333333333332
0 0.15104166666666666 0.31640625 0.015625 0.015625
0 0.6126302083333334 0.6686197916666666 0.014322916666666666 0.01953125
0 0.4641927083333333 0.3177083333333333 0.014322916666666666 0.013020833333333334
0 0.013671875 0.22591145833333334 0.016927083333333332 0.016927083333333332
0 0.8697916666666666 0.615234375 0.015625 0.016927083333333332
0 0.9075520833333334 0.6223958333333334 0.018229166666666668 0.020833333333333332
0 0.7981770833333334 0.841796875 0.013020833333333334 0.014322916666666666
0 0.4583333333333333 0.050130208333333336 0.015625 0.014322916666666666