0 0.8294270833333334 0.7180989583333334 0.020833333333333332 0.022135416666666668
0 0.72265625 0.020182291666666668 0.036458333333333336 0.037760416666666664
0 0.5579427083333334 0.21484375 0.08203125 0.09114583333333333
0 0.537109375 0.3059895833333333 0.01953125 0.026041666666666668
0 0.5833333333333334 0.4674479166666667 0.0703125 0.07552083333333333
0 0.353515625 0.2825520833333333 0.02734375 0.03125
0 0.376953125 0.17317708333333334 0.02734375 0.03125
0 0.3645833333333333 0.049479166666666664 0.06510416666666667 0.059895833333333336
0 0.22395833333333334 0.150390625 0.026041666666666668 0.024739583333333332
0 0.1875 0.0703125 0.018229166666666668 0.020833333333333332
0 0.18424479166666666 0.6686197916666666 0.014322916666666666 0.016927083333333332
0 0.1953125 0.8645833333333334 0.020833333333333332 0.020833333333333332
0 0.2421875 0.8352864583333334 0.3255208333333333 0.3268229166666667
0 0.552734375 0.7044270833333334 0.032552083333333336 0.033854166666666664
0 0.5201822916666666 0.6959635416666666 0.17317708333333334 0.18880208333333334
0 0.7545572916666666 0.884765625 0.022135416666666668 0.024739583333333332
0 0.794921875 0.20638020833333334 0.016927083333333332 0.022135416666666668
0 0.96484375 0.3170572916666667 0.018229166666666668 0.01953125
0 0.890625 0.263671875 0.015625 0.014322916666666666
0 0.8782552083333334 0.2727864583333333 0.014322916666666666 0.016927083333333332
0 0.869140625 0.5240885416666666 0.09765625 0.12369791666666667
0 0.931640625 0.4361979166666667 0.11328125 0.15625
0 0.6751302083333334 0.849609375 0.11328125 0.11067708333333333
0 0.6712239583333334 0.22330729166666666 0.014322916666666666 0.01953125
0 0.4505208333333333 0.07161458333333333 0.15885416666666666 0.1171875
0 0.033854166666666664 0.19010416666666666 0.018229166666666668 0.018229166666666668
0 0.3580729166666667 0.9088541666666666 0.020833333333333332 0.020833333333333332
0 0.603515625 0.8938802083333334 0.016927083333333332 0.01953125
0 0.4010416666666667 0.267578125 0.020833333333333332 0.02734375
0 0.40625 0.23828125 0.08072916666666667 0.10416666666666667
0 0.669921875 0.9876302083333334 0.014322916666666666 0.016927083333333332
0 0.814453125 0.5579427083333334 0.016927083333333332 0.022135416666666668
0 0.8098958333333334 0.4309895833333333 0.015625 0.015625
0 0.77734375 0.220703125 0.013020833333333334 0.014322916666666666
0 0.708984375 0.23372395833333334 0.014322916666666666 0.014322916666666666
0 0.71484375 0.055989583333333336 0.015625 0.018229166666666668
0 0.5625 0.380859375 0.013020833333333334 0.014322916666666666
0 0.470703125 0.4147135416666667 0.014322916666666666 0.014322916666666666
0 0.5963541666666666 0.5989583333333334 0.013020833333333334 0.015625
0 0.19270833333333334 0.6848958333333334 0.013020833333333334 0.015625
0 0.14453125 0.8313802083333334 0.044270833333333336 0.055989583333333336
0 0.3971354166666667 0.7337239583333334 0.013020833333333334 0.016927083333333332
0 0.7154947916666666 0.9055989583333334 0.014322916666666666 0.014322916666666666
0 0.9309895833333334 0.5611979166666666 0.010416666666666666 0.015625
0 0.95703125 0.12760416666666666 0.010416666666666666 0.010416666666666666
0 0.9368489583333334 0.94140625 0.014322916666666666 0.010416666666666666
0 0.654296875 0.9889322916666666 0.01171875 0.014322916666666666
0 0.6744791666666666 0.96484375 0.010416666666666666 0.013020833333333334
0 0.4348958333333333 0.98046875 0.013020833333333334 0.013020833333333334
0 0.396484375 0.8235677083333334 0.01171875 0.014322916666666666
0 0.189453125 0.482421875 0.01171875 0.014322916666666666
0 0.22526041666666666 0.5514322916666666 0.010416666666666666 0.01171875
0 0.011067708333333334 0.7102864583333334 0.01171875 0.014322916666666666
0 0.17513020833333334 0.4186197916666667 0.01171875 0.014322916666666666
0 0.18033854166666666 0.022135416666666668 0.01171875 0.013020833333333334