0 0.3033854166666667 0.4778645833333333 0.10416666666666667 0.1015625
0 0.6302083333333334 0.4869791666666667 0.026041666666666668 0.0234375
0 0.6217447916666666 0.3125 0.022135416666666668 0.018229166666666668
0 0.375 0.14322916666666666 0.020833333333333332 0.020833333333333332
0 0.712890625 0.11002604166666667 0.024739583333333332 0.022135416666666668
0 0.8444010416666666 0.9153645833333334 0.032552083333333336 0.03125
0 0.8815104166666666 0.7200520833333334 0.028645833333333332 0.028645833333333332
0 0.7981770833333334 0.2799479166666667 0.0234375 0.026041666666666668
0 0.8092447916666666 0.3131510416666667 0.01953125 0.01953125
0 0.748046875 0.181640625 0.016927083333333332 0.016927083333333332
0 0.07942708333333333 0.3359375 0.033854166666666664 0.033854166666666664
0 0.708984375 0.919921875 0.022135416666666668 0.022135416666666668
0 0.11783854166666667 0.5065104166666666 0.016927083333333332 0.020833333333333332
0 0.685546875 0.298828125 0.014322916666666666 0.014322916666666666
0 0.7819010416666666 0.30078125 0.01171875 0.013020833333333334
0 0.7473958333333334 0.16796875 0.013020833333333334 0.013020833333333334
0 0.7063802083333334 0.14583333333333334 0.014322916666666666 0.015625
0 0.03515625 0.5162760416666666 0.013020833333333334 0.014322916666666666
0 0.10221354166666667 0.556640625 0.009114583333333334 0.01171875
0 0.3248697916666667 0.8684895833333334 0.01171875 0.010416666666666666
0 0.5813802083333334 0.6197916666666666 0.009114583333333334 0.010416666666666666