0 0.263671875 0.685546875 0.032552083333333336 0.032552083333333336
0 0.20703125 0.7942708333333334 0.07291666666666667 0.06510416666666667
0 0.20963541666666666 0.6640625 0.026041666666666668 0.020833333333333332
0 0.23567708333333334 0.6927083333333334 0.015625 0.026041666666666668
0 0.388671875 0.8359375 0.022135416666666668 0.026041666666666668
0 0.3645833333333333 0.9140625 0.026041666666666668 0.026041666666666668
0 0.040364583333333336 0.6217447916666666 0.0234375 0.01953125
0 0.06770833333333333 0.8098958333333334 0.1171875 0.17447916666666666
0 0.039713541666666664 0.6829427083333334 0.024739583333333332 0.01953125
0 0.12434895833333333 0.6282552083333334 0.016927083333333332 0.01953125
0 0.028645833333333332 0.533203125 0.013020833333333334 0.014322916666666666
0 0.13802083333333334 0.4407552083333333 0.015625 0.022135416666666668
0 0.055989583333333336 0.5188802083333334 0.018229166666666668 0.016927083333333332
0 0.3177083333333333 0.451171875 0.08333333333333333 0.08463541666666667
0 0.4309895833333333 0.3899739583333333 0.0234375 0.01953125
0 0.6087239583333334 0.3828125 0.045572916666666664 0.052083333333333336
0 0.5546875 0.4622395833333333 0.036458333333333336 0.0390625
0 0.5963541666666666 0.7356770833333334 0.0859375 0.10416666666666667
0 0.626953125 0.20182291666666666 0.053385416666666664 0.052083333333333336
0 0.7076822916666666 0.5201822916666666 0.032552083333333336 0.02734375
0 0.705078125 0.4765625 0.024739583333333332 0.028645833333333332
0 0.7825520833333334 0.84765625 0.0625 0.08072916666666667
0 0.8834635416666666 0.52734375 0.029947916666666668 0.0390625
0 0.8854166666666666 0.9342447916666666 0.026041666666666668 0.032552083333333336
0 0.8912760416666666 0.634765625 0.08463541666666667 0.08463541666666667
0 0.9225260416666666 0.845703125 0.12630208333333334 0.13151041666666666
0 0.4296875 0.29296875 0.013020833333333334 0.013020833333333334
0 0.4427083333333333 0.3450520833333333 0.013020833333333334 0.013020833333333334
0 0.6575520833333334 0.3919270833333333 0.013020833333333334 0.015625
0 0.6412760416666666 0.6217447916666666 0.01953125 0.01953125
0 0.8216145833333334 0.203125 0.0234375 0.020833333333333332
0 0.8639322916666666 0.18815104166666666 0.01953125 0.014322916666666666
0 0.8971354166666666 0.052083333333333336 0.020833333333333332 0.020833333333333332
0 0.986328125 0.026041666666666668 0.01953125 0.026041666666666668
0 0.7845052083333334 0.5989583333333334 0.01953125 0.013020833333333334
0 0.3515625 0.6282552083333334 0.013020833333333334 0.01953125
0 0.19010416666666666 0.25390625 0.013020833333333334 0.013020833333333334
0 0.11197916666666667 0.013020833333333334 0.028645833333333332 0.013020833333333334
0 0.02734375 0.08138020833333333 0.015625 0.01953125
0 0.7141927083333334 0.580078125 0.016927083333333332 0.016927083333333332
0 0.2864583333333333 0.740234375 0.015625 0.01953125
0 0.189453125 0.15234375 0.01171875 0.018229166666666668
0 0.689453125 0.201171875 0.014322916666666666 0.016927083333333332