0 0.426025390625 0.58154296875 0.005679277858526177 0.005648760280401177
0 0.38916015625 0.366455078125 0.005808977565557427 0.005648760280401177
0 0.35107421875 0.303955078125 0.004836229762823052 0.005129961452276251
0 0.5107421875 0.53369140625 0.00855504442875669 0.00889073778813169
0 0.295654296875 0.5478515625 0.005587725124151251 0.005908159694463677
0 0.261474609375 0.490966796875 0.005274919948370001 0.005274919948369927
0 0.50341796875 0.5625 0.005366472682744927 0.005808977565557427
0 0.279296875 0.423095703125 0.012883404287201028 0.012273052724701028
0 0.459228515625 0.505859375 0.005877642116338677 0.005648760280401177
0 0.5263671875 0.5 0.009373882802826028 0.009137371572357278
0 0.255615234375 0.83935546875 0.015721539052826028 0.01554606297860713
0 0.29736328125 0.75 0.005679277858526251 0.005778459987432427
0 0.273681640625 0.1680908203125 0.009028066889694264 0.008432974116256764
0 0.87841796875 0.1724853515625 0.005217699489385552 0.005396990260870001
0 0.1240234375 0.2445068359375 0.010289410146576028 0.009877422841888528
0 0.381591796875 0.544921875 0.005187181911260552 0.005557207546026177
0 0.92431640625 0.830078125 0.00885259081547544 0.00895940233891294
0 0.264404296875 0.6044921875 0.004668383083135626 0.004721788844854302
0 0.80224609375 0.07684326171875 0.005747942409307427 0.005778459987432501
0 0.798828125 0.1898193359375 0.01173136571298213 0.010922649892669778
0 0.316162109375 0.396240234375 0.005427507838995001 0.005618242702276177
0 0.72998046875 0.186279296875 0.00958750584970088 0.009549358877044778
0 0.8154296875 0.1214599609375 0.005427507838994927 0.005274919948370001
0 0.70751953125 0.83251953125 0.005778459987432427 0.005717424831182427
0 0.5869140625 0.30810546875 0.005877642116338677 0.005976824245245001
0 0.52001953125 0.89404296875 0.004668383083135552 0.004779009303838677
0 0.5126953125 0.85595703125 0.004584459743291802 0.004637865505010552
0 0.85009765625 0.38134765625 0.01368449071298213 0.013379314931732278
0 0.88525390625 0.1361083984375 0.005618242702276177 0.005366472682745001
0 0.8232421875 0.5869140625 0.01021311620126338 0.009915569814544778
0 0.1265869140625 0.260498046875 0.005156664333135626 0.005011705837041876
0 0.76025390625 0.81201171875 0.00859319140141294 0.00889073778813169
0 0.047943115234375 0.394287109375 0.006076006374151251 0.005679277858526177
0 0.7705078125 0.8857421875 0.004313616237432427 0.004393724880010552
0 0.455322265625 0.59130859375 0.004180101833135552 0.004420427760869927
0 0.34228515625 0.341552734375 0.005217699489385552 0.005427507838994927
0 0.2156982421875 0.1649169921875 0.008989919917038014 0.008524526850631764
0 0.9306640625 0.8125 0.00973246434579463 0.00913737157235713
0 0.62255859375 0.8076171875 0.005248217067510552 0.005618242702276177
0 0.85009765625 0.955078125 0.01409647801766963 0.01308176854501338
0 0.325439453125 0.9169921875 0.005396990260870001 0.005648760280401177
0 0.172607421875 0.037811279296875 0.008890737788131764 0.008852590815475509
0 0.92236328125 0.88720703125 0.004668383083135552 0.005011705837041802
0 0.235107421875 0.7626953125 0.019704082998138528 0.01889536717782588
0 0.4814453125 0.455810546875 0.010922649892669778 0.010449627431732278
0 0.4599609375 0.5595703125 0.011998394521576028 0.011388042959076028
0 0.264892578125 0.69482421875 0.003951219997198126 0.004313616237432427
0 0.07696533203125 0.41748046875 0.018269756826263518 0.018071392568451028
0 0.787109375 0.666015625 0.004286913356573052 0.004527239284307427
0 0.69287109375 0.27294921875 0.005778459987432427 0.005274919948370001
0 0.384765625 0.448974609375 0.005099443874151177 0.004779009303838677
0 0.9296875 0.10089111328125 0.005217699489385552 0.004557756862432501
0 0.9365234375 0.7080078125 0.005187181911260552 0.005587725124151177
0 0.64794921875 0.42236328125 0.014973858388763528 0.015195110830169778
0 0.15966796875 0.93896484375 0.004923967799932501 0.005129961452276177
0 0.51171875 0.603515625 0.004130510768682427 0.004473833522588677
0 0.767578125 0.399169921875 0.00948069432626338 0.009518841298919778
0 0.67236328125 0.79443359375 0.005068926296026177 0.005465654811651177
0 0.74609375 0.36181640625 0.00889073778813169 0.00808202196781919
0 0.55908203125 0.78076171875 0.019704082998138528 0.01965830663095088
0 0.74072265625 0.59521484375 0.005396990260869927 0.005427507838994927
0 0.5263671875 0.0894775390625 0.017338970693451028 0.015843609365326018
0 0.701171875 0.84814453125 0.003630785426885552 0.004000811061651177
0 0.224365234375 0.07080078125 0.03642771581063853 0.03288767674813852
0 0.74267578125 0.55615234375 0.00889073778813169 0.00885259081547544
0 0.6015625 0.463623046875 0.004668383083135552 0.004893450221807427
0 0.255126953125 0.76025390625 0.012784222158294778 0.01514170506845088
0 0.9775390625 0.86181640625 0.004103807887823052 0.004313616237432427
0 0.828125 0.11419677734375 0.004050402126104302 0.004153398952276251
0 0.0970458984375 0.8935546875 0.004367021999151251 0.005557207546026177
0 0.751953125 0.1826171875 0.004668383083135552 0.004695085963995001
0 0.734375 0.45361328125 0.004668383083135552 0.004393724880010552
0 0.230224609375 0.93115234375 0.003951219997198126 0.004893450221807427
0 0.82421875 0.434326171875 0.004367021999151177 0.004527239284307427
0 0.681640625 0.329345703125 0.004313616237432427 0.004130510768682501
0 0.388671875 0.552734375 0.003951219997198052 0.004260210475713677
0 0.97509765625 0.4501953125 0.00905858446781919 0.007666219965866065
0 0.68212890625 0.90869140625 0.003703264674932427 0.003802446803838677
0 0.69287109375 0.9296875 0.004637865505010552 0.004393724880010552
0 0.9755859375 0.1649169921875 0.003874926051885552 0.004130510768682501
0 0.57373046875 0.7958984375 0.00802098681156919 0.00889073778813169
0 0.876953125 0.2841796875 0.004893450221807427 0.004721788844854376
0 0.49072265625 0.4384765625 0.004695085963994927 0.004340319118291802
0 0.258056640625 0.64794921875 0.0033294243429012513 0.004367021999151177
0 0.54443359375 0.88720703125 0.003127245387823052 0.003802446803838677
0 0.86083984375 0.90576171875 0.003825334987432427 0.004393724880010552
0 0.513671875 0.8681640625 0.003630785426885552 0.004103807887823052
0 0.99609375 0.6341145833333334 0.0078125 0.010416666666666666
0 0.763671875 0.7275390625 0.05125925877938838 0.04555247167001338
0 0.8720703125 0.237060546875 0.004527239284307427 0.004393724880010626
0 0.86474609375 0.451171875 0.004027513942510552 0.003974108180791802
0 0.921875 0.74072265625 0.004393724880010552 0.004473833522588677
0 0.371337890625 0.97509765625 0.00781499315922544 0.00898991991703794
0 0.5498046875 0.8916015625 0.003852037868291802 0.003825334987432427
0 0.281005859375 0.78759765625 0.013226727041107278 0.01186106542001338
0 0.6904296875 0.48388671875 0.004313616237432427 0.003901628932744927
0 0.40185546875 0.5712890625 0.003752855739385552 0.004027513942510552
0 0.064208984375 0.491943359375 0.01657603124032601 0.016820171865326028
0 0.32666015625 0.178466796875 0.010602215322357278 0.010174969228607278
0 0.390869140625 0.12188720703125 0.005038408717901177 0.004779009303838751
0 0.5615234375 0.525390625 0.003852037868291802 0.004260210475713677
0 0.6806640625 0.375244140625 0.004206804713994927 0.005156664333135552
0 0.65283203125 0.369140625 0.009991863759857278 0.012181499990326028
0 0.1922607421875 0.005218505859375 0.003951219997198126 0.0037528557393856194
0 0.77587890625 0.1953125 0.003726152858526177 0.0036078972432918763
0 0.50830078125 0.9873046875 0.004447130641729302 0.004752306422979302
0 0.52490234375 0.82763671875 0.003016619167119927 0.003974108180791802
0 0.3134765625 0.88671875 0.004000811061651251 0.004668383083135552
0 0.7763671875 0.8759765625 0.003703264674932427 0.004340319118291802
0 0.6513671875 0.9013671875 0.003653673610479302 0.004000811061651177
0 0.380615234375 0.161376953125 0.17955515721688853 0.17442820409188853
0 0.0279541015625 0.93212890625 0.008791555659225505 0.01124822069828794
0 0.9658203125 0.44287109375 0.004103807887823052 0.004286913356573052
0 0.65478515625 0.8408203125 0.003874926051885552 0.003775743922979302