0 0.2779947916666667 0.529296875 0.19921875 0.18359375
0 0.400390625 0.498046875 0.01953125 0.029947916666666668
0 0.8756510416666666 0.3971354166666667 0.05859375 0.0546875
0 0.10546875 0.76171875 0.026041666666666668 0.028645833333333332
0 0.14127604166666666 0.8072916666666666 0.13411458333333334 0.09375
0 0.2740885416666667 0.7682291666666666 0.014322916666666666 0.0234375
0 0.5221354166666666 0.8600260416666666 0.028645833333333332 0.029947916666666668
0 0.049479166666666664 0.7467447916666666 0.020833333333333332 0.01953125
0 0.9674479166666666 0.587890625 0.018229166666666668 0.024739583333333332
0 0.984375 0.3665364583333333 0.0234375 0.037760416666666664
0 0.5455729166666666 0.18359375 0.03125 0.0390625
0 0.1640625 0.043619791666666664 0.015625 0.01953125
0 0.94140625 0.8079427083333334 0.018229166666666668 0.022135416666666668
0 0.7265625 0.837890625 0.020833333333333332 0.01953125
0 0.947265625 0.9407552083333334 0.01953125 0.016927083333333332
0 0.251953125 0.7252604166666666 0.016927083333333332 0.018229166666666668
0 0.4680989583333333 0.546875 0.01953125 0.015625
0 0.609375 0.7063802083333334 0.018229166666666668 0.016927083333333332
0 0.7109375 0.6158854166666666 0.015625 0.015625
0 0.4251302083333333 0.6497395833333334 0.014322916666666666 0.013020833333333334
0 0.251953125 0.5963541666666666 0.014322916666666666 0.013020833333333334
0 0.294921875 0.7408854166666666 0.01171875 0.013020833333333334
0 0.8365885416666666 0.904296875 0.016927083333333332 0.01953125
0 0.7916666666666666 0.8411458333333334 0.013020833333333334 0.013020833333333334