0 0.6966145833333334 0.4166666666666667 0.036458333333333336 0.03125
0 0.6432291666666666 0.9114583333333334 0.033854166666666664 0.03125
0 0.3157552083333333 0.0546875 0.03515625 0.028645833333333332
0 0.880859375 0.3053385416666667 0.02734375 0.022135416666666668
0 0.7513020833333334 0.51171875 0.020833333333333332 0.026041666666666668
0 0.7389322916666666 0.8717447916666666 0.016927083333333332 0.016927083333333332
0 0.314453125 0.5735677083333334 0.024739583333333332 0.01953125
0 0.3665364583333333 0.2825520833333333 0.01953125 0.0234375
0 0.8736979166666666 0.4134114583333333 0.013020833333333334 0.014322916666666666
0 0.8873697916666666 0.58203125 0.08463541666666667 0.10677083333333333
0 0.11393229166666667 0.08723958333333333 0.016927083333333332 0.015625
0 0.91015625 0.9798177083333334 0.020833333333333332 0.014322916666666666
0 0.23763020833333334 0.06901041666666667 0.01953125 0.015625