0 0.3014322916666667 0.1328125 0.03515625 0.03125
0 0.15104166666666666 0.10611979166666667 0.033854166666666664 0.029947916666666668
0 0.169921875 0.15950520833333334 0.01953125 0.01953125
0 0.1796875 0.20768229166666666 0.020833333333333332 0.01953125
0 0.2610677083333333 0.22786458333333334 0.032552083333333336 0.026041666666666668
0 0.171875 0.412109375 0.0234375 0.024739583333333332
0 0.3033854166666667 0.3678385416666667 0.013020833333333334 0.01953125
0 0.3098958333333333 0.3938802083333333 0.013020833333333334 0.01953125
0 0.3912760416666667 0.373046875 0.11067708333333333 0.11588541666666667
0 0.4563802083333333 0.17578125 0.18880208333333334 0.16927083333333334
0 0.5305989583333334 0.12825520833333334 0.03515625 0.03515625
0 0.4765625 0.043619791666666664 0.10416666666666667 0.08203125
0 0.18359375 0.5494791666666666 0.020833333333333332 0.018229166666666668
0 0.322265625 0.5533854166666666 0.022135416666666668 0.026041666666666668
0 0.6946614583333334 0.173828125 0.16796875 0.16276041666666666
0 0.7350260416666666 0.419921875 0.31640625 0.29296875
0 0.4973958333333333 0.625 0.0234375 0.026041666666666668
0 0.05859375 0.716796875 0.0625 0.06380208333333333
0 0.201171875 0.7975260416666666 0.016927083333333332 0.01953125
0 0.4010416666666667 0.7845052083333334 0.0234375 0.01953125
0 0.6842447916666666 0.8092447916666666 0.02734375 0.024739583333333332
0 0.4368489583333333 0.7076822916666666 0.08463541666666667 0.07421875
0 0.55078125 0.791015625 0.078125 0.07161458333333333
0 0.057942708333333336 0.8671875 0.016927083333333332 0.013020833333333334
0 0.9563802083333334 0.44921875 0.022135416666666668 0.026041666666666668
0 0.8385416666666666 0.71875 0.020833333333333332 0.018229166666666668
0 0.8072916666666666 0.751953125 0.018229166666666668 0.01953125
0 0.66015625 0.6119791666666666 0.08854166666666667 0.078125
0 0.9342447916666666 0.026041666666666668 0.024739583333333332 0.026041666666666668
0 0.014322916666666666 0.9381510416666666 0.026041666666666668 0.06640625
0 0.212890625 0.88671875 0.040364583333333336 0.041666666666666664
0 0.07356770833333333 0.9440104166666666 0.016927083333333332 0.013020833333333334
0 0.14127604166666666 0.845703125 0.014322916666666666 0.016927083333333332
0 0.65625 0.498046875 0.015625 0.016927083333333332
0 0.4602864583333333 0.478515625 0.014322916666666666 0.006510416666666667
0 0.5833333333333334 0.642578125 0.013020833333333334 0.016927083333333332
0 0.84375 0.8125 0.026041666666666668 0.036458333333333336
0 0.049479166666666664 0.6178385416666666 0.015625 0.014322916666666666
0 0.20638020833333334 0.57421875 0.014322916666666666 0.013020833333333334
0 0.6243489583333334 0.501953125 0.022135416666666668 0.016927083333333332
0 0.8893229166666666 0.5221354166666666 0.015625 0.018229166666666668
0 0.9778645833333334 0.5690104166666666 0.026041666666666668 0.0234375
0 0.9427083333333334 0.3678385416666667 0.018229166666666668 0.016927083333333332
0 0.9928385416666666 0.031901041666666664 0.014322916666666666 0.024739583333333332