0 0.615234375 0.3131510416666667 0.029947916666666668 0.05078125
0 0.4694010416666667 0.09830729166666667 0.045572916666666664 0.05078125
0 0.4134114583333333 0.12044270833333333 0.048177083333333336 0.045572916666666664
0 0.19466145833333334 0.08268229166666667 0.19921875 0.14713541666666666
0 0.0625 0.4270833333333333 0.09114583333333333 0.12239583333333333
0 0.2708333333333333 0.4459635416666667 0.078125 0.08463541666666667
0 0.4016927083333333 0.3522135416666667 0.18359375 0.20703125
0 0.5279947916666666 0.150390625 0.01953125 0.024739583333333332
0 0.6471354166666666 0.10481770833333333 0.11458333333333333 0.11848958333333333
0 0.7265625 0.16731770833333334 0.013020833333333334 0.016927083333333332
0 0.501953125 0.2545572916666667 0.16276041666666666 0.16796875
0 0.544921875 0.17903645833333334 0.037760416666666664 0.045572916666666664
0 0.40625 0.3131510416666667 0.015625 0.014322916666666666
0 0.7688802083333334 0.4147135416666667 0.01953125 0.016927083333333332
0 0.4576822916666667 0.6569010416666666 0.02734375 0.024739583333333332
0 0.5071614583333334 0.5891927083333334 0.10026041666666667 0.11067708333333333
0 0.6061197916666666 0.5442708333333334 0.01953125 0.020833333333333332
0 0.697265625 0.4479166666666667 0.01953125 0.020833333333333332
0 0.81640625 0.16080729166666666 0.015625 0.01953125
0 0.9518229166666666 0.3776041666666667 0.020833333333333332 0.026041666666666668
0 0.8815104166666666 0.17057291666666666 0.028645833333333332 0.028645833333333332
0 0.9674479166666666 0.17643229166666666 0.052083333333333336 0.15494791666666666
0 0.5514322916666666 0.7649739583333334 0.02734375 0.01953125
0 0.88671875 0.56640625 0.018229166666666668 0.026041666666666668
0 0.8958333333333334 0.8515625 0.026041666666666668 0.03125
0 0.7552083333333334 0.84765625 0.0625 0.06770833333333333
0 0.806640625 0.912109375 0.016927083333333332 0.014322916666666666
0 0.8645833333333334 0.49609375 0.25 0.23177083333333334
0 0.8880208333333334 0.369140625 0.015625 0.016927083333333332
0 0.4010416666666667 0.8333333333333334 0.09114583333333333 0.078125
0 0.3365885416666667 0.7486979166666666 0.014322916666666666 0.013020833333333334
0 0.19140625 0.6295572916666666 0.25 0.24348958333333334
0 0.15625 0.4244791666666667 0.06770833333333333 0.09114583333333333
0 0.19661458333333334 0.828125 0.020833333333333332 0.0234375
0 0.23697916666666666 0.8736979166666666 0.0546875 0.0390625
0 0.0078125 0.837890625 0.013020833333333334 0.03515625
0 0.027994791666666668 0.88671875 0.01953125 0.0234375
0 0.0390625 0.951171875 0.010416666666666666 0.01171875
0 0.10872395833333333 0.9388020833333334 0.19661458333333334 0.10677083333333333
0 0.7252604166666666 0.9348958333333334 0.0625 0.059895833333333336
0 0.59375 0.9635416666666666 0.11197916666666667 0.052083333333333336
0 0.8600260416666666 0.3157552083333333 0.05859375 0.05859375
0 0.7936197916666666 0.650390625 0.03515625 0.032552083333333336
0 0.697265625 0.7161458333333334 0.20182291666666666 0.234375
0 0.7526041666666666 0.3522135416666667 0.013020833333333334 0.014322916666666666
0 0.15234375 0.5345052083333334 0.015625 0.014322916666666666
0 0.020182291666666668 0.24153645833333334 0.032552083333333336 0.040364583333333336
0 0.8118489583333334 0.7779947916666666 0.01171875 0.006510416666666667
0 0.83203125 0.5416666666666666 0.015625 0.015625
0 0.646484375 0.3743489583333333 0.037760416666666664 0.032552083333333336