0 0.07552083333333333 0.15364583333333334 0.0390625 0.0390625
0 0.171875 0.5032552083333334 0.0234375 0.024739583333333332
0 0.6966145833333334 0.962890625 0.0234375 0.022135416666666668
0 0.716796875 0.78125 0.045572916666666664 0.046875
0 0.8502604166666666 0.6842447916666666 0.026041666666666668 0.01953125
0 0.8567708333333334 0.7265625 0.026041666666666668 0.026041666666666668
0 0.8893229166666666 0.5403645833333334 0.026041666666666668 0.03125
0 0.9108072916666666 0.478515625 0.022135416666666668 0.024739583333333332
0 0.7565104166666666 0.5182291666666666 0.018229166666666668 0.026041666666666668
0 0.6549479166666666 0.24869791666666666 0.026041666666666668 0.026041666666666668
0 0.6145833333333334 0.16015625 0.049479166666666664 0.052083333333333336
0 0.5234375 0.3430989583333333 0.015625 0.01953125
0 0.6751302083333334 0.43359375 0.014322916666666666 0.013020833333333334
0 0.6907552083333334 0.6178385416666666 0.01953125 0.022135416666666668
0 0.7565104166666666 0.7819010416666666 0.03125 0.032552083333333336
0 0.21614583333333334 0.3515625 0.018229166666666668 0.03125
0 0.853515625 0.111328125 0.032552083333333336 0.032552083333333336
0 0.8359375 0.392578125 0.0234375 0.024739583333333332
0 0.3177083333333333 0.18815104166666666 0.026041666666666668 0.029947916666666668
0 0.11328125 0.17643229166666666 0.015625 0.032552083333333336
0 0.54296875 0.07161458333333333 0.06770833333333333 0.07291666666666667
0 0.4654947916666667 0.055338541666666664 0.022135416666666668 0.014322916666666666
0 0.443359375 0.6666666666666666 0.01953125 0.015625
0 0.08723958333333333 0.8522135416666666 0.0234375 0.01953125
0 0.208984375 0.6888020833333334 0.01953125 0.020833333333333332
0 0.12109375 0.5377604166666666 0.013020833333333334 0.013020833333333334
0 0.201171875 0.501953125 0.016927083333333332 0.01953125
0 0.8352864583333334 0.14192708333333334 0.01953125 0.018229166666666668
0 0.8430989583333334 0.042317708333333336 0.016927083333333332 0.016927083333333332
0 0.712890625 0.007161458333333333 0.01953125 0.014322916666666666
0 0.2649739583333333 0.03125 0.016927083333333332 0.015625
0 0.0234375 0.09505208333333333 0.044270833333333336 0.057291666666666664