0 0.4817708333333333 0.22786458333333334 0.5989583333333334 0.453125
0 0.17122395833333334 0.3990885416666667 0.055989583333333336 0.055989583333333336
0 0.2604166666666667 0.6848958333333334 0.036458333333333336 0.036458333333333336
0 0.14908854166666666 0.7493489583333334 0.032552083333333336 0.02734375
0 0.6380208333333334 0.7669270833333334 0.03125 0.0234375
0 0.2727864583333333 0.763671875 0.022135416666666668 0.022135416666666668
0 0.17578125 0.8046875 0.018229166666666668 0.018229166666666668
0 0.462890625 0.9407552083333334 0.01953125 0.01953125
0 0.8170572916666666 0.7278645833333334 0.01953125 0.020833333333333332
0 0.7740885416666666 0.662109375 0.014322916666666666 0.014322916666666666
0 0.7643229166666666 0.9029947916666666 0.015625 0.016927083333333332
0 0.8411458333333334 0.8209635416666666 0.026041666666666668 0.022135416666666668
0 0.08919270833333333 0.134765625 0.016927083333333332 0.014322916666666666
0 0.07161458333333333 0.025390625 0.015625 0.014322916666666666
0 0.3619791666666667 0.9563802083333334 0.026041666666666668 0.01953125
0 0.916015625 0.6946614583333334 0.055989583333333336 0.048177083333333336
0 0.7779947916666666 0.7825520833333334 0.016927083333333332 0.015625
0 0.9811197916666666 0.576171875 0.014322916666666666 0.014322916666666666
0 0.544921875 0.5618489583333334 0.024739583333333332 0.024739583333333332
0 0.06575520833333333 0.185546875 0.014322916666666666 0.014322916666666666
0 0.3294270833333333 0.10872395833333333 0.018229166666666668 0.016927083333333332
0 0.71484375 0.9602864583333334 0.013020833333333334 0.01953125
0 0.068359375 0.7044270833333334 0.016927083333333332 0.018229166666666668
0 0.09635416666666667 0.7708333333333334 0.015625 0.015625
0 0.3411458333333333 0.6497395833333334 0.020833333333333332 0.018229166666666668
0 0.5358072916666666 0.8151041666666666 0.016927083333333332 0.015625
0 0.783203125 0.822265625 0.022135416666666668 0.01953125
0 0.7513020833333334 0.6302083333333334 0.010416666666666666 0.010416666666666666
0 0.939453125 0.8157552083333334 0.014322916666666666 0.014322916666666666
0 0.9641927083333334 0.748046875 0.07161458333333333 0.14192708333333334
0 0.9309895833333334 0.7005208333333334 0.013020833333333334 0.013020833333333334
0 0.8802083333333334 0.5 0.010416666666666666 0.010416666666666666
0 0.5286458333333334 0.5338541666666666 0.013020833333333334 0.010416666666666666
0 0.028645833333333332 0.037760416666666664 0.013020833333333334 0.013020833333333334
0 0.5208333333333334 0.33203125 0.013020833333333334 0.013020833333333334
0 0.5227864583333334 0.361328125 0.01171875 0.01171875
0 0.8059895833333334 0.291015625 0.015625 0.014322916666666666
0 0.888671875 0.3092447916666667 0.014322916666666666 0.014322916666666666
0 0.8977864583333334 0.3040364583333333 0.009114583333333334 0.01171875
0 0.9895833333333334 0.453125 0.0078125 0.0078125
0 0.5501302083333334 0.6158854166666666 0.014322916666666666 0.010416666666666666