0 0.5540364583333334 0.17708333333333334 0.040364583333333336 0.033854166666666664
0 0.7194010416666666 0.3248697916666667 0.05859375 0.048177083333333336
0 0.634765625 0.220703125 0.01953125 0.022135416666666668
0 0.8444010416666666 0.572265625 0.17317708333333334 0.15234375
0 0.2682291666666667 0.4375 0.0390625 0.033854166666666664
0 0.537109375 0.6940104166666666 0.032552083333333336 0.026041666666666668
0 0.29296875 0.853515625 0.06510416666666667 0.05859375
0 0.4993489583333333 0.501953125 0.032552083333333336 0.032552083333333336
0 0.043619791666666664 0.6712239583333334 0.022135416666666668 0.01953125
0 0.9016927083333334 0.15364583333333334 0.045572916666666664 0.0390625
0 0.9739583333333334 0.2975260416666667 0.020833333333333332 0.024739583333333332
0 0.21549479166666666 0.5240885416666666 0.024739583333333332 0.016927083333333332
0 0.19661458333333334 0.043619791666666664 0.015625 0.01953125
0 0.055338541666666664 0.046223958333333336 0.01953125 0.01953125
0 0.19010416666666666 0.8828125 0.015625 0.026041666666666668
0 0.4244791666666667 0.2936197916666667 0.0234375 0.01953125
0 0.45703125 0.3235677083333333 0.0234375 0.01953125
0 0.70703125 0.3782552083333333 0.018229166666666668 0.01953125
0 0.51171875 0.080078125 0.018229166666666668 0.01953125
0 0.3190104166666667 0.043619791666666664 0.013020833333333334 0.024739583333333332
0 0.7975260416666666 0.11783854166666667 0.01953125 0.01953125
0 0.22916666666666666 0.7298177083333334 0.015625 0.01953125
0 0.2421875 0.86328125 0.0234375 0.026041666666666668
0 0.2662760416666667 0.38671875 0.01953125 0.0234375
0 0.78515625 0.892578125 0.018229166666666668 0.01953125
0 0.3938802083333333 0.8684895833333334 0.014322916666666666 0.015625
0 0.22330729166666666 0.9583333333333334 0.01171875 0.013020833333333334
0 0.12044270833333333 0.83203125 0.01171875 0.010416666666666666
0 0.09244791666666667 0.5859375 0.013020833333333334 0.013020833333333334
0 0.12565104166666666 0.3606770833333333 0.014322916666666666 0.013020833333333334
0 0.251953125 0.4075520833333333 0.016927083333333332 0.015625
0 0.22721354166666666 0.404296875 0.01171875 0.01171875
0 0.4401041666666667 0.2760416666666667 0.013020833333333334 0.010416666666666666
0 0.9290364583333334 0.2662760416666667 0.014322916666666666 0.016927083333333332
0 0.7766927083333334 0.20442708333333334 0.014322916666666666 0.013020833333333334