0 0.09505208333333333 0.2786458333333333 0.020833333333333332 0.020833333333333332
0 0.1796875 0.4661458333333333 0.041666666666666664 0.041666666666666664
0 0.015625 0.3795572916666667 0.015625 0.01953125
0 0.030598958333333332 0.4947916666666667 0.009114583333333334 0.015625
0 0.6458333333333334 0.6575520833333334 0.0234375 0.026041666666666668
0 0.7350260416666666 0.6927083333333334 0.01953125 0.020833333333333332
0 0.6282552083333334 0.9524739583333334 0.01953125 0.014322916666666666
0 0.5546875 0.9505208333333334 0.015625 0.015625
0 0.904296875 0.7701822916666666 0.01171875 0.01171875
0 0.11263020833333333 0.3365885416666667 0.05078125 0.05078125
0 0.5338541666666666 0.05078125 0.013020833333333334 0.013020833333333334
0 0.8138020833333334 0.022786458333333332 0.026041666666666668 0.022135416666666668
0 0.6549479166666666 0.86328125 0.010416666666666666 0.010416666666666666
0 0.16471354166666666 0.8125 0.009114583333333334 0.010416666666666666
0 0.16015625 0.8248697916666666 0.010416666666666666 0.009114583333333334
0 0.818359375 0.296875 0.01171875 0.013020833333333334