0 0.5325520833333334 0.20768229166666666 0.059895833333333336 0.048177083333333336
0 0.8411458333333334 0.3587239583333333 0.09375 0.08463541666666667
0 0.2877604166666667 0.5787760416666666 0.06770833333333333 0.055989583333333336
0 0.18359375 0.49609375 0.015625 0.018229166666666668
0 0.046223958333333336 0.06315104166666667 0.05078125 0.040364583333333336
0 0.271484375 0.203125 0.032552083333333336 0.033854166666666664
0 0.16341145833333334 0.07942708333333333 0.02734375 0.020833333333333332
0 0.56640625 0.6959635416666666 0.0390625 0.03515625
0 0.9420572916666666 0.5026041666666666 0.055989583333333336 0.059895833333333336
0 0.8528645833333334 0.69921875 0.09114583333333333 0.09375
0 0.8678385416666666 0.7819010416666666 0.024739583333333332 0.032552083333333336
0 0.08072916666666667 0.9303385416666666 0.026041666666666668 0.029947916666666668
0 0.046875 0.7141927083333334 0.0234375 0.014322916666666666
0 0.5345052083333334 0.8580729166666666 0.014322916666666666 0.020833333333333332
0 0.6686197916666666 0.71875 0.016927083333333332 0.015625
0 0.2649739583333333 0.23567708333333334 0.016927083333333332 0.018229166666666668
0 0.5618489583333334 0.9921875 0.024739583333333332 0.015625
0 0.2630208333333333 0.3619791666666667 0.013020833333333334 0.015625
0 0.9388020833333334 0.11979166666666667 0.015625 0.018229166666666668
0 0.9947916666666666 0.921875 0.010416666666666666 0.028645833333333332
0 0.3834635416666667 0.9049479166666666 0.014322916666666666 0.013020833333333334
0 0.7688802083333334 0.896484375 0.014322916666666666 0.016927083333333332
0 0.06966145833333333 0.8821614583333334 0.01171875 0.014322916666666666