0 0.6106770833333334 0.7721354166666666 0.020833333333333332 0.020833333333333332
0 0.6946614583333334 0.759765625 0.01953125 0.009114583333333334
0 0.3580729166666667 0.509765625 0.018229166666666668 0.016927083333333332
0 0.3444010416666667 0.8600260416666666 0.032552083333333336 0.02734375
0 0.3444010416666667 0.7747395833333334 0.01953125 0.013020833333333334
0 0.12434895833333333 0.9817708333333334 0.06901041666666667 0.036458333333333336
0 0.9954427083333334 0.18033854166666666 0.006510416666666667 0.009114583333333334
0 0.025390625 0.3515625 0.01953125 0.013020833333333334
0 0.4700520833333333 0.40234375 0.015625 0.018229166666666668
0 0.484375 0.6009114583333334 0.013020833333333334 0.014322916666666666
0 0.6256510416666666 0.08528645833333333 0.009114583333333334 0.01171875