0 0.8515625 0.828125 0.033854166666666664 0.041666666666666664
0 0.6653645833333334 0.3912760416666667 0.028645833333333332 0.02734375
0 0.9153645833333334 0.14192708333333334 0.028645833333333332 0.036458333333333336
0 0.791015625 0.6412760416666666 0.029947916666666668 0.02734375
0 0.12955729166666666 0.2845052083333333 0.045572916666666664 0.055989583333333336
0 0.4908854166666667 0.19401041666666666 0.026041666666666668 0.0234375
0 0.08723958333333333 0.048828125 0.0390625 0.045572916666666664
0 0.3020833333333333 0.6979166666666666 0.026041666666666668 0.015625
0 0.2578125 0.6868489583333334 0.0234375 0.01953125
0 0.4811197916666667 0.7897135416666666 0.01953125 0.016927083333333332
0 0.501953125 0.80078125 0.016927083333333332 0.013020833333333334
0 0.041015625 0.7369791666666666 0.014322916666666666 0.015625
0 0.6295572916666666 0.4791666666666667 0.022135416666666668 0.020833333333333332
0 0.7096354166666666 0.9459635416666666 0.22395833333333334 0.10807291666666667