0 0.014322916666666666 0.034505208333333336 0.028645833333333332 0.032552083333333336
0 0.373046875 0.013671875 0.032552083333333336 0.02734375
0 0.30078125 0.3352864583333333 0.028645833333333332 0.029947916666666668
0 0.5865885416666666 0.46875 0.032552083333333336 0.033854166666666664
0 0.13997395833333334 0.8170572916666666 0.03125 0.032552083333333336
0 0.66796875 0.552734375 0.03515625 0.03515625
0 0.7272135416666666 0.5338541666666666 0.029947916666666668 0.028645833333333332
0 0.16536458333333334 0.006510416666666667 0.03125 0.013020833333333334
0 0.7604166666666666 0.6178385416666666 0.03515625 0.03515625
0 0.4856770833333333 0.69140625 0.0390625 0.037760416666666664
0 0.630859375 0.298828125 0.028645833333333332 0.028645833333333332
0 0.18098958333333334 0.7272135416666666 0.03515625 0.036458333333333336
0 0.4147135416666667 0.9954427083333334 0.03515625 0.009114583333333334
0 0.7233072916666666 0.6588541666666666 0.036458333333333336 0.03515625
0 0.9752604166666666 0.4811197916666667 0.037760416666666664 0.037760416666666664
0 0.486328125 0.8294270833333334 0.0390625 0.036458333333333336
0 0.755859375 0.98828125 0.029947916666666668 0.0234375
0 0.1171875 0.24934895833333334 0.037760416666666664 0.037760416666666664
0 0.611328125 0.859375 0.029947916666666668 0.03125
0 0.3326822916666667 0.057942708333333336 0.033854166666666664 0.033854166666666664
0 0.5397135416666666 0.8567708333333334 0.028645833333333332 0.032552083333333336
0 0.012369791666666666 0.142578125 0.024739583333333332 0.053385416666666664
0 0.14518229166666666 0.4811197916666667 0.05078125 0.053385416666666664
0 0.18098958333333334 0.6302083333333334 0.052083333333333336 0.07161458333333333
0 0.3131510416666667 0.912109375 0.0390625 0.037760416666666664
0 0.9283854166666666 0.431640625 0.029947916666666668 0.03125
0 0.6998697916666666 0.7252604166666666 0.046875 0.053385416666666664
0 0.47265625 0.19921875 0.02734375 0.026041666666666668
0 0.16731770833333334 0.09505208333333333 0.049479166666666664 0.04296875
0 0.22786458333333334 0.16796875 0.08984375 0.08723958333333333
0 0.21158854166666666 0.6803385416666666 0.045572916666666664 0.041666666666666664
0 0.8951822916666666 0.047526041666666664 0.10546875 0.09505208333333333