0 0.12955729166666666 0.7565104166666666 0.024739583333333332 0.028645833333333332
0 0.0859375 0.07291666666666667 0.026041666666666668 0.028645833333333332
0 0.1171875 0.076171875 0.013020833333333334 0.022135416666666668
0 0.185546875 0.3157552083333333 0.01953125 0.01953125
0 0.17252604166666666 0.140625 0.032552083333333336 0.036458333333333336
0 0.20638020833333334 0.103515625 0.03515625 0.037760416666666664
0 0.578125 0.921875 0.049479166666666664 0.059895833333333336
0 0.22786458333333334 0.7096354166666666 0.09114583333333333 0.1171875
0 0.4205729166666667 0.9309895833333334 0.020833333333333332 0.0234375
0 0.44921875 0.9889322916666666 0.020833333333333332 0.01953125
0 0.3723958333333333 0.611328125 0.2109375 0.20182291666666666
0 0.15299479166666666 0.41015625 0.07161458333333333 0.06510416666666667
0 0.7805989583333334 0.6197916666666666 0.024739583333333332 0.028645833333333332
0 0.96875 0.4296875 0.033854166666666664 0.0390625
0 0.6276041666666666 0.11458333333333333 0.09114583333333333 0.08854166666666667
0 0.8411458333333334 0.8951822916666666 0.015625 0.022135416666666668
0 0.2903645833333333 0.9225260416666666 0.1484375 0.13932291666666666
0 0.76953125 0.5240885416666666 0.015625 0.01953125
0 0.3912760416666667 0.11979166666666667 0.02734375 0.020833333333333332
0 0.345703125 0.029296875 0.024739583333333332 0.01953125
0 0.3528645833333333 0.20572916666666666 0.015625 0.018229166666666668
0 0.3938802083333333 0.17513020833333334 0.01953125 0.01953125
0 0.6067708333333334 0.259765625 0.049479166666666664 0.06380208333333333
0 0.8333333333333334 0.16471354166666666 0.3333333333333333 0.3294270833333333
0 0.732421875 0.7779947916666666 0.01953125 0.01953125
0 0.5963541666666666 0.6588541666666666 0.018229166666666668 0.015625
0 0.470703125 0.8294270833333334 0.016927083333333332 0.018229166666666668
0 0.06966145833333333 0.2630208333333333 0.016927083333333332 0.013020833333333334
0 0.201171875 0.59375 0.014322916666666666 0.010416666666666666
0 0.7421875 0.9420572916666666 0.013020833333333334 0.01171875
0 0.9609375 0.8795572916666666 0.018229166666666668 0.016927083333333332
0 0.916015625 0.30078125 0.016927083333333332 0.015625
0 0.4388020833333333 0.3600260416666667 0.015625 0.016927083333333332
0 0.4095052083333333 0.4348958333333333 0.21223958333333334 0.20052083333333334
0 0.9342447916666666 0.0234375 0.061197916666666664 0.046875