0 0.6015625 0.33984375 0.033854166666666664 0.028645833333333332
0 0.6145833333333334 0.072265625 0.033854166666666664 0.037760416666666664
0 0.7434895833333334 0.056640625 0.06770833333333333 0.06901041666666667
0 0.9596354166666666 0.12369791666666667 0.020833333333333332 0.026041666666666668
0 0.8424479166666666 0.011067708333333334 0.018229166666666668 0.016927083333333332
0 0.771484375 0.6393229166666666 0.032552083333333336 0.036458333333333336
0 0.591796875 0.4934895833333333 0.014322916666666666 0.018229166666666668
0 0.58203125 0.5950520833333334 0.018229166666666668 0.020833333333333332
0 0.45703125 0.5436197916666666 0.028645833333333332 0.032552083333333336
0 0.349609375 0.5481770833333334 0.03515625 0.049479166666666664
0 0.22526041666666666 0.13736979166666666 0.036458333333333336 0.03515625
0 0.23111979166666666 0.5611979166666666 0.01953125 0.0234375
0 0.056640625 0.16276041666666666 0.04296875 0.0390625
0 0.13671875 0.3854166666666667 0.026041666666666668 0.0234375
0 0.17057291666666666 0.8645833333333334 0.041666666666666664 0.059895833333333336
0 0.3626302083333333 0.591796875 0.016927083333333332 0.01953125
0 0.8359375 0.6015625 0.018229166666666668 0.020833333333333332
0 0.8196614583333334 0.904296875 0.01953125 0.01953125
0 0.8997395833333334 0.287109375 0.1328125 0.15494791666666666
0 0.544921875 0.6217447916666666 0.022135416666666668 0.01953125
0 0.982421875 0.8951822916666666 0.014322916666666666 0.01953125
0 0.030598958333333332 0.74609375 0.024739583333333332 0.026041666666666668
0 0.703125 0.6966145833333334 0.026041666666666668 0.026041666666666668
0 0.76953125 0.431640625 0.015625 0.014322916666666666
0 0.09309895833333333 0.408203125 0.014322916666666666 0.014322916666666666
0 0.9440104166666666 0.11393229166666667 0.013020833333333334 0.014322916666666666
0 0.7044270833333334 0.0859375 0.015625 0.015625
0 0.12630208333333334 0.033203125 0.036458333333333336 0.04296875
0 0.18294270833333334 0.033854166666666664 0.06380208333333333 0.06510416666666667
0 0.6263020833333334 0.619140625 0.015625 0.016927083333333332
0 0.7838541666666666 0.7994791666666666 0.013020833333333334 0.013020833333333334
0 0.9134114583333334 0.982421875 0.06640625 0.03515625