0 0.9121780395507812 0.3613166809082031 0.03750390807787577 0.036924282709757485
0 0.493130366007487 0.4368826548258464 0.033790012200673424 0.03301717837651571
0 0.28085867563883465 0.2692635854085286 0.036924282709757485 0.03911397854487101
0 0.408203125 0.984375 0.037760416666666664 0.03125
0 0.3200155893961589 0.38226906458536786 0.036645203828811646 0.0316432515780131
0 0.16064008076985678 0.9740880330403646 0.036645203828811646 0.037053088347117104
0 0.7816549936930338 0.8490606943766276 0.030913352966308594 0.03177205721537272
0 0.014322916666666666 0.4576822916666667 0.028645833333333332 0.03515625
0 0.18949254353841147 0.2864376703898112 0.03866315881411234 0.03763271371523539
0 0.7157065073649088 0.592823346455892 0.03580796718597412 0.036924282709757485
0 0.25338013966878253 0.9081395467122396 0.03763271371523539 0.042913744846979775
0 0.5288524627685547 0.19472805658976236 0.03391881783803304 0.03327478965123495
0 0.09606552124023438 0.6058756510416666 0.03896370530128479 0.03621585170427958
0 0.1778141657511393 0.8992090225219727 0.04207650820414225 0.042742003997166954
0 0.21010144551595053 0.3173510233561198 0.026598364114761353 0.02711358666419983
0 0.7074629465738932 0.5110747019449869 0.05062061548233032 0.05371195077896118
0 0.4972521464029948 0.9397398630777994 0.036924282709757485 0.03808353344599406
0 0.31245899200439453 0.8648608525594076 0.03512100378672282 0.03552888830502828
0 0.4402341842651367 0.6553370157877604 0.032265812158584595 0.03263076146443685
0 0.3433723449707031 0.6161801020304362 0.03288837273915609 0.03127830227216085
0 0.8599688212076823 0.6374759674072266 0.03580796718597412 0.03458431363105774
0 0.5714441935221354 0.28162892659505206 0.0780562162399292 0.08106168111165364
0 0.14896170298258463 0.09752273559570312 0.0437295138835907 0.04688525199890137
0 0.8846995035807291 0.6251106262207031 0.047400474548339844 0.048903206984202065
0 0.6676190694173177 0.46161333719889325 0.03608704606691996 0.03720336159070333
0 0.3049023946126302 0.10233147939046223 0.02784348527590434 0.02784348527590434
0 0.8173770904541016 0.9232527414957682 0.12665887673695883 0.1351600488026937
0 0.6676190694173177 0.38707780838012695 0.1036456028620402 0.10484778881072998