0 0.353515625 0.4368489583333333 0.01953125 0.01953125
0 0.4401041666666667 0.2799479166666667 0.0234375 0.018229166666666668
0 0.205078125 0.908203125 0.04296875 0.048177083333333336
0 0.21809895833333334 0.853515625 0.022135416666666668 0.01953125
0 0.4166666666666667 0.966796875 0.0234375 0.014322916666666666
0 0.4375 0.9609375 0.013020833333333334 0.013020833333333334
0 0.357421875 0.5924479166666666 0.01953125 0.020833333333333332
0 0.3821614583333333 0.5611979166666666 0.01953125 0.018229166666666668
0 0.505859375 0.3645833333333333 0.032552083333333336 0.03125
0 0.4186197916666667 0.15364583333333334 0.040364583333333336 0.0390625
0 0.4765625 0.19856770833333334 0.052083333333333336 0.053385416666666664
0 0.5481770833333334 0.04296875 0.026041666666666668 0.026041666666666668
0 0.4342447916666667 0.37109375 0.01953125 0.020833333333333332
0 0.5546875 0.158203125 0.026041666666666668 0.02734375
0 0.66796875 0.142578125 0.028645833333333332 0.032552083333333336
0 0.498046875 0.4075520833333333 0.022135416666666668 0.026041666666666668
0 0.390625 0.4498697916666667 0.0234375 0.01953125
0 0.20703125 0.2532552083333333 0.3984375 0.4778645833333333
0 0.4095052083333333 0.5826822916666666 0.016927083333333332 0.016927083333333332
0 0.525390625 0.23567708333333334 0.02734375 0.03125
0 0.6139322916666666 0.14192708333333334 0.01953125 0.020833333333333332
0 0.5748697916666666 0.032552083333333336 0.01953125 0.0234375
0 0.5377604166666666 0.140625 0.020833333333333332 0.020833333333333332
0 0.591796875 0.14192708333333334 0.016927083333333332 0.020833333333333332