0 0.7825520833333334 0.19205729166666666 0.07552083333333333 0.07161458333333333
0 0.56640625 0.01171875 0.026041666666666668 0.020833333333333332
0 0.759765625 0.11979166666666667 0.42578125 0.22135416666666666
0 0.9466145833333334 0.35546875 0.09895833333333333 0.13541666666666666
0 0.8919270833333334 0.3951822916666667 0.026041666666666668 0.01953125
0 0.9361979166666666 0.470703125 0.026041666666666668 0.02734375
0 0.8430989583333334 0.421875 0.01953125 0.020833333333333332
0 0.8313802083333334 0.59375 0.055989583333333336 0.0625
0 0.943359375 0.65234375 0.014322916666666666 0.015625
0 0.4811197916666667 0.361328125 0.024739583333333332 0.01953125
0 0.806640625 0.705078125 0.040364583333333336 0.05078125
0 0.826171875 0.712890625 0.014322916666666666 0.01953125
0 0.6608072916666666 0.830078125 0.032552083333333336 0.01953125
0 0.61328125 0.7233072916666666 0.041666666666666664 0.037760416666666664
0 0.7024739583333334 0.697265625 0.01953125 0.014322916666666666
0 0.2799479166666667 0.119140625 0.06510416666666667 0.06640625
0 0.14388020833333334 0.205078125 0.029947916666666668 0.032552083333333336
0 0.4029947916666667 0.4720052083333333 0.01953125 0.01953125
0 0.4069010416666667 0.5143229166666666 0.01953125 0.026041666666666668
0 0.44921875 0.8170572916666666 0.0390625 0.032552083333333336
0 0.357421875 0.7141927083333334 0.037760416666666664 0.029947916666666668
0 0.5084635416666666 0.6901041666666666 0.016927083333333332 0.013020833333333334
0 0.7643229166666666 0.462890625 0.018229166666666668 0.014322916666666666
0 0.9140625 0.9615885416666666 0.020833333333333332 0.022135416666666668
0 0.3528645833333333 0.014322916666666666 0.015625 0.013020833333333334
0 0.9453125 0.9283854166666666 0.08854166666666667 0.109375
0 0.146484375 0.53515625 0.01953125 0.015625
0 0.083984375 0.57421875 0.037760416666666664 0.036458333333333336
0 0.018880208333333332 0.5833333333333334 0.024739583333333332 0.020833333333333332
0 0.2532552083333333 0.8372395833333334 0.06640625 0.0703125
0 0.4329427083333333 0.751953125 0.01953125 0.01953125
0 0.224609375 0.9830729166666666 0.01953125 0.013020833333333334
0 0.16861979166666666 0.30078125 0.05859375 0.0546875
0 0.3515625 0.5989583333333334 0.013020833333333334 0.013020833333333334
0 0.60546875 0.3841145833333333 0.013020833333333334 0.013020833333333334
0 0.357421875 0.88671875 0.024739583333333332 0.015625
0 0.107421875 0.8763020833333334 0.05859375 0.046875
0 0.025390625 0.9641927083333334 0.014322916666666666 0.014322916666666666
0 0.9010416666666666 0.7369791666666666 0.078125 0.078125
0 0.5501302083333334 0.6184895833333334 0.016927083333333332 0.018229166666666668
0 0.736328125 0.646484375 0.01171875 0.014322916666666666