0 0.6022135416666666 0.7819010416666666 0.045572916666666664 0.053385416666666664
0 0.8639322916666666 0.2701822916666667 0.13411458333333334 0.12369791666666667
0 0.830078125 0.22135416666666666 0.01953125 0.018229166666666668
0 0.8821614583333334 0.3151041666666667 0.01953125 0.020833333333333332
0 0.7545572916666666 0.17903645833333334 0.01953125 0.01953125
0 0.3919270833333333 0.12369791666666667 0.0234375 0.026041666666666668
0 0.26171875 0.21223958333333334 0.0546875 0.046875
0 0.2903645833333333 0.2604166666666667 0.018229166666666668 0.018229166666666668
0 0.3196614583333333 0.439453125 0.08723958333333333 0.09765625
0 0.13997395833333334 0.263671875 0.022135416666666668 0.01953125
0 0.22330729166666666 0.3059895833333333 0.022135416666666668 0.020833333333333332
0 0.6829427083333334 0.615234375 0.016927083333333332 0.01953125
0 0.62109375 0.6725260416666666 0.015625 0.016927083333333332
0 0.4166666666666667 0.6653645833333334 0.026041666666666668 0.0234375
0 0.21158854166666666 0.7272135416666666 0.08463541666666667 0.09765625
0 0.232421875 0.6197916666666666 0.037760416666666664 0.0390625
0 0.022786458333333332 0.4270833333333333 0.045572916666666664 0.06770833333333333
0 0.09765625 0.6048177083333334 0.015625 0.016927083333333332
0 0.3098958333333333 0.865234375 0.020833333333333332 0.022135416666666668
0 0.5358072916666666 0.5833333333333334 0.01953125 0.020833333333333332
0 0.4895833333333333 0.2532552083333333 0.015625 0.016927083333333332
0 0.982421875 0.37109375 0.016927083333333332 0.018229166666666668
0 0.6360677083333334 0.4153645833333333 0.016927083333333332 0.015625
0 0.3372395833333333 0.5501302083333334 0.015625 0.016927083333333332
0 0.2825520833333333 0.634765625 0.013020833333333334 0.01953125
0 0.9733072916666666 0.8046875 0.01953125 0.020833333333333332
0 0.5865885416666666 0.9602864583333334 0.016927083333333332 0.016927083333333332
0 0.076171875 0.29296875 0.01171875 0.013020833333333334
0 0.5390625 0.4114583333333333 0.013020833333333334 0.015625
0 0.041666666666666664 0.5071614583333334 0.018229166666666668 0.01953125
0 0.4759114583333333 0.4720052083333333 0.061197916666666664 0.05859375
0 0.33203125 0.08919270833333333 0.015625 0.016927083333333332
0 0.7239583333333334 0.17903645833333334 0.015625 0.01953125
0 0.87890625 0.048828125 0.013020833333333334 0.01953125
0 0.4427083333333333 0.8274739583333334 0.013020833333333334 0.01171875
0 0.6907552083333334 0.7454427083333334 0.014322916666666666 0.01171875
0 0.4837239583333333 0.337890625 0.07161458333333333 0.07161458333333333
0 0.3170572916666667 0.5709635416666666 0.014322916666666666 0.014322916666666666
0 0.603515625 0.6321614583333334 0.01171875 0.01171875
0 0.58203125 0.5345052083333334 0.013020833333333334 0.01171875
0 0.5130208333333334 0.2610677083333333 0.015625 0.016927083333333332
0 0.421875 0.3059895833333333 0.010416666666666666 0.010416666666666666
0 0.4680989583333333 0.2838541666666667 0.014322916666666666 0.015625
0 0.24934895833333334 0.1953125 0.12109375 0.13020833333333334
0 0.8333333333333334 0.16536458333333334 0.010416666666666666 0.010416666666666666
0 0.6028645833333334 0.3678385416666667 0.010416666666666666 0.009114583333333334
0 0.3294270833333333 0.525390625 0.013020833333333334 0.01171875
0 0.205078125 0.026692708333333332 0.014322916666666666 0.01171875
0 0.09765625 0.9934895833333334 0.020833333333333332 0.013020833333333334
0 0.3125 0.9947916666666666 0.020833333333333332 0.010416666666666666
0 0.87109375 0.908203125 0.013020833333333334 0.01171875
0 0.9798177083333334 0.8815104166666666 0.009114583333333334 0.010416666666666666
0 0.3606770833333333 0.234375 0.010416666666666666 0.013020833333333334
0 0.3626302083333333 0.2858072916666667 0.01171875 0.01171875
0 0.06966145833333333 0.259765625 0.01171875 0.01171875
0 0.4830729166666667 0.040364583333333336 0.010416666666666666 0.013020833333333334