0 0.9114583333333334 0.6653645833333334 0.10416666666666667 0.11458333333333333
0 0.7486979166666666 0.3040364583333333 0.13020833333333334 0.15234375
0 0.7259114583333334 0.7923177083333334 0.05859375 0.05859375
0 0.8424479166666666 0.4661458333333333 0.033854166666666664 0.046875
0 0.919921875 0.2649739583333333 0.040364583333333336 0.048177083333333336
0 0.20052083333333334 0.18359375 0.0546875 0.057291666666666664
0 0.2779947916666667 0.35546875 0.022135416666666668 0.020833333333333332
0 0.697265625 0.40625 0.016927083333333332 0.018229166666666668
0 0.11979166666666667 0.76171875 0.13802083333333334 0.13020833333333334
0 0.072265625 0.3138020833333333 0.02734375 0.028645833333333332
0 0.142578125 0.453125 0.02734375 0.028645833333333332
0 0.302734375 0.24609375 0.01953125 0.020833333333333332
0 0.09309895833333333 0.5279947916666666 0.022135416666666668 0.024739583333333332
0 0.015625 0.5052083333333334 0.020833333333333332 0.028645833333333332
0 0.056640625 0.8671875 0.022135416666666668 0.0234375
0 0.6028645833333334 0.9212239583333334 0.026041666666666668 0.029947916666666668
0 0.7545572916666666 0.4986979166666667 0.024739583333333332 0.020833333333333332
0 0.80078125 0.154296875 0.018229166666666668 0.01953125
0 0.6673177083333334 0.453125 0.024739583333333332 0.018229166666666668
0 0.5540364583333334 0.6686197916666666 0.01953125 0.022135416666666668
0 0.3984375 0.4615885416666667 0.020833333333333332 0.01953125
0 0.244140625 0.6236979166666666 0.05859375 0.059895833333333336
0 0.8209635416666666 0.8958333333333334 0.022135416666666668 0.0234375
0 0.9602864583333334 0.345703125 0.016927083333333332 0.016927083333333332
0 0.953125 0.2669270833333333 0.026041666666666668 0.033854166666666664
0 0.849609375 0.7180989583333334 0.01171875 0.01171875
0 0.5364583333333334 0.09440104166666667 0.010416666666666666 0.01171875
0 0.525390625 0.09830729166666667 0.009114583333333334 0.01171875
0 0.50390625 0.4641927083333333 0.015625 0.016927083333333332
0 0.5983072916666666 0.521484375 0.01953125 0.016927083333333332
0 0.650390625 0.58203125 0.014322916666666666 0.013020833333333334
0 0.18880208333333334 0.3483072916666667 0.015625 0.014322916666666666
0 0.15104166666666666 0.927734375 0.018229166666666668 0.016927083333333332
0 0.978515625 0.24283854166666666 0.014322916666666666 0.016927083333333332
0 0.7884114583333334 0.23567708333333334 0.01171875 0.015625