0 0.5455729166666666 0.2916666666666667 0.0234375 0.026041666666666668
0 0.16341145833333334 0.016927083333333332 0.014322916666666666 0.013020833333333334
0 0.2109375 0.046875 0.036458333333333336 0.033854166666666664
0 0.18033854166666666 0.294921875 0.01171875 0.01171875
0 0.068359375 0.3411458333333333 0.014322916666666666 0.013020833333333334
0 0.2265625 0.427734375 0.028645833333333332 0.02734375
0 0.044270833333333336 0.4375 0.015625 0.015625
0 0.126953125 0.5345052083333334 0.06640625 0.06380208333333333
0 0.11197916666666667 0.7467447916666666 0.109375 0.11328125
0 0.8046875 0.5559895833333334 0.03125 0.03125
0 0.6295572916666666 0.548828125 0.03515625 0.03515625
0 0.5813802083333334 0.890625 0.016927083333333332 0.018229166666666668
0 0.6731770833333334 0.9602864583333334 0.10677083333333333 0.07682291666666667
0 0.7421875 0.990234375 0.03125 0.01953125
0 0.5546875 0.9876302083333334 0.015625 0.014322916666666666
0 0.5859375 0.8131510416666666 0.013020833333333334 0.014322916666666666
0 0.7897135416666666 0.84765625 0.014322916666666666 0.015625
0 0.22395833333333334 0.275390625 0.018229166666666668 0.016927083333333332
0 0.4505208333333333 0.88671875 0.013020833333333334 0.010416666666666666
0 0.6875 0.8919270833333334 0.013020833333333334 0.013020833333333334
0 0.8118489583333334 0.7239583333333334 0.01171875 0.010416666666666666
0 0.6217447916666666 0.3645833333333333 0.01171875 0.020833333333333332
0 0.8346354166666666 0.546875 0.013020833333333334 0.013020833333333334
0 0.5807291666666666 0.7591145833333334 0.013020833333333334 0.013020833333333334
0 0.6998697916666666 0.384765625 0.01171875 0.009114583333333334
0 0.4602864583333333 0.9244791666666666 0.009114583333333334 0.0078125
0 0.5852864583333334 0.689453125 0.009114583333333334 0.009114583333333334
0 0.5358072916666666 0.6067708333333334 0.006510416666666667 0.0078125
0 0.5514322916666666 0.615234375 0.009114583333333334 0.009114583333333334