0 0.3938802083333333 0.13151041666666666 0.01953125 0.018229166666666668
0 0.5794270833333334 0.16080729166666666 0.026041666666666668 0.01953125
0 0.4049479166666667 0.23697916666666666 0.0390625 0.049479166666666664
0 0.3072916666666667 0.16471354166666666 0.015625 0.01953125
0 0.275390625 0.181640625 0.11848958333333333 0.11328125
0 0.26171875 0.24674479166666666 0.0234375 0.016927083333333332
0 0.146484375 0.4095052083333333 0.16276041666666666 0.16015625
0 0.099609375 0.5872395833333334 0.06380208333333333 0.0703125
0 0.28125 0.552734375 0.015625 0.022135416666666668
0 0.2779947916666667 0.591796875 0.022135416666666668 0.022135416666666668
0 0.7233072916666666 0.2760416666666667 0.02734375 0.036458333333333336
0 0.7174479166666666 0.30859375 0.036458333333333336 0.028645833333333332
0 0.4108072916666667 0.6842447916666666 0.07682291666666667 0.08463541666666667
0 0.4895833333333333 0.619140625 0.0234375 0.01953125
0 0.24153645833333334 0.7135416666666666 0.06640625 0.06510416666666667
0 0.193359375 0.7493489583333334 0.016927083333333332 0.01953125
0 0.4036458333333333 0.7662760416666666 0.026041666666666668 0.02734375
0 0.6002604166666666 0.6555989583333334 0.06510416666666667 0.06380208333333333
0 0.87109375 0.6959635416666666 0.020833333333333332 0.016927083333333332
0 0.880859375 0.7526041666666666 0.14192708333333334 0.1171875
0 0.8834635416666666 0.9583333333333334 0.032552083333333336 0.03125
0 0.638671875 0.4830729166666667 0.02734375 0.020833333333333332
0 0.9635416666666666 0.4153645833333333 0.0390625 0.0390625
0 0.9733072916666666 0.4537760416666667 0.01953125 0.014322916666666666
0 0.419921875 0.39453125 0.01953125 0.013020833333333334
0 0.3984375 0.609375 0.015625 0.013020833333333334
0 0.4075520833333333 0.5319010416666666 0.018229166666666668 0.01171875
0 0.43359375 0.4505208333333333 0.018229166666666668 0.018229166666666668
0 0.013020833333333334 0.06575520833333333 0.013020833333333334 0.01953125
0 0.039713541666666664 0.310546875 0.014322916666666666 0.01171875
0 0.09114583333333333 0.11588541666666667 0.16927083333333334 0.22135416666666666
0 0.033203125 0.2109375 0.02734375 0.0234375
0 0.9186197916666666 0.23828125 0.014322916666666666 0.026041666666666668
0 0.9576822916666666 0.2643229166666667 0.024739583333333332 0.026041666666666668
0 0.09765625 0.8665364583333334 0.0390625 0.032552083333333336
0 0.12044270833333333 0.9251302083333334 0.01953125 0.01953125
0 0.203125 0.962890625 0.0234375 0.016927083333333332
0 0.042317708333333336 0.984375 0.032552083333333336 0.020833333333333332
0 0.2513020833333333 0.98828125 0.020833333333333332 0.013020833333333334
0 0.19140625 0.84765625 0.013020833333333334 0.018229166666666668
0 0.8802083333333334 0.287109375 0.015625 0.01953125
0 0.576171875 0.005859375 0.01953125 0.009114583333333334
0 0.2975260416666667 0.4049479166666667 0.009114583333333334 0.018229166666666668
0 0.5208333333333334 0.583984375 0.013020833333333334 0.014322916666666666
0 0.47265625 0.7174479166666666 0.018229166666666668 0.018229166666666668
0 0.720703125 0.62109375 0.016927083333333332 0.015625
0 0.248046875 0.6940104166666666 0.014322916666666666 0.013020833333333334
0 0.76171875 0.6901041666666666 0.013020833333333334 0.015625
0 0.9095052083333334 0.416015625 0.009114583333333334 0.022135416666666668
0 0.8626302083333334 0.8424479166666666 0.01953125 0.010416666666666666
0 0.4147135416666667 0.8430989583333334 0.06901041666666667 0.055989583333333336
0 0.2506510416666667 0.857421875 0.01953125 0.024739583333333332
0 0.3092447916666667 0.98046875 0.045572916666666664 0.026041666666666668