0 0.17708333333333334 0.2506510416666667 0.036458333333333336 0.03515625
0 0.11197916666666667 0.40234375 0.028645833333333332 0.033854166666666664
0 0.251953125 0.390625 0.032552083333333336 0.028645833333333332
0 0.08072916666666667 0.57421875 0.057291666666666664 0.0625
0 0.5618489583333334 0.6197916666666666 0.014322916666666666 0.013020833333333334
0 0.5735677083333334 0.888671875 0.02734375 0.029947916666666668
0 0.7434895833333334 0.7037760416666666 0.0234375 0.024739583333333332
0 0.032552083333333336 0.7278645833333334 0.013020833333333334 0.018229166666666668
0 0.498046875 0.8001302083333334 0.01953125 0.01953125
0 0.6393229166666666 0.8723958333333334 0.015625 0.015625
0 0.9641927083333334 0.13020833333333334 0.040364583333333336 0.049479166666666664
0 0.1484375 0.115234375 0.13541666666666666 0.13671875
0 0.7096354166666666 0.9778645833333334 0.013020833333333334 0.013020833333333334
0 0.837890625 0.8450520833333334 0.016927083333333332 0.018229166666666668
0 0.2591145833333333 0.412109375 0.015625 0.016927083333333332
0 0.4830729166666667 0.712890625 0.013020833333333334 0.014322916666666666
0 0.9407552083333334 0.67578125 0.01171875 0.015625
0 0.9069010416666666 0.6204427083333334 0.01171875 0.01171875