0 0.5455729166666666 0.033854166666666664 0.033854166666666664 0.03125
0 0.484375 0.142578125 0.0390625 0.04296875
0 0.4791666666666667 0.19596354166666666 0.109375 0.09765625
0 0.22721354166666666 0.07421875 0.016927083333333332 0.020833333333333332
0 0.16471354166666666 0.21158854166666666 0.024739583333333332 0.024739583333333332
0 0.189453125 0.677734375 0.02734375 0.024739583333333332
0 0.06966145833333333 0.7161458333333334 0.024739583333333332 0.0234375
0 0.13736979166666666 0.6842447916666666 0.016927083333333332 0.014322916666666666
0 0.4895833333333333 0.2805989583333333 0.028645833333333332 0.032552083333333336
0 0.583984375 0.2916666666666667 0.01953125 0.020833333333333332
0 0.7454427083333334 0.16861979166666666 0.01953125 0.022135416666666668
0 0.4993489583333333 0.509765625 0.07682291666666667 0.07942708333333333
0 0.35546875 0.5260416666666666 0.1875 0.20572916666666666
0 0.6087239583333334 0.626953125 0.09765625 0.08723958333333333
0 0.3385416666666667 0.701171875 0.018229166666666668 0.016927083333333332
0 0.14322916666666666 0.6002604166666666 0.06510416666666667 0.07291666666666667
0 0.08138020833333333 0.3391927083333333 0.07161458333333333 0.07161458333333333
0 0.16927083333333334 0.2740885416666667 0.013020833333333334 0.01953125
0 0.036458333333333336 0.7447916666666666 0.020833333333333332 0.018229166666666668
0 0.12109375 0.7897135416666666 0.036458333333333336 0.032552083333333336
0 0.6966145833333334 0.20442708333333334 0.015625 0.015625
0 0.546875 0.3919270833333333 0.018229166666666668 0.020833333333333332
0 0.8821614583333334 0.4114583333333333 0.029947916666666668 0.026041666666666668
0 0.8932291666666666 0.4557291666666667 0.0234375 0.0234375
0 0.7858072916666666 0.5071614583333334 0.016927083333333332 0.022135416666666668
0 0.8092447916666666 0.673828125 0.016927083333333332 0.014322916666666666
0 0.9225260416666666 0.880859375 0.01953125 0.016927083333333332
0 0.9036458333333334 0.9661458333333334 0.018229166666666668 0.015625
0 0.7122395833333334 0.9765625 0.018229166666666668 0.020833333333333332
0 0.7486979166666666 0.034505208333333336 0.013020833333333334 0.014322916666666666
0 0.9869791666666666 0.046875 0.018229166666666668 0.020833333333333332
0 0.9342447916666666 0.13736979166666666 0.01953125 0.01953125
0 0.28125 0.955078125 0.018229166666666668 0.01953125
0 0.08463541666666667 0.419921875 0.013020833333333334 0.01171875
0 0.005859375 0.470703125 0.009114583333333334 0.014322916666666666
0 0.78125 0.5826822916666666 0.015625 0.01953125
0 0.20768229166666666 0.2571614583333333 0.037760416666666664 0.03515625
0 0.7604166666666666 0.89453125 0.013020833333333334 0.015625
0 0.6087239583333334 0.828125 0.014322916666666666 0.013020833333333334
0 0.6419270833333334 0.8984375 0.013020833333333334 0.013020833333333334
0 0.6334635416666666 0.6751302083333334 0.014322916666666666 0.014322916666666666
0 0.4140625 0.666015625 0.010416666666666666 0.01171875
0 0.09440104166666667 0.3756510416666667 0.014322916666666666 0.01171875
0 0.21614583333333334 0.3346354166666667 0.010416666666666666 0.010416666666666666
0 0.8502604166666666 0.022135416666666668 0.06770833333333333 0.0390625