0 0.474609375 0.08984375 0.04296875 0.046875
0 0.6328125 0.3255208333333333 0.046875 0.0390625
0 0.4108072916666667 0.14973958333333334 0.032552083333333336 0.026041666666666668
0 0.8248697916666666 0.043619791666666664 0.040364583333333336 0.03515625
0 0.9583333333333334 0.15494791666666666 0.03125 0.033854166666666664
0 0.3444010416666667 0.4108072916666667 0.022135416666666668 0.024739583333333332
0 0.14453125 0.361328125 0.08333333333333333 0.07161458333333333
0 0.08333333333333333 0.234375 0.15625 0.16927083333333334
0 0.07421875 0.3828125 0.0234375 0.018229166666666668
0 0.12760416666666666 0.5143229166666666 0.078125 0.06510416666666667
0 0.2942708333333333 0.5032552083333334 0.052083333333333336 0.037760416666666664
0 0.2532552083333333 0.5631510416666666 0.022135416666666668 0.01953125
0 0.15690104166666666 0.6119791666666666 0.01953125 0.013020833333333334
0 0.345703125 0.3548177083333333 0.01953125 0.01953125
0 0.552734375 0.5872395833333334 0.061197916666666664 0.0546875
0 0.10026041666666667 0.020182291666666668 0.010416666666666666 0.01171875
0 0.045572916666666664 0.794921875 0.036458333333333336 0.05078125
0 0.10221354166666667 0.9127604166666666 0.024739583333333332 0.015625
0 0.5970052083333334 0.7565104166666666 0.07161458333333333 0.07552083333333333
0 0.716796875 0.20963541666666666 0.09765625 0.09375
0 0.8522135416666666 0.3131510416666667 0.06901041666666667 0.06640625
0 0.7298177083333334 0.443359375 0.01953125 0.024739583333333332
0 0.986328125 0.49609375 0.016927083333333332 0.0234375
0 0.7376302083333334 0.6061197916666666 0.09765625 0.10546875
0 0.8385416666666666 0.57421875 0.026041666666666668 0.0234375
0 0.3763020833333333 0.01953125 0.013020833333333334 0.013020833333333334
0 0.474609375 0.740234375 0.016927083333333332 0.016927083333333332
0 0.3333333333333333 0.8802083333333334 0.033854166666666664 0.036458333333333336
0 0.27734375 0.95703125 0.13020833333333334 0.06510416666666667
0 0.484375 0.9348958333333334 0.140625 0.09895833333333333
0 0.6588541666666666 0.8151041666666666 0.044270833333333336 0.049479166666666664
0 0.716796875 0.525390625 0.032552083333333336 0.022135416666666668
0 0.9596354166666666 0.4166666666666667 0.06770833333333333 0.06510416666666667
0 0.5169270833333334 0.05859375 0.2109375 0.10416666666666667
0 0.9186197916666666 0.061848958333333336 0.13671875 0.09765625
0 0.03125 0.4381510416666667 0.013020833333333334 0.014322916666666666
0 0.4856770833333333 0.5865885416666666 0.013020833333333334 0.014322916666666666
0 0.47265625 0.45703125 0.013020833333333334 0.013020833333333334
0 0.12434895833333333 0.947265625 0.07161458333333333 0.045572916666666664
0 0.0026041666666666665 0.9694010416666666 0.005208333333333333 0.01953125
0 0.8671875 0.8020833333333334 0.018229166666666668 0.015625
0 0.8046875 0.6197916666666666 0.013020833333333334 0.015625
0 0.4752604166666667 0.169921875 0.015625 0.014322916666666666
0 0.21223958333333334 0.5611979166666666 0.013020833333333334 0.015625