0 0.546875 0.18424479166666666 0.026041666666666668 0.01953125
0 0.33203125 0.5696614583333334 0.078125 0.06901041666666667
0 0.4368489583333333 0.5807291666666666 0.024739583333333332 0.020833333333333332
0 0.17643229166666666 0.6061197916666666 0.024739583333333332 0.01953125
0 0.8203125 0.5670572916666666 0.026041666666666668 0.01953125
0 0.9095052083333334 0.58984375 0.029947916666666668 0.026041666666666668
0 0.8990885416666666 0.6087239583333334 0.014322916666666666 0.022135416666666668
0 0.5188802083333334 0.8704427083333334 0.06901041666666667 0.053385416666666664
0 0.9602864583333334 0.8860677083333334 0.05859375 0.05859375
0 0.390625 0.20963541666666666 0.026041666666666668 0.026041666666666668
0 0.09895833333333333 0.056640625 0.015625 0.014322916666666666
0 0.423828125 0.06575520833333333 0.014322916666666666 0.01953125
0 0.3860677083333333 0.13151041666666666 0.02734375 0.020833333333333332
0 0.5696614583333334 0.4876302083333333 0.01953125 0.022135416666666668
0 0.8235677083333334 0.7688802083333334 0.01953125 0.01953125
0 0.1640625 0.8411458333333334 0.0234375 0.018229166666666668
0 0.287109375 0.982421875 0.022135416666666668 0.022135416666666668
0 0.283203125 0.3391927083333333 0.016927083333333332 0.01171875
0 0.060546875 0.3014322916666667 0.016927083333333332 0.016927083333333332
0 0.08919270833333333 0.17317708333333334 0.014322916666666666 0.015625
0 0.642578125 0.9733072916666666 0.016927083333333332 0.014322916666666666
0 0.026041666666666668 0.546875 0.015625 0.015625
0 0.4947916666666667 0.365234375 0.018229166666666668 0.01953125
0 0.822265625 0.3567708333333333 0.01953125 0.013020833333333334
0 0.6901041666666666 0.255859375 0.015625 0.016927083333333332
0 0.053385416666666664 0.18815104166666666 0.015625 0.014322916666666666