0 0.611328125 0.373046875 0.07161458333333333 0.06640625
0 0.026041666666666668 0.125 0.049479166666666664 0.0703125
0 0.2734375 0.024739583333333332 0.026041666666666668 0.026041666666666668
0 0.22526041666666666 0.21875 0.015625 0.020833333333333332
0 0.15559895833333334 0.23697916666666666 0.01953125 0.018229166666666668
0 0.3782552083333333 0.6712239583333334 0.032552083333333336 0.032552083333333336
0 0.3704427083333333 0.5546875 0.01953125 0.018229166666666668
0 0.14583333333333334 0.9680989583333334 0.078125 0.06380208333333333
0 0.427734375 0.8958333333333334 0.029947916666666668 0.026041666666666668
0 0.5358072916666666 0.7884114583333334 0.022135416666666668 0.024739583333333332
0 0.5358072916666666 0.7239583333333334 0.022135416666666668 0.018229166666666668
0 0.22005208333333334 0.8522135416666666 0.020833333333333332 0.01953125
0 0.166015625 0.91796875 0.016927083333333332 0.018229166666666668
0 0.6647135416666666 0.583984375 0.24869791666666666 0.20963541666666666
0 0.4967447916666667 0.5494791666666666 0.022135416666666668 0.018229166666666668
0 0.8600260416666666 0.8951822916666666 0.040364583333333336 0.03515625
0 0.8287760416666666 0.4270833333333333 0.024739583333333332 0.026041666666666668
0 0.828125 0.30078125 0.09375 0.0859375
0 0.9694010416666666 0.205078125 0.061197916666666664 0.06380208333333333
0 0.5169270833333334 0.0625 0.018229166666666668 0.018229166666666668
0 0.34765625 0.12760416666666666 0.018229166666666668 0.013020833333333334
0 0.435546875 0.6666666666666666 0.016927083333333332 0.015625
0 0.032552083333333336 0.27734375 0.0625 0.052083333333333336
0 0.4921875 0.16861979166666666 0.015625 0.014322916666666666
0 0.6595052083333334 0.20442708333333334 0.01953125 0.020833333333333332
0 0.8046875 0.14192708333333334 0.015625 0.015625
0 0.5026041666666666 0.3157552083333333 0.018229166666666668 0.016927083333333332
0 0.8138020833333334 0.047526041666666664 0.015625 0.01953125
0 0.28515625 0.8170572916666666 0.015625 0.014322916666666666
0 0.8600260416666666 0.60546875 0.014322916666666666 0.015625
0 0.6783854166666666 0.5657552083333334 0.015625 0.014322916666666666
0 0.7903645833333334 0.4700520833333333 0.013020833333333334 0.013020833333333334
0 0.4654947916666667 0.038411458333333336 0.01953125 0.01953125
0 0.9108072916666666 0.380859375 0.014322916666666666 0.014322916666666666
0 0.4153645833333333 0.990234375 0.033854166666666664 0.01953125