0 0.4895833333333333 0.181640625 0.10677083333333333 0.08203125
0 0.07486979166666667 0.3522135416666667 0.032552083333333336 0.032552083333333336
0 0.22200520833333334 0.2936197916666667 0.02734375 0.032552083333333336
0 0.2506510416666667 0.4127604166666667 0.032552083333333336 0.036458333333333336
0 0.4739583333333333 0.3138020833333333 0.015625 0.0234375
0 0.56640625 0.039713541666666664 0.078125 0.07161458333333333
0 0.042317708333333336 0.21223958333333334 0.07161458333333333 0.09114583333333333
0 0.8821614583333334 0.8645833333333334 0.04296875 0.03125
0 0.798828125 0.970703125 0.029947916666666668 0.032552083333333336
0 0.8372395833333334 0.970703125 0.018229166666666668 0.01953125
0 0.62109375 0.3294270833333333 0.020833333333333332 0.015625
0 0.82421875 0.19466145833333334 0.033854166666666664 0.03515625
0 0.2845052083333333 0.21158854166666666 0.01953125 0.01953125
0 0.3502604166666667 0.6881510416666666 0.0234375 0.02734375
0 0.1015625 0.4596354166666667 0.018229166666666668 0.013020833333333334
0 0.14127604166666666 0.014322916666666666 0.016927083333333332 0.018229166666666668
0 0.078125 0.033203125 0.013020833333333334 0.01953125
0 0.4173177083333333 0.5638020833333334 0.029947916666666668 0.026041666666666668
0 0.15299479166666666 0.98828125 0.055989583333333336 0.0234375