0 0.24934895833333334 0.8815104166666666 0.01953125 0.0234375
0 0.3372395833333333 0.8828125 0.015625 0.018229166666666668
0 0.3209635416666667 0.7884114583333334 0.014322916666666666 0.016927083333333332
0 0.4752604166666667 0.8020833333333334 0.0234375 0.026041666666666668
0 0.3131510416666667 0.09895833333333333 0.032552083333333336 0.033854166666666664
0 0.3893229166666667 0.028645833333333332 0.036458333333333336 0.03125
0 0.7180989583333334 0.3151041666666667 0.048177083333333336 0.046875
0 0.6028645833333334 0.8014322916666666 0.018229166666666668 0.01953125
0 0.6276041666666666 0.826171875 0.0390625 0.040364583333333336
0 0.6126302083333334 0.9322916666666666 0.016927083333333332 0.018229166666666668
0 0.7356770833333334 0.02734375 0.018229166666666668 0.018229166666666668
0 0.9095052083333334 0.038411458333333336 0.014322916666666666 0.014322916666666666
0 0.9694010416666666 0.7454427083333334 0.024739583333333332 0.022135416666666668
0 0.3020833333333333 0.3203125 0.026041666666666668 0.026041666666666668
0 0.912109375 0.9908854166666666 0.022135416666666668 0.015625
0 0.041666666666666664 0.955078125 0.015625 0.014322916666666666
0 0.5618489583333334 0.8352864583333334 0.014322916666666666 0.014322916666666666
0 0.3951822916666667 0.3704427083333333 0.022135416666666668 0.022135416666666668
0 0.072265625 0.3203125 0.016927083333333332 0.018229166666666668
0 0.3645833333333333 0.9615885416666666 0.015625 0.016927083333333332
0 0.4231770833333333 0.9700520833333334 0.07291666666666667 0.057291666666666664
0 0.5852864583333334 0.236328125 0.016927083333333332 0.016927083333333332
0 0.005208333333333333 0.314453125 0.0078125 0.016927083333333332
0 0.16731770833333334 0.787109375 0.014322916666666666 0.014322916666666666
0 0.9661458333333334 0.984375 0.013020833333333334 0.013020833333333334
0 0.7428385416666666 0.4309895833333333 0.01171875 0.013020833333333334
0 0.9029947916666666 0.3860677083333333 0.014322916666666666 0.01171875
0 0.333984375 0.3919270833333333 0.016927083333333332 0.015625
0 0.375 0.9680989583333334 0.010416666666666666 0.014322916666666666
0 0.3274739583333333 0.943359375 0.01171875 0.01171875
0 0.552734375 0.3645833333333333 0.03515625 0.03125
0 0.6100260416666666 0.26171875 0.01953125 0.018229166666666668
0 0.5963541666666666 0.17708333333333334 0.020833333333333332 0.020833333333333332
0 0.021484375 0.11458333333333333 0.040364583333333336 0.078125
0 0.3359375 0.11458333333333333 0.018229166666666668 0.020833333333333332
0 0.99609375 0.09700520833333333 0.0078125 0.01953125
0 0.8912760416666666 0.32421875 0.009114583333333334 0.0078125
0 0.8177083333333334 0.13802083333333334 0.010416666666666666 0.010416666666666666