0 0.3697916666666667 0.3170572916666667 0.041666666666666664 0.045572916666666664
0 0.24739583333333334 0.4661458333333333 0.03125 0.03125
0 0.5123697916666666 0.5598958333333334 0.061197916666666664 0.052083333333333336
0 0.19856770833333334 0.6217447916666666 0.16276041666666666 0.14973958333333334
0 0.08333333333333333 0.7721354166666666 0.0234375 0.020833333333333332
0 0.0234375 0.810546875 0.026041666666666668 0.032552083333333336
0 0.042317708333333336 0.8385416666666666 0.01953125 0.018229166666666668
0 0.26171875 0.80859375 0.140625 0.11979166666666667
0 0.16861979166666666 0.8444010416666666 0.05859375 0.048177083333333336
0 0.09765625 0.927734375 0.078125 0.05859375
0 0.3274739583333333 0.9375 0.12109375 0.10416666666666667
0 0.5078125 0.892578125 0.052083333333333336 0.05078125
0 0.4895833333333333 0.6744791666666666 0.0234375 0.020833333333333332
0 0.4134114583333333 0.3678385416666667 0.032552083333333336 0.029947916666666668
0 0.6484375 0.6067708333333334 0.08333333333333333 0.07291666666666667
0 0.5794270833333334 0.7623697916666666 0.026041666666666668 0.01953125
0 0.4576822916666667 0.7317708333333334 0.01171875 0.0234375
0 0.11067708333333333 0.4075520833333333 0.013020833333333334 0.013020833333333334
0 0.69140625 0.7161458333333334 0.028645833333333332 0.0234375
0 0.6966145833333334 0.7747395833333334 0.13020833333333334 0.15885416666666666
0 0.9348958333333334 0.80859375 0.018229166666666668 0.018229166666666668
0 0.8365885416666666 0.9420572916666666 0.01953125 0.014322916666666666
0 0.7259114583333334 0.935546875 0.01953125 0.01953125
0 0.228515625 0.2513020833333333 0.01171875 0.013020833333333334
0 0.3072916666666667 0.9518229166666666 0.010416666666666666 0.0078125
0 0.043619791666666664 0.3990885416666667 0.08463541666666667 0.22265625
0 0.8411458333333334 0.8046875 0.010416666666666666 0.013020833333333334