0 0.3483072916666667 0.0234375 0.05078125 0.044270833333333336
0 0.20377604166666666 0.4524739583333333 0.07421875 0.06901041666666667
0 0.3990885416666667 0.3483072916666667 0.024739583333333332 0.022135416666666668
0 0.4700520833333333 0.248046875 0.018229166666666668 0.01953125
0 0.5481770833333334 0.359375 0.059895833333333336 0.0546875
0 0.6458333333333334 0.40625 0.036458333333333336 0.033854166666666664
0 0.6282552083333334 0.3268229166666667 0.016927083333333332 0.015625
0 0.087890625 0.4108072916666667 0.01953125 0.01953125
0 0.15559895833333334 0.3307291666666667 0.016927083333333332 0.015625
0 0.014322916666666666 0.4127604166666667 0.018229166666666668 0.018229166666666668
0 0.197265625 0.6868489583333334 0.016927083333333332 0.014322916666666666
0 0.5891927083333334 0.9153645833333334 0.13671875 0.16927083333333334
0 0.048828125 0.6959635416666666 0.07682291666666667 0.05859375
0 0.11783854166666667 0.8307291666666666 0.01953125 0.020833333333333332
0 0.057942708333333336 0.7825520833333334 0.01171875 0.010416666666666666
0 0.7897135416666666 0.947265625 0.055989583333333336 0.048177083333333336
0 0.6028645833333334 0.9615885416666666 0.028645833333333332 0.029947916666666668
0 0.5983072916666666 0.9889322916666666 0.037760416666666664 0.022135416666666668
0 0.6744791666666666 0.10416666666666667 0.0546875 0.046875
0 0.5403645833333334 0.11979166666666667 0.18229166666666666 0.14322916666666666
0 0.171875 0.2565104166666667 0.140625 0.13020833333333334
0 0.6145833333333334 0.7389322916666666 0.013020833333333334 0.014322916666666666
0 0.923828125 0.28515625 0.014322916666666666 0.013020833333333334
0 0.8919270833333334 0.90234375 0.015625 0.018229166666666668
0 0.07682291666666667 0.5677083333333334 0.15104166666666666 0.1640625
0 0.07291666666666667 0.4661458333333333 0.015625 0.013020833333333334
0 0.9752604166666666 0.6399739583333334 0.018229166666666668 0.016927083333333332
0 0.7506510416666666 0.8502604166666666 0.014322916666666666 0.013020833333333334
0 0.9459635416666666 0.9036458333333334 0.009114583333333334 0.010416666666666666
0 0.9609375 0.861328125 0.010416666666666666 0.01171875
0 0.3489583333333333 0.990234375 0.013020833333333334 0.01171875
0 0.055338541666666664 0.9537760416666666 0.05078125 0.045572916666666664
0 0.1015625 0.6608072916666666 0.013020833333333334 0.01171875
0 0.2578125 0.7408854166666666 0.013020833333333334 0.013020833333333334
0 0.2747395833333333 0.3483072916666667 0.013020833333333334 0.01171875
0 0.17578125 0.15755208333333334 0.010416666666666666 0.010416666666666666
0 0.2662760416666667 0.10286458333333333 0.01171875 0.010416666666666666
0 0.059244791666666664 0.060546875 0.014322916666666666 0.01171875
0 0.051432291666666664 0.14322916666666666 0.01171875 0.010416666666666666
0 0.158203125 0.012369791666666666 0.01171875 0.009114583333333334
0 0.21484375 0.0703125 0.0078125 0.010416666666666666
0 0.6106770833333334 0.3587239583333333 0.013020833333333334 0.01171875
0 0.4264322916666667 0.21744791666666666 0.009114583333333334 0.010416666666666666
0 0.51171875 0.51953125 0.013020833333333334 0.010416666666666666
0 0.5911458333333334 0.5234375 0.0078125 0.0078125
0 0.6790364583333334 0.513671875 0.01171875 0.009114583333333334
0 0.5794270833333334 0.65625 0.010416666666666666 0.010416666666666666
0 0.419921875 0.7571614583333334 0.009114583333333334 0.009114583333333334
0 0.083984375 0.8046875 0.014322916666666666 0.010416666666666666
0 0.9075520833333334 0.08203125 0.0078125 0.0078125
0 0.857421875 0.17708333333333334 0.01171875 0.010416666666666666