0 0.07682291666666667 0.5319010416666666 0.0390625 0.040364583333333336
0 0.3626302083333333 0.4602864583333333 0.12109375 0.12630208333333334
0 0.10091145833333333 0.29296875 0.045572916666666664 0.052083333333333336
0 0.7044270833333334 0.8795572916666666 0.0546875 0.055989583333333336
0 0.9713541666666666 0.9108072916666666 0.0234375 0.02734375
0 0.91796875 0.04296875 0.0390625 0.036458333333333336
0 0.443359375 0.21809895833333334 0.055989583333333336 0.061197916666666664
0 0.537109375 0.740234375 0.022135416666666668 0.024739583333333332
0 0.4908854166666667 0.7044270833333334 0.0234375 0.0234375
0 0.21940104166666666 0.3645833333333333 0.022135416666666668 0.026041666666666668
0 0.09895833333333333 0.4095052083333333 0.018229166666666668 0.016927083333333332
0 0.138671875 0.4856770833333333 0.02734375 0.026041666666666668
0 0.330078125 0.020182291666666668 0.02734375 0.02734375
0 0.6868489583333334 0.4264322916666667 0.01953125 0.01953125
0 0.10677083333333333 0.19140625 0.026041666666666668 0.028645833333333332
0 0.6126302083333334 0.134765625 0.01953125 0.01953125
0 0.7845052083333334 0.16536458333333334 0.20182291666666666 0.1875
0 0.7350260416666666 0.037760416666666664 0.016927083333333332 0.018229166666666668
0 0.7591145833333334 0.036458333333333336 0.018229166666666668 0.018229166666666668
0 0.15885416666666666 0.8046875 0.015625 0.018229166666666668
0 0.3235677083333333 0.3912760416666667 0.022135416666666668 0.02734375
0 0.318359375 0.87890625 0.016927083333333332 0.015625
0 0.6796875 0.7161458333333334 0.015625 0.015625
0 0.7779947916666666 0.5026041666666666 0.016927083333333332 0.015625
0 0.6555989583333334 0.28125 0.029947916666666668 0.028645833333333332
0 0.28125 0.2591145833333333 0.015625 0.018229166666666668
0 0.8893229166666666 0.63671875 0.018229166666666668 0.018229166666666668
0 0.9921875 0.7779947916666666 0.015625 0.01953125
0 0.9537760416666666 0.662109375 0.01953125 0.01953125
0 0.9817708333333334 0.2877604166666667 0.036458333333333336 0.0546875
0 0.828125 0.041015625 0.11197916666666667 0.08203125
0 0.76953125 0.10091145833333333 0.018229166666666668 0.01953125
0 0.673828125 0.15234375 0.014322916666666666 0.018229166666666668
0 0.9329427083333334 0.16796875 0.01171875 0.010416666666666666
0 0.9713541666666666 0.5651041666666666 0.013020833333333334 0.010416666666666666
0 0.8828125 0.443359375 0.015625 0.014322916666666666