0 0.4563802083333333 0.11653645833333333 0.032552083333333336 0.032552083333333336
0 0.10872395833333333 0.10546875 0.014322916666666666 0.015625
0 0.12825520833333334 0.050130208333333336 0.024739583333333332 0.009114583333333334
0 0.09505208333333333 0.09114583333333333 0.013020833333333334 0.013020833333333334
0 0.12109375 0.078125 0.14322916666666666 0.13020833333333334
0 0.020182291666666668 0.1953125 0.01953125 0.013020833333333334
0 0.016927083333333332 0.3209635416666667 0.033854166666666664 0.10546875
0 0.3776041666666667 0.396484375 0.0625 0.05859375
0 0.2897135416666667 0.12565104166666666 0.15234375 0.15494791666666666
0 0.6067708333333334 0.02734375 0.044270833333333336 0.028645833333333332
0 0.5970052083333334 0.10221354166666667 0.10546875 0.08723958333333333
0 0.6536458333333334 0.205078125 0.0625 0.05859375
0 0.9225260416666666 0.049479166666666664 0.032552083333333336 0.03125
0 0.765625 0.19921875 0.013020833333333334 0.018229166666666668
0 0.81640625 0.3229166666666667 0.036458333333333336 0.044270833333333336
0 0.8385416666666666 0.2779947916666667 0.14322916666666666 0.16015625
0 0.8697916666666666 0.4244791666666667 0.14322916666666666 0.10677083333333333
0 0.974609375 0.3977864583333333 0.037760416666666664 0.07942708333333333
0 0.5279947916666666 0.5891927083333334 0.12369791666666667 0.11067708333333333
0 0.65234375 0.4993489583333333 0.026041666666666668 0.016927083333333332
0 0.736328125 0.517578125 0.01953125 0.01953125
0 0.5833333333333334 0.7200520833333334 0.052083333333333336 0.046875
0 0.3092447916666667 0.4817708333333333 0.016927083333333332 0.013020833333333334
0 0.046223958333333336 0.5084635416666666 0.01953125 0.024739583333333332
0 0.22395833333333334 0.6770833333333334 0.041666666666666664 0.0390625
0 0.14388020833333334 0.623046875 0.045572916666666664 0.048177083333333336
0 0.046223958333333336 0.673828125 0.032552083333333336 0.032552083333333336
0 0.14127604166666666 0.83984375 0.15755208333333334 0.15625
0 0.13802083333333334 0.8626302083333334 0.03125 0.032552083333333336
0 0.353515625 0.7584635416666666 0.07161458333333333 0.05859375
0 0.453125 0.8235677083333334 0.026041666666666668 0.01953125
0 0.345703125 0.8671875 0.13671875 0.1015625
0 0.8111979166666666 0.9309895833333334 0.026041666666666668 0.026041666666666668
0 0.9381510416666666 0.9244791666666666 0.032552083333333336 0.0390625
0 0.8912760416666666 0.9342447916666666 0.016927083333333332 0.01953125
0 0.12369791666666667 0.9381510416666666 0.010416666666666666 0.014322916666666666
0 0.638671875 0.5703125 0.045572916666666664 0.03125
0 0.16080729166666666 0.498046875 0.014322916666666666 0.01953125
0 0.6536458333333334 0.0390625 0.015625 0.013020833333333334
0 0.23372395833333334 0.17578125 0.009114583333333334 0.013020833333333334
0 0.8444010416666666 0.11783854166666667 0.01171875 0.014322916666666666
0 0.9661458333333334 0.5013020833333334 0.015625 0.013020833333333334
0 0.6614583333333334 0.7311197916666666 0.013020833333333334 0.01171875
0 0.533203125 0.9765625 0.022135416666666668 0.013020833333333334
0 0.23111979166666666 0.9733072916666666 0.016927083333333332 0.01953125
0 0.423828125 0.049479166666666664 0.01953125 0.018229166666666668
0 0.4986979166666667 0.9381510416666666 0.013020833333333334 0.014322916666666666
0 0.4205729166666667 0.669921875 0.013020833333333334 0.01953125
0 0.4850260416666667 0.3776041666666667 0.016927083333333332 0.013020833333333334
0 0.7005208333333334 0.4342447916666667 0.013020833333333334 0.009114583333333334
0 0.47265625 0.19921875 0.013020833333333334 0.018229166666666668