0 0.6959635416666666 0.9641927083333334 0.010416666666666666 0.010416666666666666
0 0.306640625 0.022786458333333332 0.009114583333333334 0.009114583333333334
0 0.5299479166666666 0.061197916666666664 0.015625 0.015625
0 0.7083333333333334 0.2682291666666667 0.010416666666666666 0.009114583333333334
0 0.16145833333333334 0.294921875 0.010416666666666666 0.01171875
0 0.6236979166666666 0.98046875 0.024739583333333332 0.0234375
0 0.8541666666666666 0.9583333333333334 0.010416666666666666 0.010416666666666666
0 0.5559895833333334 0.728515625 0.040364583333333336 0.04296875
0 0.3079427083333333 0.763671875 0.009114583333333334 0.009114583333333334
0 0.0546875 0.5872395833333334 0.009114583333333334 0.0078125
0 0.072265625 0.9596354166666666 0.036458333333333336 0.037760416666666664
0 0.9270833333333334 0.9212239583333334 0.03515625 0.036458333333333336
0 0.6666666666666666 0.3528645833333333 0.032552083333333336 0.03125
0 0.7102864583333334 0.8704427083333334 0.01171875 0.010416666666666666
0 0.2903645833333333 0.8912760416666666 0.010416666666666666 0.01171875
0 0.013671875 0.4348958333333333 0.022135416666666668 0.022135416666666668
0 0.9583333333333334 0.05078125 0.013020833333333334 0.013020833333333334
0 0.4459635416666667 0.982421875 0.013020833333333334 0.013020833333333334
0 0.059244791666666664 0.6549479166666666 0.01171875 0.01171875
0 0.2916666666666667 0.96875 0.013020833333333334 0.013020833333333334
0 0.09635416666666667 0.9049479166666666 0.014322916666666666 0.014322916666666666
0 0.5078125 0.9134114583333334 0.010416666666666666 0.009114583333333334
0 0.4114583333333333 0.93359375 0.010416666666666666 0.010416666666666666
0 0.21419270833333334 0.55078125 0.013020833333333334 0.013020833333333334
0 0.361328125 0.045572916666666664 0.010416666666666666 0.010416666666666666
0 0.05859375 0.6067708333333334 0.009114583333333334 0.009114583333333334
0 0.4993489583333333 0.6569010416666666 0.009114583333333334 0.009114583333333334
0 0.18098958333333334 0.5859375 0.009114583333333334 0.009114583333333334
0 0.376953125 0.5455729166666666 0.010416666666666666 0.009114583333333334
0 0.011067708333333334 0.8606770833333334 0.009114583333333334 0.009114583333333334
0 0.484375 0.21028645833333334 0.020833333333333332 0.020833333333333332
0 0.98828125 0.4108072916666667 0.010416666666666666 0.01171875
0 0.4694010416666667 0.6028645833333334 0.015625 0.015625
0 0.7916666666666666 0.9680989583333334 0.01171875 0.01171875
0 0.12109375 0.607421875 0.010416666666666666 0.010416666666666666
0 0.8697916666666666 0.8736979166666666 0.01171875 0.01171875
0 0.10677083333333333 0.8860677083333334 0.013020833333333334 0.014322916666666666
0 0.4544270833333333 0.62890625 0.013020833333333334 0.013020833333333334
0 0.6477864583333334 0.10026041666666667 0.009114583333333334 0.009114583333333334
0 0.095703125 0.7109375 0.009114583333333334 0.009114583333333334
0 0.4713541666666667 0.099609375 0.010416666666666666 0.009114583333333334
0 0.2838541666666667 0.140625 0.07161458333333333 0.07421875
0 0.4420572916666667 0.053385416666666664 0.010416666666666666 0.010416666666666666
0 0.3333333333333333 0.091796875 0.022135416666666668 0.022135416666666668
0 0.7890625 0.1015625 0.010416666666666666 0.009114583333333334
0 0.2604166666666667 0.5559895833333334 0.033854166666666664 0.024739583333333332
0 0.2682291666666667 0.6809895833333334 0.0078125 0.0078125
0 0.41015625 0.8372395833333334 0.009114583333333334 0.009114583333333334
0 0.010416666666666666 0.6354166666666666 0.0078125 0.0078125
0 0.392578125 0.18294270833333334 0.010416666666666666 0.009114583333333334
0 0.2545572916666667 0.6419270833333334 0.0078125 0.0078125