0 0.9811197916666666 0.5787760416666666 0.037760416666666664 0.048177083333333336
0 0.40700244903564453 0.34781042734781903 0.043183585007985435 0.042193333307902016
0 0.05361175537109375 0.13736041386922201 0.051062544186909996 0.04701542854309082
0 0.8527018229166666 0.4414968490600586 0.050158401330312095 0.05334442853927612
0 0.5234216054280599 0.3085447947184245 0.029944350322087605 0.031601945559183754
0 0.7135499318440756 0.37329864501953125 0.047532081604003906 0.04503492514292399
0 0.990234375 0.01953125 0.01953125 0.0390625
0 0.349826176961263 0.21589167912801108 0.032097071409225464 0.030762384335199993
0 0.6281299591064453 0.8651523590087891 0.04171973466873169 0.04434605439503988
0 0.5495986938476562 0.8417307535807291 0.034529646237691246 0.038339962561925255
0 0.7135499318440756 0.762510617574056 0.05661656459172567 0.054377734661102295
0 0.39529164632161456 0.4552742640177409 0.03702680269877116 0.040148248275121055
0 0.7920811971028646 0.7983318964640299 0.055109659830729164 0.05640129248301188
0 0.301605224609375 0.37570969263712567 0.04628350337346395 0.047359863917032875
0 0.8912785847981771 0.14803791046142578 0.05459300676981608 0.05928593873977661
0 0.7865702311197916 0.2751345634460449 0.0625150203704834 0.0733647346496582
0 0.14247608184814453 0.17008177439371744 0.07857431968053182 0.07465636730194092
0 0.8155028025309244 0.6832904815673828 0.06217058499654134 0.06983427206675212
0 0.2299626668294271 0.9106178283691406 0.07741185029347737 0.09282533327738444
0 0.482089360555013 0.1800704002380371 0.05489438772201538 0.03877050677935282
0 0.12938753763834634 0.8127981821695963 0.04809178908665975 0.05661656459172567
0 0.7610677083333334 0.9759114583333334 0.07421875 0.048177083333333336
0 0.9837239583333334 0.3157552083333333 0.032552083333333336 0.07161458333333333
0 0.596441904703776 0.7452888488769531 0.0546791156133016 0.06290251016616821
0 0.21342976888020834 0.4235862096150716 0.08770185708999634 0.08348252375920613
0 0.11216576894124348 0.6564245223999023 0.07814377546310425 0.09041428565979004
0 0.32916005452473956 0.8403530120849609 0.038339962561925255 0.04865149656931559
0 0.8788789113362631 0.0579680601755778 0.04044962922732035 0.04503492514292399
0 0.5923086802164713 0.7645772298177084 0.11762468020121257 0.1112526257832845