0 0.8522135416666666 0.19270833333333334 0.053385416666666664 0.046875
0 0.22591145833333334 0.05859375 0.06640625 0.06770833333333333
0 0.16015625 0.027994791666666668 0.0234375 0.022135416666666668
0 0.11979166666666667 0.15950520833333334 0.020833333333333332 0.01953125
0 0.2721354166666667 0.18229166666666666 0.013020833333333334 0.015625
0 0.3059895833333333 0.189453125 0.018229166666666668 0.029947916666666668
0 0.2923177083333333 0.25 0.016927083333333332 0.015625
0 0.2981770833333333 0.3528645833333333 0.010416666666666666 0.010416666666666666
0 0.357421875 0.4518229166666667 0.01171875 0.010416666666666666
0 0.2942708333333333 0.505859375 0.0390625 0.032552083333333336
0 0.36328125 0.5885416666666666 0.0390625 0.0390625
0 0.46484375 0.6028645833333334 0.041666666666666664 0.041666666666666664
0 0.6354166666666666 0.55859375 0.0546875 0.052083333333333336
0 0.3131510416666667 0.7662760416666666 0.024739583333333332 0.024739583333333332
0 0.087890625 0.7486979166666666 0.01953125 0.020833333333333332
0 0.2662760416666667 0.5859375 0.032552083333333336 0.036458333333333336
0 0.4694010416666667 0.3951822916666667 0.06380208333333333 0.061197916666666664
0 0.7923177083333334 0.271484375 0.022135416666666668 0.01953125
0 0.8828125 0.521484375 0.078125 0.06901041666666667
0 0.951171875 0.4798177083333333 0.01953125 0.016927083333333332
0 0.853515625 0.6549479166666666 0.09765625 0.09114583333333333
0 0.6653645833333334 0.8365885416666666 0.020833333333333332 0.01953125
0 0.72265625 0.9283854166666666 0.125 0.1328125
0 0.580078125 0.9680989583333334 0.01953125 0.016927083333333332
0 0.6145833333333334 0.12565104166666666 0.015625 0.01171875
0 0.017578125 0.51171875 0.016927083333333332 0.015625
0 0.9889322916666666 0.15494791666666666 0.016927083333333332 0.013020833333333334
0 0.9029947916666666 0.044921875 0.037760416666666664 0.037760416666666664
0 0.5553385416666666 0.97265625 0.016927083333333332 0.013020833333333334
0 0.12890625 0.06770833333333333 0.010416666666666666 0.0078125
0 0.5162760416666666 0.8020833333333334 0.01171875 0.010416666666666666
0 0.17838541666666666 0.9635416666666666 0.015625 0.013020833333333334
0 0.5026041666666666 0.919921875 0.013020833333333334 0.01171875
0 0.6295572916666666 0.3984375 0.014322916666666666 0.010416666666666666
0 0.5299479166666666 0.5891927083333334 0.013020833333333334 0.01171875
0 0.7513020833333334 0.03515625 0.21614583333333334 0.06770833333333333
0 0.880859375 0.986328125 0.055989583333333336 0.02734375
0 0.4563802083333333 0.7662760416666666 0.009114583333333334 0.009114583333333334
0 0.69140625 0.14322916666666666 0.010416666666666666 0.010416666666666666
0 0.7109375 0.10026041666666667 0.010416666666666666 0.010416666666666666
0 0.681640625 0.24869791666666666 0.01171875 0.010416666666666666
0 0.7180989583333334 0.25 0.009114583333333334 0.0078125
0 0.6256510416666666 0.3209635416666667 0.01171875 0.009114583333333334