0 0.9811197916666666 0.2565104166666667 0.03515625 0.044270833333333336
0 0.9459635416666666 0.125 0.05859375 0.052083333333333336
0 0.78125 0.33203125 0.13020833333333334 0.13020833333333334
0 0.5104166666666666 0.318359375 0.03125 0.029947916666666668
0 0.4759114583333333 0.08854166666666667 0.03515625 0.03125
0 0.4830729166666667 0.033854166666666664 0.015625 0.015625
0 0.326171875 0.022786458333333332 0.048177083333333336 0.032552083333333336
0 0.3580729166666667 0.2838541666666667 0.06510416666666667 0.057291666666666664
0 0.25390625 0.2975260416666667 0.06510416666666667 0.07421875
0 0.15104166666666666 0.33984375 0.036458333333333336 0.036458333333333336
0 0.5598958333333334 0.7552083333333334 0.0390625 0.052083333333333336
0 0.13020833333333334 0.224609375 0.026041666666666668 0.02734375
0 0.76171875 0.13997395833333334 0.24739583333333334 0.25390625
0 0.5266927083333334 0.19010416666666666 0.20963541666666666 0.15885416666666666
0 0.3763020833333333 0.185546875 0.020833333333333332 0.01953125
0 0.333984375 0.390625 0.016927083333333332 0.018229166666666668
0 0.595703125 0.6100260416666666 0.01953125 0.016927083333333332
0 0.8815104166666666 0.685546875 0.013020833333333334 0.014322916666666666
0 0.9817708333333334 0.9147135416666666 0.033854166666666664 0.045572916666666664
0 0.7076822916666666 0.9622395833333334 0.08203125 0.07552083333333333
0 0.4205729166666667 0.9407552083333334 0.0234375 0.01953125
0 0.3619791666666667 0.98828125 0.044270833333333336 0.0234375
0 0.28515625 0.724609375 0.026041666666666668 0.02734375
0 0.947265625 0.8658854166666666 0.032552083333333336 0.026041666666666668
0 0.4205729166666667 0.0234375 0.018229166666666668 0.015625
0 0.9856770833333334 0.3059895833333333 0.026041666666666668 0.07291666666666667
0 0.71484375 0.9733072916666666 0.018229166666666668 0.016927083333333332