0 0.3541666666666667 0.16276041666666666 0.0390625 0.028645833333333332
0 0.10286458333333333 0.25 0.057291666666666664 0.049479166666666664
0 0.055338541666666664 0.6178385416666666 0.032552083333333336 0.029947916666666668
0 0.08854166666666667 0.6588541666666666 0.03125 0.033854166666666664
0 0.037109375 0.6412760416666666 0.029947916666666668 0.016927083333333332
0 0.037109375 0.6940104166666666 0.029947916666666668 0.026041666666666668
0 0.4029947916666667 0.4583333333333333 0.045572916666666664 0.028645833333333332
0 0.4166666666666667 0.8561197916666666 0.026041666666666668 0.016927083333333332
0 0.75 0.3821614583333333 0.09375 0.09244791666666667
0 0.6458333333333334 0.408203125 0.0234375 0.024739583333333332
0 0.14453125 0.033854166666666664 0.020833333333333332 0.020833333333333332
0 0.03515625 0.06510416666666667 0.018229166666666668 0.015625
0 0.7044270833333334 0.7923177083333334 0.015625 0.024739583333333332
0 0.9205729166666666 0.810546875 0.026041666666666668 0.029947916666666668
0 0.6484375 0.031901041666666664 0.08333333333333333 0.061197916666666664
0 0.84765625 0.189453125 0.1328125 0.12369791666666667
0 0.7200520833333334 0.486328125 0.018229166666666668 0.014322916666666666
0 0.8053385416666666 0.8665364583333334 0.04296875 0.032552083333333336
0 0.9680989583333334 0.9322916666666666 0.029947916666666668 0.026041666666666668
0 0.6334635416666666 0.8802083333333334 0.02734375 0.026041666666666668
0 0.7018229166666666 0.9407552083333334 0.044270833333333336 0.03515625
0 0.8287760416666666 0.916015625 0.024739583333333332 0.01953125
0 0.08528645833333333 0.7981770833333334 0.014322916666666666 0.013020833333333334
0 0.509765625 0.4661458333333333 0.014322916666666666 0.013020833333333334
0 0.7467447916666666 0.30859375 0.022135416666666668 0.028645833333333332
0 0.6901041666666666 0.9778645833333334 0.026041666666666668 0.020833333333333332
0 0.8098958333333334 0.48046875 0.018229166666666668 0.018229166666666668
0 0.015625 0.4759114583333333 0.026041666666666668 0.061197916666666664