0 0.8053385416666666 0.09765625 0.02734375 0.026041666666666668
0 0.8489583333333334 0.018229166666666668 0.013020833333333334 0.013020833333333334
0 0.2877604166666667 0.572265625 0.0390625 0.040364583333333336
0 0.794921875 0.22916666666666666 0.01953125 0.020833333333333332
0 0.099609375 0.794921875 0.037760416666666664 0.037760416666666664
0 0.216796875 0.833984375 0.037760416666666664 0.037760416666666664
0 0.06901041666666667 0.7799479166666666 0.03125 0.03125
0 0.7799479166666666 0.94921875 0.0703125 0.059895833333333336
0 0.5690104166666666 0.9733072916666666 0.028645833333333332 0.024739583333333332
0 0.826171875 0.8209635416666666 0.022135416666666668 0.016927083333333332
0 0.8274739583333334 0.3359375 0.01953125 0.018229166666666668
0 0.6022135416666666 0.2506510416666667 0.01953125 0.01953125
0 0.6731770833333334 0.228515625 0.015625 0.014322916666666666
0 0.7122395833333334 0.4446614583333333 0.013020833333333334 0.014322916666666666
0 0.4713541666666667 0.447265625 0.10677083333333333 0.11067708333333333
0 0.474609375 0.556640625 0.11328125 0.11067708333333333
0 0.7291666666666666 0.966796875 0.020833333333333332 0.022135416666666668
0 0.7708333333333334 0.8444010416666666 0.015625 0.016927083333333332
0 0.3001302083333333 0.3678385416666667 0.01953125 0.01953125
0 0.814453125 0.84375 0.01171875 0.010416666666666666
0 0.7994791666666666 0.8190104166666666 0.010416666666666666 0.010416666666666666
0 0.4830729166666667 0.12239583333333333 0.013020833333333334 0.010416666666666666
0 0.3053385416666667 0.12174479166666667 0.01171875 0.01171875
0 0.38671875 0.15625 0.010416666666666666 0.010416666666666666
0 0.5013020833333334 0.17122395833333334 0.005208333333333333 0.006510416666666667
0 0.861328125 0.5716145833333334 0.01171875 0.015625
0 0.84375 0.484375 0.010416666666666666 0.010416666666666666
0 0.740234375 0.005859375 0.032552083333333336 0.009114583333333334