0 0.6484375 0.15299479166666666 0.020833333333333332 0.016927083333333332
0 0.11783854166666667 0.041015625 0.11588541666666667 0.07942708333333333
0 0.03125 0.19270833333333334 0.015625 0.015625
0 0.15104166666666666 0.6321614583333334 0.03125 0.02734375
0 0.3600260416666667 0.7877604166666666 0.02734375 0.028645833333333332
0 0.23958333333333334 0.798828125 0.018229166666666668 0.01953125
0 0.255859375 0.9010416666666666 0.014322916666666666 0.015625
0 0.043619791666666664 0.8834635416666666 0.016927083333333332 0.016927083333333332
0 0.17122395833333334 0.638671875 0.016927083333333332 0.014322916666666666
0 0.07747395833333333 0.19466145833333334 0.01171875 0.01171875
0 0.026041666666666668 0.13606770833333334 0.013020833333333334 0.009114583333333334
0 0.7194010416666666 0.544921875 0.016927083333333332 0.014322916666666666
0 0.76953125 0.5188802083333334 0.013020833333333334 0.01171875