0 0.337890625 0.609375 0.022135416666666668 0.026041666666666668
0 0.4108072916666667 0.72265625 0.05859375 0.059895833333333336
0 0.02734375 0.7721354166666666 0.026041666666666668 0.026041666666666668
0 0.07161458333333333 0.4661458333333333 0.0234375 0.026041666666666668
0 0.18684895833333334 0.4674479166666667 0.17578125 0.20052083333333334
0 0.11197916666666667 0.23111979166666666 0.03125 0.024739583333333332
0 0.267578125 0.2708333333333333 0.12369791666666667 0.14322916666666666
0 0.3880208333333333 0.23046875 0.026041666666666668 0.026041666666666668
0 0.45703125 0.22526041666666666 0.03125 0.026041666666666668
0 0.763671875 0.8763020833333334 0.01953125 0.026041666666666668
0 0.7903645833333334 0.890625 0.0234375 0.018229166666666668
0 0.7786458333333334 0.9075520833333334 0.013020833333333334 0.015625
0 0.7858072916666666 0.5201822916666666 0.037760416666666664 0.048177083333333336
0 0.833984375 0.5299479166666666 0.01953125 0.0234375
0 0.6451822916666666 0.3834635416666667 0.01953125 0.016927083333333332
0 0.7102864583333334 0.3880208333333333 0.045572916666666664 0.06510416666666667
0 0.6516927083333334 0.09700520833333333 0.032552083333333336 0.045572916666666664
0 0.7395833333333334 0.224609375 0.026041666666666668 0.024739583333333332
0 0.734375 0.2545572916666667 0.026041666666666668 0.01953125
0 0.5911458333333334 0.3313802083333333 0.026041666666666668 0.029947916666666668
0 0.8046875 0.6015625 0.013020833333333334 0.015625
0 0.9029947916666666 0.6705729166666666 0.014322916666666666 0.020833333333333332
0 0.8684895833333334 0.6341145833333334 0.015625 0.015625
0 0.6263020833333334 0.9244791666666666 0.013020833333333334 0.018229166666666668
0 0.21614583333333334 0.9108072916666666 0.018229166666666668 0.01953125
0 0.9446614583333334 0.056640625 0.01953125 0.01953125
0 0.9869791666666666 0.12955729166666666 0.013020833333333334 0.03515625
0 0.4615885416666667 0.8352864583333334 0.016927083333333332 0.024739583333333332
0 0.361328125 0.2578125 0.14713541666666666 0.22135416666666666
0 0.007161458333333333 0.126953125 0.014322916666666666 0.037760416666666664
0 0.8177083333333334 0.018229166666666668 0.026041666666666668 0.018229166666666668
0 0.90234375 0.23828125 0.013020833333333334 0.013020833333333334