0 0.8548177083333334 0.20638020833333334 0.11848958333333333 0.11328125
0 0.7740885416666666 0.8033854166666666 0.01953125 0.013020833333333334
0 0.201171875 0.7467447916666666 0.01953125 0.016927083333333332
0 0.275390625 0.19921875 0.01953125 0.018229166666666668
0 0.08072916666666667 0.9127604166666666 0.013020833333333334 0.015625
0 0.06705729166666667 0.8860677083333334 0.014322916666666666 0.014322916666666666
0 0.94140625 0.9466145833333334 0.013020833333333334 0.013020833333333334
0 0.908203125 0.7903645833333334 0.016927083333333332 0.015625
0 0.7890625 0.875 0.013020833333333334 0.013020833333333334
0 0.5091145833333334 0.4153645833333333 0.015625 0.018229166666666668
0 0.642578125 0.18815104166666666 0.014322916666666666 0.014322916666666666
0 0.478515625 0.302734375 0.01171875 0.014322916666666666
0 0.4759114583333333 0.5247395833333334 0.014322916666666666 0.013020833333333334
0 0.4609375 0.8411458333333334 0.018229166666666668 0.018229166666666668
0 0.4127604166666667 0.9869791666666666 0.020833333333333332 0.018229166666666668
0 0.1171875 0.5078125 0.015625 0.018229166666666668
0 0.06640625 0.7473958333333334 0.010416666666666666 0.013020833333333334
0 0.05078125 0.8125 0.013020833333333334 0.013020833333333334
0 0.041015625 0.8170572916666666 0.014322916666666666 0.014322916666666666