0 0.6341145833333334 0.3984375 0.026041666666666668 0.028645833333333332
0 0.7194010416666666 0.18229166666666666 0.045572916666666664 0.046875
0 0.8268229166666666 0.20247395833333334 0.052083333333333336 0.06380208333333333
0 0.7708333333333334 0.2994791666666667 0.059895833333333336 0.06510416666666667
0 0.8072916666666666 0.4700520833333333 0.078125 0.07552083333333333
0 0.6764322916666666 0.2604166666666667 0.02734375 0.0390625
0 0.62109375 0.17903645833333334 0.033854166666666664 0.032552083333333336
0 0.5696614583333334 0.06380208333333333 0.05859375 0.057291666666666664
0 0.3736979166666667 0.23111979166666666 0.018229166666666668 0.01953125
0 0.359375 0.4563802083333333 0.0546875 0.053385416666666664
0 0.3444010416666667 0.5305989583333334 0.037760416666666664 0.045572916666666664
0 0.3287760416666667 0.6588541666666666 0.045572916666666664 0.049479166666666664
0 0.2740885416666667 0.5384114583333334 0.048177083333333336 0.04296875
0 0.2799479166666667 0.4153645833333333 0.06510416666666667 0.057291666666666664
0 0.3723958333333333 0.07877604166666667 0.036458333333333336 0.040364583333333336
0 0.345703125 0.040364583333333336 0.016927083333333332 0.018229166666666668
0 0.17252604166666666 0.53125 0.045572916666666664 0.044270833333333336
0 0.53125 0.322265625 0.08072916666666667 0.08463541666666667
0 0.46875 0.7877604166666666 0.06510416666666667 0.06510416666666667
0 0.568359375 0.9342447916666666 0.08463541666666667 0.07161458333333333
0 0.7584635416666666 0.966796875 0.01953125 0.01953125
0 0.9602864583333334 0.5794270833333334 0.07161458333333333 0.09114583333333333
0 0.9934895833333334 0.23763020833333334 0.010416666666666666 0.032552083333333336
0 0.908203125 0.8990885416666666 0.17578125 0.19401041666666666
0 0.11979166666666667 0.8509114583333334 0.1171875 0.12109375
0 0.078125 0.9479166666666666 0.026041666666666668 0.020833333333333332
0 0.8001302083333334 0.20182291666666666 0.01953125 0.020833333333333332
0 0.6653645833333334 0.8639322916666666 0.049479166666666664 0.05859375
0 0.5104166666666666 0.6764322916666666 0.018229166666666668 0.016927083333333332
0 0.98046875 0.365234375 0.036458333333333336 0.053385416666666664
0 0.4108072916666667 0.020182291666666668 0.014322916666666666 0.01171875
0 0.9212239583333334 0.19856770833333334 0.01953125 0.014322916666666666
0 0.537109375 0.22526041666666666 0.014322916666666666 0.015625
0 0.6061197916666666 0.26953125 0.009114583333333334 0.010416666666666666
0 0.7122395833333334 0.5891927083333334 0.015625 0.014322916666666666
0 0.572265625 0.6458333333333334 0.01953125 0.015625
0 0.5729166666666666 0.5279947916666666 0.013020833333333334 0.014322916666666666
0 0.6178385416666666 0.5826822916666666 0.01171875 0.014322916666666666
0 0.4440104166666667 0.18880208333333334 0.013020833333333334 0.013020833333333334
0 0.4329427083333333 0.12955729166666666 0.01171875 0.014322916666666666
0 0.23307291666666666 0.06380208333333333 0.010416666666666666 0.010416666666666666
0 0.22786458333333334 0.205078125 0.010416666666666666 0.01171875
0 0.275390625 0.4596354166666667 0.016927083333333332 0.015625
0 0.216796875 0.4583333333333333 0.01171875 0.013020833333333334
0 0.22200520833333334 0.23697916666666666 0.01171875 0.010416666666666666
0 0.16861979166666666 0.23893229166666666 0.01171875 0.01171875
0 0.10872395833333333 0.21484375 0.01171875 0.013020833333333334
0 0.21875 0.3619791666666667 0.010416666666666666 0.010416666666666666
0 0.2721354166666667 0.8626302083333334 0.015625 0.014322916666666666
0 0.412109375 0.9440104166666666 0.014322916666666666 0.018229166666666668
0 0.15885416666666666 0.7545572916666666 0.013020833333333334 0.014322916666666666