0 0.3092447916666667 0.5130208333333334 0.11848958333333333 0.10677083333333333
0 0.55859375 0.3059895833333333 0.07552083333333333 0.07291666666666667
0 0.48828125 0.9596354166666666 0.033854166666666664 0.028645833333333332
0 0.19779947916666665 0.986328125 0.062187499999999986 0.02734375
0 0.11328125 0.162109375 0.020833333333333332 0.01953125
0 0.7311197916666666 0.673828125 0.014322916666666666 0.014322916666666666
0 0.2936197916666667 0.5221354166666666 0.009114583333333334 0.0078125
0 0.3704427083333333 0.453125 0.01171875 0.013020833333333334
0 0.2506510416666667 0.943359375 0.01171875 0.009114583333333334
0 0.2515364583333333 0.9169140625000001 0.02557291666666665 0.020338541666666526
0 0.498046875 0.9264322916666666 0.029947916666666668 0.022135416666666668
0 0.5442708333333334 0.734375 0.018229166666666668 0.015625
0 0.7076822916666666 0.3893229166666667 0.01953125 0.018229166666666668
0 0.6490885416666666 0.4954427083333333 0.016927083333333332 0.01953125
0 0.022669270833333335 0.17236979166666666 0.014453125000000002 0.012721354166666662
0 0.8686588541666667 0.6899479166666667 0.012330729166666702 0.011874999999999858
0 0.6225651041666667 0.984375 0.008919270833333362 0.009088541666666691
0 0.8139713541666667 0.9877994791666667 0.008919270833333215 0.008736979166666714
0 0.6567447916666667 0.5400390625 0.007786458333333357 0.007877604166666607
0 0.7131640625000001 0.9292317708333333 0.009596354166666524 0.009934895833333476
0 0.27734375 0.845703125 0.0092317708333333 0.009023437500000083
0 0.48486979166666666 0.46020833333333333 0.008945312500000005 0.00819010416666662
0 0.646484375 0.546875 0.008515624999999952 0.008372395833333268
0 0.34399739583333333 0.5131901041666667 0.008515624999999952 0.008580729166666709
0 0.8608463541666667 0.28197916666666667 0.008476562499999988 0.008125000000000012
0 0.5854557291666667 0.5112369791666667 0.008450520833333345 0.008216145833333263
0 0.28100260416666667 0.384765625 0.009635416666666638 0.009596354166666673
0 0.48755208333333333 0.8012760416666667 0.007669270833333315 0.007877604166666607
0 0.06420572916666667 0.3935546875 0.008945312500000005 0.00819010416666662
0 0.876953125 0.5478515625 0.008255208333333227 0.00800781249999997
0 0.33716145833333333 0.40234375 0.0101692708333333 0.010169270833333263
0 0.5942447916666667 0.7436588541666667 0.007669270833333315 0.00751302083333331
0 0.3662109375 0.8276432291666667 0.007903645833333398 0.008033854166666762
0 0.8276432291666667 0.16858072916666667 0.008125000000000012 0.007695312500000014