0 0.4368489583333333 0.130859375 0.12630208333333334 0.12630208333333334
0 0.6302083333333334 0.115234375 0.06510416666666667 0.061197916666666664
0 0.3170572916666667 0.337890625 0.040364583333333336 0.037760416666666664
0 0.6946614583333334 0.4166666666666667 0.014322916666666666 0.015625
0 0.595703125 0.185546875 0.01953125 0.016927083333333332
0 0.7669270833333334 0.390625 0.015625 0.015625
0 0.8463541666666666 0.6608072916666666 0.020833333333333332 0.022135416666666668
0 0.4173177083333333 0.5006510416666666 0.014322916666666666 0.01171875
0 0.6868489583333334 0.7454427083333334 0.014322916666666666 0.014322916666666666
0 0.162109375 0.5345052083333334 0.029947916666666668 0.02734375
0 0.74609375 0.5403645833333334 0.015625 0.015625
0 0.6666666666666666 0.4733072916666667 0.015625 0.014322916666666666
0 0.37109375 0.59765625 0.013020833333333334 0.013020833333333334
0 0.404296875 0.705078125 0.016927083333333332 0.016927083333333332
0 0.21809895833333334 0.43359375 0.016927083333333332 0.018229166666666668
0 0.408203125 0.030598958333333332 0.014322916666666666 0.014322916666666666
0 0.27734375 0.412109375 0.013020833333333334 0.01171875
0 0.6608072916666666 0.3209635416666667 0.01171875 0.01171875
0 0.23697916666666666 0.6875 0.020833333333333332 0.020833333333333332
0 0.21940104166666666 0.3880208333333333 0.01171875 0.010416666666666666
0 0.9915364583333334 0.9869791666666666 0.016927083333333332 0.026041666666666668