0 0.3470052083333333 0.23111979166666666 0.02734375 0.02734375
0 0.3450520833333333 0.564453125 0.026041666666666668 0.024739583333333332
0 0.4837239583333333 0.6243489583333334 0.032552083333333336 0.032552083333333336
0 0.7610677083333334 0.6145833333333334 0.09765625 0.09635416666666667
0 0.2903645833333333 0.9055989583333334 0.026041666666666668 0.02734375
0 0.02734375 0.6451822916666666 0.018229166666666668 0.014322916666666666
0 0.032552083333333336 0.6783854166666666 0.0625 0.07552083333333333
0 0.0390625 0.5494791666666666 0.020833333333333332 0.020833333333333332
0 0.3528645833333333 0.4270833333333333 0.026041666666666668 0.026041666666666668
0 0.501953125 0.03515625 0.014322916666666666 0.013020833333333334
0 0.8391927083333334 0.2591145833333333 0.022135416666666668 0.026041666666666668
0 0.7180989583333334 0.265625 0.029947916666666668 0.028645833333333332
0 0.576171875 0.7115885416666666 0.01953125 0.01953125
0 0.5618489583333334 0.8372395833333334 0.048177083333333336 0.046875
0 0.6223958333333334 0.80859375 0.06770833333333333 0.06770833333333333
0 0.197265625 0.849609375 0.04296875 0.037760416666666664
0 0.14322916666666666 0.7975260416666666 0.049479166666666664 0.045572916666666664
0 0.2623697916666667 0.9166666666666666 0.19140625 0.16666666666666666
0 0.2610677083333333 0.5963541666666666 0.3033854166666667 0.2838541666666667
0 0.5963541666666666 0.9596354166666666 0.013020833333333334 0.013020833333333334
0 0.783203125 0.9876302083333334 0.014322916666666666 0.014322916666666666
0 0.9752604166666666 0.23697916666666666 0.049479166666666664 0.046875
0 0.7727864583333334 0.20182291666666666 0.01953125 0.018229166666666668
0 0.8157552083333334 0.18880208333333334 0.014322916666666666 0.015625
0 0.86328125 0.057291666666666664 0.013020833333333334 0.015625
0 0.4505208333333333 0.050130208333333336 0.013020833333333334 0.014322916666666666
0 0.06510416666666667 0.07682291666666667 0.010416666666666666 0.015625
0 0.07356770833333333 0.4544270833333333 0.014322916666666666 0.015625
0 0.11393229166666667 0.974609375 0.014322916666666666 0.016927083333333332
0 0.7786458333333334 0.07096354166666667 0.013020833333333334 0.014322916666666666
0 0.7623697916666666 0.17643229166666666 0.014322916666666666 0.014322916666666666
0 0.2578125 0.17252604166666666 0.020833333333333332 0.01953125
0 0.8756510416666666 0.6302083333333334 0.014322916666666666 0.013020833333333334
0 0.8470052083333334 0.71875 0.009114583333333334 0.010416666666666666
0 0.5032552083333334 0.146484375 0.01171875 0.01171875
0 0.9602864583333334 0.775390625 0.07942708333333333 0.08984375
0 0.9114583333333334 0.9303385416666666 0.010416666666666666 0.01171875
0 0.236328125 0.9557291666666666 0.01171875 0.010416666666666666