0 0.7141927083333334 0.6614583333333334 0.024739583333333332 0.026041666666666668
0 0.7805989583333334 0.9479166666666666 0.022135416666666668 0.026041666666666668
0 0.8606770833333334 0.7994791666666666 0.033854166666666664 0.03125
0 0.7649739583333334 0.6946614583333334 0.014322916666666666 0.014322916666666666
0 0.6901041666666666 0.775390625 0.010416666666666666 0.014322916666666666
0 0.9134114583333334 0.2662760416666667 0.018229166666666668 0.022135416666666668
0 0.6920572916666666 0.7747395833333334 0.010416666666666666 0.010416666666666666
0 0.7708333333333334 0.4134114583333333 0.010416666666666666 0.010416666666666666
0 0.7799479166666666 0.619140625 0.010416666666666666 0.009114583333333334
0 0.7096354166666666 0.6334635416666666 0.01171875 0.01171875
0 0.794921875 0.7858072916666666 0.009114583333333334 0.009114583333333334
0 0.8216145833333334 0.4055989583333333 0.010416666666666666 0.010416666666666666
0 0.9602864583333334 0.6315104166666666 0.01171875 0.010416666666666666
0 0.744140625 0.5813802083333334 0.009114583333333334 0.0078125
0 0.95703125 0.23567708333333334 0.010416666666666666 0.01171875