0 0.5872395833333334 0.23307291666666666 0.020833333333333332 0.018229166666666668
0 0.6803385416666666 0.4661458333333333 0.01953125 0.020833333333333332
0 0.6966145833333334 0.3860677083333333 0.052083333333333336 0.037760416666666664
0 0.6966145833333334 0.2669270833333333 0.14322916666666666 0.14322916666666666
0 0.6263020833333334 0.5026041666666666 0.028645833333333332 0.028645833333333332
0 0.5240885416666666 0.53515625 0.045572916666666664 0.0390625
0 0.802734375 0.572265625 0.08203125 0.07161458333333333
0 0.8756510416666666 0.5970052083333334 0.01953125 0.01953125
0 0.8385416666666666 0.8157552083333334 0.036458333333333336 0.037760416666666664
0 0.6302083333333334 0.654296875 0.09375 0.11067708333333333
0 0.6100260416666666 0.6953125 0.029947916666666668 0.033854166666666664
0 0.869140625 0.6901041666666666 0.01953125 0.026041666666666668
0 0.6360677083333334 0.8463541666666666 0.029947916666666668 0.026041666666666668
0 0.6282552083333334 0.896484375 0.10546875 0.09765625
0 0.5384114583333334 0.8040364583333334 0.08723958333333333 0.09765625
0 0.9342447916666666 0.849609375 0.045572916666666664 0.045572916666666664
0 0.28125 0.9557291666666666 0.0234375 0.0234375
0 0.016927083333333332 0.927734375 0.03125 0.07161458333333333
0 0.4934895833333333 0.22786458333333334 0.0234375 0.026041666666666668
0 0.7063802083333334 0.6380208333333334 0.01953125 0.013020833333333334
0 0.3743489583333333 0.7955729166666666 0.01953125 0.015625
0 0.6751302083333334 0.8606770833333334 0.022135416666666668 0.0234375
0 0.9830729166666666 0.3190104166666667 0.013020833333333334 0.026041666666666668
0 0.6516927083333334 0.96484375 0.016927083333333332 0.015625
0 0.97265625 0.79296875 0.0234375 0.018229166666666668
0 0.9720052083333334 0.6236979166666666 0.02734375 0.03125
0 0.9856770833333334 0.6119791666666666 0.028645833333333332 0.041666666666666664