0 0.10091145833333333 0.8274739583333334 0.01953125 0.01953125
0 0.2962239583333333 0.8984375 0.01953125 0.0234375
0 0.755859375 0.15494791666666666 0.08203125 0.08072916666666667
0 0.7688802083333334 0.2109375 0.024739583333333332 0.0234375
0 0.5345052083333334 0.9095052083333334 0.02734375 0.024739583333333332
0 0.5670572916666666 0.9772135416666666 0.05078125 0.032552083333333336
0 0.216796875 0.23177083333333334 0.01171875 0.018229166666666668
0 0.5716145833333334 0.11067708333333333 0.013020833333333334 0.015625
0 0.6041666666666666 0.6106770833333334 0.015625 0.013020833333333334
0 0.9908854166666666 0.98046875 0.018229166666666668 0.026041666666666668
0 0.6748046875 0.6806640625 0.01854166666666668 0.019296874999999918
0 0.25561197916666667 0.48022135416666667 0.018190104166666703 0.018580729166666643
0 0.7016666666666667 0.44190104166666666 0.018229166666666668 0.020143229166666703
0 0.828125 0.595703125 0.011966145833333405 0.011328125000000059
0 0.640625 0.3046875 0.012630208333333393 0.012291666666666664
0 0.27173177083333333 0.15661458333333333 0.012057291666666655 0.012005208333333331
0 0.1328125 0.6884765625 0.009231770833333338 0.00947916666666663
0 0.904296875 0.3134765625 0.009934895833333476 0.010403645833333345
0 0.33984375 0.5083072916666667 0.007838541666666643 0.009088541666666691
0 0.48217447916666667 0.4423828125 0.008815104166666643 0.00947916666666663
0 0.2314453125 0.39307291666666666 0.009973958333333366 0.009973958333333291
0 0.1240234375 0.4921875 0.009596354166666673 0.009674479166666602
0 0.22729166666666667 0.27319010416666667 0.01001302083333333 0.010572916666666673
0 0.05779947916666667 0.44483072916666666 0.008815104166666662 0.009335937499999947
0 0.5888671875 0.7739322916666667 0.008671874999999959 0.00985677083333325