0 0.607421875 0.5891927083333334 0.09244791666666667 0.08463541666666667
0 0.54296875 0.23111979166666666 0.026041666666666668 0.045572916666666664
0 0.58203125 0.3626302083333333 0.026041666666666668 0.022135416666666668
0 0.5690104166666666 0.18359375 0.026041666666666668 0.026041666666666668
0 0.15494791666666666 0.4524739583333333 0.046875 0.045572916666666664
0 0.19596354166666666 0.033854166666666664 0.09505208333333333 0.052083333333333336
0 0.724609375 0.022786458333333332 0.014322916666666666 0.01953125
0 0.8346354166666666 0.05078125 0.013020833333333334 0.018229166666666668
0 0.912109375 0.7161458333333334 0.022135416666666668 0.026041666666666668
0 0.7610677083333334 0.521484375 0.01953125 0.014322916666666666
0 0.248046875 0.9700520833333334 0.03515625 0.026041666666666668
0 0.5540364583333334 0.90625 0.022135416666666668 0.0234375
0 0.4225260416666667 0.8509114583333334 0.01953125 0.022135416666666668
0 0.23046875 0.228515625 0.013020833333333334 0.014322916666666666
0 0.0546875 0.2604166666666667 0.013020833333333334 0.026041666666666668
0 0.11653645833333333 0.9322916666666666 0.01953125 0.015625
0 0.8098958333333334 0.7747395833333334 0.013020833333333334 0.013020833333333334
0 0.7473958333333334 0.13671875 0.0078125 0.013020833333333334
0 0.4466145833333333 0.4921875 0.015625 0.018229166666666668
0 0.8424479166666666 0.384765625 0.013020833333333334 0.01171875
0 0.66796875 0.07291666666666667 0.015625 0.013020833333333334
0 0.6588541666666666 0.4114583333333333 0.015625 0.010416666666666666
0 0.736328125 0.18424479166666666 0.01171875 0.014322916666666666
0 0.7669270833333334 0.10611979166666667 0.015625 0.016927083333333332
0 0.9361979166666666 0.07421875 0.015625 0.013020833333333334
0 0.8053385416666666 0.9186197916666666 0.016927083333333332 0.014322916666666666
0 0.2532552083333333 0.6744791666666666 0.016927083333333332 0.013020833333333334
0 0.16276041666666666 0.8665364583333334 0.015625 0.016927083333333332