0 0.826171875 0.5390625 0.037760416666666664 0.0390625
0 0.8971354166666666 0.033854166666666664 0.015625 0.015625
0 0.9641927083333334 0.020833333333333332 0.016927083333333332 0.015625
0 0.6165364583333334 0.4733072916666667 0.029947916666666668 0.029947916666666668
0 0.5794270833333334 0.4720052083333333 0.0390625 0.045572916666666664
0 0.41796875 0.010416666666666666 0.0234375 0.018229166666666668
0 0.7526041666666666 0.017578125 0.018229166666666668 0.016927083333333332
0 0.9596354166666666 0.599609375 0.0234375 0.024739583333333332
0 0.8235677083333334 0.87890625 0.11067708333333333 0.1171875
0 0.7682291666666666 0.7174479166666666 0.013020833333333334 0.015625
0 0.3411458333333333 0.2760416666666667 0.0859375 0.078125
0 0.4069010416666667 0.43359375 0.024739583333333332 0.026041666666666668
0 0.4108072916666667 0.5260416666666666 0.037760416666666664 0.036458333333333336
0 0.4108072916666667 0.5657552083333334 0.05078125 0.040364583333333336
0 0.3548177083333333 0.6399739583333334 0.032552083333333336 0.024739583333333332
0 0.3313802083333333 0.4915364583333333 0.01953125 0.024739583333333332
0 0.17578125 0.3125 0.026041666666666668 0.026041666666666668
0 0.10546875 0.16666666666666666 0.028645833333333332 0.03125
0 0.2936197916666667 0.5716145833333334 0.024739583333333332 0.0234375
0 0.69921875 0.7890625 0.033854166666666664 0.0390625
0 0.759765625 0.8984375 0.022135416666666668 0.026041666666666668
0 0.20833333333333334 0.8072916666666666 0.10416666666666667 0.10416666666666667
0 0.050130208333333336 0.6061197916666666 0.10026041666666667 0.12630208333333334
0 0.94140625 0.115234375 0.013020833333333334 0.014322916666666666
0 0.654296875 0.03515625 0.014322916666666666 0.013020833333333334
0 0.6796875 0.14973958333333334 0.013020833333333334 0.013020833333333334
0 0.5729166666666666 0.3548177083333333 0.013020833333333334 0.01171875
0 0.5 0.2942708333333333 0.013020833333333334 0.013020833333333334
0 0.4928385416666667 0.013020833333333334 0.01171875 0.013020833333333334
0 0.375 0.2669270833333333 0.013020833333333334 0.015625
0 0.306640625 0.171875 0.01171875 0.010416666666666666
0 0.3196614583333333 0.4296875 0.016927083333333332 0.015625
0 0.20638020833333334 0.2265625 0.01171875 0.010416666666666666
0 0.24609375 0.31640625 0.010416666666666666 0.010416666666666666
0 0.0390625 0.2923177083333333 0.010416666666666666 0.009114583333333334
0 0.14388020833333334 0.6809895833333334 0.016927083333333332 0.018229166666666668
0 0.19856770833333334 0.6888020833333334 0.016927083333333332 0.018229166666666668
0 0.203125 0.6015625 0.013020833333333334 0.015625
0 0.13932291666666666 0.5911458333333334 0.013020833333333334 0.015625
0 0.12890625 0.5768229166666666 0.013020833333333334 0.013020833333333334
0 0.3307291666666667 0.6907552083333334 0.010416666666666666 0.01171875
0 0.3984375 0.8372395833333334 0.013020833333333334 0.013020833333333334
0 0.23893229166666666 0.9296875 0.01171875 0.015625
0 0.646484375 0.8138020833333334 0.014322916666666666 0.015625
0 0.6119791666666666 0.8268229166666666 0.013020833333333334 0.013020833333333334
0 0.6178385416666666 0.8626302083333334 0.01171875 0.01171875
0 0.7447916666666666 0.8059895833333334 0.010416666666666666 0.013020833333333334
0 0.9954427083333334 0.6985677083333334 0.006510416666666667 0.01953125
0 0.953125 0.689453125 0.010416666666666666 0.014322916666666666
0 0.98828125 0.271484375 0.010416666666666666 0.01171875