0 0.263671875 0.21875 0.048177083333333336 0.046875
0 0.19205729166666666 0.1328125 0.022135416666666668 0.026041666666666668
0 0.16341145833333334 0.12109375 0.022135416666666668 0.0234375
0 0.16276041666666666 0.007161458333333333 0.015625 0.01171875
0 0.404296875 0.053385416666666664 0.016927083333333332 0.015625
0 0.4915364583333333 0.21809895833333334 0.024739583333333332 0.024739583333333332
0 0.693359375 0.040364583333333336 0.016927083333333332 0.015625
0 0.787109375 0.016927083333333332 0.06380208333333333 0.03125
0 0.146484375 0.8268229166666666 0.03515625 0.036458333333333336
0 0.19791666666666666 0.9231770833333334 0.015625 0.020833333333333332
0 0.5358072916666666 0.9192708333333334 0.014322916666666666 0.018229166666666668
0 0.9759114583333334 0.814453125 0.045572916666666664 0.07942708333333333
0 0.880859375 0.8209635416666666 0.014322916666666666 0.014322916666666666
0 0.044921875 0.24348958333333334 0.01171875 0.013020833333333334
0 0.044921875 0.8216145833333334 0.022135416666666668 0.026041666666666668
0 0.5130208333333334 0.8645833333333334 0.010416666666666666 0.013020833333333334
0 0.421875 0.8795572916666666 0.010416666666666666 0.01171875
0 0.736328125 0.099609375 0.016927083333333332 0.014322916666666666
0 0.007578125000000001 0.8720703125 0.011627604166666666 0.011588541666666785
0 0.6596744791666667 0.12670572916666667 0.012578124999999959 0.012109375000000014
0 0.9033203125 0.6875 0.010846354166666572 0.011106770833333298
0 0.40772135416666666 0.8950260416666667 0.016380208333333385 0.01621093750000006
0 0.7563541666666667 0.02606770833333333 0.017773437500000117 0.01735677083333333
0 0.875 0.18506510416666666 0.010481770833333274 0.01024739583333334
0 0.08770833333333333 0.7124088541666667 0.011419270833333337 0.011041666666666691