0 0.8854166666666666 0.4140625 0.026041666666666668 0.020833333333333332
0 0.6341145833333334 0.25 0.028645833333333332 0.03125
0 0.935546875 0.10286458333333333 0.016927083333333332 0.015625
0 0.341796875 0.020833333333333332 0.045572916666666664 0.036458333333333336
0 0.14322916666666666 0.169921875 0.14322916666666666 0.15755208333333334
0 0.44921875 0.6263020833333334 0.0390625 0.0390625
0 0.3723958333333333 0.3053385416666667 0.020833333333333332 0.022135416666666668
0 0.3118489583333333 0.3743489583333333 0.024739583333333332 0.02734375
0 0.3548177083333333 0.5833333333333334 0.01953125 0.0234375
0 0.240234375 0.6569010416666666 0.037760416666666664 0.032552083333333336
0 0.3255208333333333 0.7259114583333334 0.052083333333333336 0.05859375
0 0.029296875 0.068359375 0.04296875 0.040364583333333336
0 0.08919270833333333 0.3287760416666667 0.022135416666666668 0.022135416666666668
0 0.7063802083333334 0.7180989583333334 0.20182291666666666 0.19401041666666666
0 0.7096354166666666 0.83984375 0.026041666666666668 0.026041666666666668
0 0.38671875 0.3541666666666667 0.015625 0.015625
0 0.1484375 0.3619791666666667 0.0234375 0.020833333333333332
0 0.9694010416666666 0.18294270833333334 0.024739583333333332 0.014322916666666666
0 0.3046875 0.8841145833333334 0.020833333333333332 0.020833333333333332
0 0.06705729166666667 0.5084635416666666 0.016927083333333332 0.01171875
0 0.18815104166666666 0.0703125 0.014322916666666666 0.015625
0 0.291015625 0.744140625 0.016927083333333332 0.016927083333333332
0 0.5572916666666666 0.8776041666666666 0.015625 0.018229166666666668
0 0.042317708333333336 0.3977864583333333 0.014322916666666666 0.014322916666666666
0 0.431640625 0.3834635416666667 0.016927083333333332 0.016927083333333332