0 0.4876302083333333 0.9596354166666666 0.024739583333333332 0.0390625
0 0.2571614583333333 0.4251302083333333 0.029947916666666668 0.02734375
0 0.24869791666666666 0.9850260416666666 0.028645833333333332 0.022135416666666668
0 0.5553385416666666 0.6764322916666666 0.024739583333333332 0.024739583333333332
0 0.658203125 0.7799479166666666 0.024739583333333332 0.028645833333333332
0 0.7194010416666666 0.37109375 0.040364583333333336 0.036458333333333336
0 0.5904947916666666 0.3984375 0.016927083333333332 0.015625
0 0.9270833333333334 0.8046875 0.0234375 0.018229166666666668
0 0.8430989583333334 0.9895833333333334 0.02734375 0.018229166666666668
0 0.7532552083333334 0.908203125 0.01953125 0.014322916666666666
0 0.3743489583333333 0.810546875 0.01953125 0.014322916666666666
0 0.4557291666666667 0.23046875 0.026041666666666668 0.026041666666666668
0 0.10546875 0.5963541666666666 0.013020833333333334 0.010416666666666666
0 0.10611979166666667 0.6165364583333334 0.016927083333333332 0.014322916666666666
0 0.23111979166666666 0.3040364583333333 0.01953125 0.01953125
0 0.2799479166666667 0.3209635416666667 0.015625 0.014322916666666666
0 0.6165364583333334 0.5950520833333334 0.01953125 0.013020833333333334
0 0.94921875 0.4739583333333333 0.03125 0.028645833333333332
0 0.88671875 0.6165364583333334 0.018229166666666668 0.014322916666666666
0 0.9733072916666666 0.736328125 0.016927083333333332 0.016927083333333332
0 0.6569010416666666 0.12825520833333334 0.014322916666666666 0.01171875
0 0.8880208333333334 0.19205729166666666 0.020833333333333332 0.01953125
0 0.8352864583333334 0.01171875 0.024739583333333332 0.015625
0 0.681640625 0.552734375 0.014322916666666666 0.01171875
0 0.21158854166666666 0.58984375 0.016927083333333332 0.015625
0 0.17903645833333334 0.734375 0.014322916666666666 0.0078125
0 0.2708333333333333 0.9622395833333334 0.015625 0.010416666666666666
0 0.4205729166666667 0.8359375 0.013020833333333334 0.013020833333333334
0 0.18815104166666666 0.3912760416666667 0.014322916666666666 0.01171875
0 0.87890625 0.5729166666666666 0.010416666666666666 0.010416666666666666
0 0.010416666666666666 0.205078125 0.015625 0.01171875
0 0.2994791666666667 0.921875 0.013020833333333334 0.010416666666666666
0 0.3990885416666667 0.5787760416666666 0.01171875 0.01171875
0 0.154296875 0.96875 0.015625 0.016927083333333332
0 0.025390625 0.71484375 0.01171875 0.013020833333333334
0 0.044270833333333336 0.2884114583333333 0.013020833333333334 0.013020833333333334
0 0.158203125 0.2584635416666667 0.01171875 0.01171875
0 0.96484375 0.9602864583333334 0.01171875 0.01171875
0 0.047526041666666664 0.028645833333333332 0.010416666666666666 0.01171875
0 0.24869791666666666 0.966796875 0.016927083333333332 0.015625
0 0.341796875 0.5748697916666666 0.026041666666666668 0.026041666666666668
0 0.568359375 0.978515625 0.014322916666666666 0.014322916666666666
0 0.9348958333333334 0.236328125 0.013020833333333334 0.013020833333333334
0 0.4772135416666667 0.8346354166666666 0.014322916666666666 0.014322916666666666
0 0.6510416666666666 0.4036458333333333 0.014322916666666666 0.014322916666666666
0 0.6158854166666666 0.057942708333333336 0.01171875 0.01171875
0 0.8567708333333334 0.6315104166666666 0.013020833333333334 0.01171875
0 0.18098958333333334 0.734375 0.01171875 0.013020833333333334
0 0.21223958333333334 0.5885416666666666 0.01171875 0.01171875
0 0.36328125 0.82421875 0.013020833333333334 0.013020833333333334
0 0.033203125 0.3567708333333333 0.01171875 0.01171875
0 0.3385416666666667 0.2747395833333333 0.01171875 0.01171875
0 0.12565104166666666 0.11783854166666667 0.01171875 0.01171875
0 0.8483072916666666 0.8606770833333334 0.010416666666666666 0.009114583333333334
0 0.21940104166666666 0.17838541666666666 0.010416666666666666 0.009114583333333334
0 0.4420572916666667 0.8294270833333334 0.010416666666666666 0.010416666666666666
0 0.7122395833333334 0.9388020833333334 0.010416666666666666 0.009114583333333334
0 0.841796875 0.6666666666666666 0.009114583333333334 0.0078125
0 0.7799479166666666 0.18489583333333334 0.01171875 0.010416666666666666
0 0.7552083333333334 0.693359375 0.010416666666666666 0.009114583333333334
0 0.5833333333333334 0.591796875 0.010416666666666666 0.010416666666666666
0 0.119140625 0.2591145833333333 0.010416666666666666 0.009114583333333334
0 0.3098958333333333 0.027994791666666668 0.010416666666666666 0.010416666666666666
0 0.10807291666666667 0.05859375 0.010416666666666666 0.010416666666666666
0 0.736328125 0.6901041666666666 0.010416666666666666 0.010416666666666666
0 0.3997395833333333 0.4544270833333333 0.010416666666666666 0.009114583333333334
0 0.9029947916666666 0.451171875 0.010416666666666666 0.010416666666666666
0 0.13216145833333334 0.056640625 0.010416666666666666 0.010416666666666666
0 0.9095052083333334 0.9798177083333334 0.009114583333333334 0.009114583333333334
0 0.5169270833333334 0.4388020833333333 0.010416666666666666 0.009114583333333334
0 0.908203125 0.8235677083333334 0.010416666666666666 0.009114583333333334
0 0.2708333333333333 0.5423177083333334 0.009114583333333334 0.009114583333333334
0 0.13802083333333334 0.4908854166666667 0.009114583333333334 0.009114583333333334
0 0.189453125 0.027994791666666668 0.010416666666666666 0.009114583333333334
0 0.3561197916666667 0.06705729166666667 0.010416666666666666 0.010416666666666666
0 0.9108072916666666 0.9283854166666666 0.010416666666666666 0.0078125
0 0.7161458333333334 0.822265625 0.009114583333333334 0.0078125
0 0.513671875 0.14388020833333334 0.010416666666666666 0.010416666666666666
0 0.9251302083333334 0.1640625 0.01171875 0.010416666666666666
0 0.9361979166666666 0.1640625 0.01171875 0.010416666666666666
0 0.087890625 0.8899739583333334 0.010416666666666666 0.010416666666666666
0 0.513671875 0.9420572916666666 0.010416666666666666 0.010416666666666666
0 0.8059895833333334 0.9524739583333334 0.009114583333333334 0.006510416666666667
0 0.607421875 0.6048177083333334 0.010416666666666666 0.010416666666666666
0 0.3326822916666667 0.3697916666666667 0.009114583333333334 0.009114583333333334