0 0.647332509358724 0.10011768341064453 0.02215478817621867 0.023020704587300617
0 0.8268229166666666 0.5944010416666666 0.3463541666666667 0.7096354166666666
0 0.2986005147298177 0.026958306630452473 0.023295263449350994 0.02401334047317505
0 0.515625 0.9850260416666666 0.059895833333333336 0.029947916666666668
0 0.4398504892985026 0.12309614817301433 0.02468917767206828 0.02506933609644572
0 0.34590911865234375 0.5478598276774088 0.04418285687764486 0.043380300203959145
0 0.30400721232096356 0.6614004770914713 0.04014895359675089 0.035080174605051674
0 0.25940195719401044 0.536370595296224 0.05305322011311849 0.05596776803334554
0 0.65625 0.005859375 0.049479166666666664 0.01171875
0 0.08841514587402344 0.1717564264933268 0.02179574966430664 0.022239267826080322
0 0.3540191650390625 0.6897856394449869 0.025956372419993084 0.02625205119450887
0 0.329013188680013 0.7235774993896484 0.02179574966430664 0.022492706775665283
0 0.21419270833333334 0.9947916666666666 0.01953125 0.010416666666666666
0 0.402679443359375 0.8188705444335938 0.021299431721369427 0.022577186425526936
0 0.0620574951171875 0.7188466389973959 0.028596361478169758 0.0296101172765096
0 0.3918660481770833 0.9837748209635416 0.025660693645477295 0.028152843316396076
0 0.11342112223307292 0.2738078435262044 0.0220491886138916 0.021880229314168293
0 0.5946172078450521 0.26502195994059247 0.018670002619425457 0.019187440474828083
0 0.06070582071940104 0.12579949696858725 0.030898431936899822 0.030898431936899822
0 0.7473564147949219 0.8823992411295573 0.024118940035502117 0.026167571544647217
0 0.42700958251953125 0.8263047536214193 0.02179574966430664 0.02105655272801717
0 0.9000956217447916 0.06852229436238606 0.028490761915842693 0.027836044629414875
0 0.5446052551269531 0.3062480290730794 0.0220491886138916 0.020972073078155518
0 0.03569984436035156 0.8296839396158854 0.021626790364583332 0.022746145725250244
0 0.035024007161458336 0.6749172210693359 0.020813673734664917 0.020570794741312664
0 0.03840319315592448 0.3890380859375 0.029145479202270508 0.02994803587595622
0 0.7892583211263021 0.11262067159016927 0.031004031499226887 0.02903987963994344
0 0.11882781982421875 0.9276803334554037 0.022323747475941975 0.028934280077616375