0 0.09875 0.5200260416666667 0.011822916666666683 0.01111979166666662
0 0.6049869791666667 0.306640625 0.011380208333333345 0.010950520833333366
0 0.20153645833333333 0.33838541666666666 0.010169270833333336 0.010091145833333334
0 0.7075260416666667 0.6743229166666667 0.01209635416666662 0.011471354166666595
0 0.10930989583333334 0.4794921875 0.011250000000000019 0.010572916666666673
0 0.33545572916666666 0.31006510416666666 0.01200520833333337 0.012526041666666673
0 0.4453125 0.6254947916666667 0.011380208333333345 0.011067708333333334
0 0.8344791666666667 0.49438802083333333 0.011601562500000107 0.011549479166666673
0 0.9111328125 0.22485677083333333 0.014622395833333357 0.014505208333333316
0 0.6044921875 0.3837890625 0.012239583333333304 0.011875000000000005
0 0.7109375 0.48266927083333333 0.009596354166666524 0.00927083333333334
0 0.349609375 0.6342838541666667 0.011158854166666732 0.011380208333333345
0 0.35766927083333333 0.5346744791666667 0.014895833333333405 0.014388020833333274
0 0.4775390625 0.634765625 0.010286458333333304 0.01036458333333338
0 0.11126302083333334 0.24670572916666667 0.019088541666666663 0.017851562499999973
0 0.0972265625 0.8173828125 0.022200520833333348 0.019765625000000082
0 0.8344791666666667 0.8276432291666667 0.01218749999999987 0.012148437499999906
0 0.7236328125 0.326171875 0.012929687500000083 0.01200520833333337
0 0.7802734375 0.5717838541666667 0.010403645833333345 0.010651041666666602
0 0.9213932291666667 0.6069401041666667 0.010572916666666524 0.010820312499999929
0 0.32666666666666666 0.6362369791666667 0.009635416666666638 0.009518229166666595
0 0.7939453125 0.7856510416666667 0.017773437500000117 0.017044270833333226
0 0.15197916666666667 0.41846354166666666 0.009088541666666653 0.009296874999999982
0 0.043515625 0.6865234375 0.015299479166666666 0.015429687499999881
0 0.5791015625 0.05932291666666667 0.01484374999999997 0.013124999999999998
0 0.953125 0.49170572916666666 0.011914062500000119 0.011249999999999982
0 0.33423177083333333 0.8051822916666667 0.025911458333333304 0.024791666666666618
0 0.13953125 0.37890625 0.010130208333333335 0.009856770833333398
0 0.042877604166666666 0.7856510416666667 0.012721354166666662 0.01455729166666675
0 0.36157552083333333 0.8764713541666667 0.016223958333333382 0.015299479166666666
0 0.44776041666666666 0.29174479166666667 0.005169270833333369 0.005416666666666699
0 0.22815104166666667 0.8911197916666667 0.12488281250000001 0.1165755208333333
0 0.34717447916666666 0.8583984375 0.01209635416666662 0.011783854166666607
0 0.5390625 0.9594791666666667 0.013684895833333321 0.013736979166666607
0 0.7255859375 0.28002604166666667 0.015677083333333286 0.014726562500000004
0 0.35131510416666667 0.5712890625 0.008815104166666643 0.008919270833333362
0 0.39575520833333333 0.31372395833333333 0.009739583333333357 0.00947916666666663
0 0.46899739583333333 0.2158203125 0.0051953125000000116 0.005286458333333337
0 0.17920572916666666 0.6982421875 0.009414062500000023 0.009062500000000048
0 0.4072265625 0.8310546875 0.00898437499999997 0.00929687500000013
0 0.4013671875 0.525390625 0.010091145833333334 0.009635416666666638
0 0.27490885416666666 0.6069401041666667 0.01049479166666667 0.010572916666666673
0 0.7026432291666667 0.8881901041666667 0.011874999999999858 0.011914062500000119
0 0.265625 0.24779947916666667 0.025755208333333297 0.024752604166666654
0 0.8447265625 0.6245182291666667 0.009375000000000059 0.00947916666666663
0 0.478515625 0.2568359375 0.018580729166666643 0.01484374999999997
0 0.34595052083333333 0.9458072916666667 0.021627604166666686 0.017916666666666654
0 0.009088541666666667 0.6552734375 0.016783854166666667 0.02386718749999998
0 0.38135416666666666 0.6044921875 0.010494791666666595 0.010403645833333345
0 0.03079427083333333 0.25903645833333333 0.00977864583333333 0.00927083333333334
0 0.7158203125 0.41358072916666666 0.005286458333333262 0.0051953125000000116
0 0.6792057291666667 0.0796484375 0.0048958333333333215 0.005039062500000006
0 0.6059635416666667 0.9169921875 0.028932291666666703 0.027526041666666796
0 0.6342838541666667 0.9106510416666667 0.01854166666666668 0.017044270833333226
0 0.9384765625 0.818359375 0.027369791666666643 0.025755208333333297
0 0.5205078125 0.2440234375 0.014114583333333375 0.012330729166666702
0 0.505859375 0.182734375 0.009375000000000059 0.009062499999999973
0 0.8725651041666667 0.9477604166666667 0.014895833333333405 0.015195312500000094
0 0.833984375 0.34399739583333333 0.017643229166666607 0.017109374999999982
0 0.24963541666666667 0.8286197916666667 0.011822916666666647 0.010572916666666524
0 0.33666666666666667 0.13158854166666667 0.009895833333333362 0.009817708333333322
0 0.36645833333333333 0.8999088541666667 0.008919270833333362 0.00955729166666656
0 0.8427734375 0.427734375 0.005260416666666619 0.005143229166666726
0 0.17748697916666667 0.677734375 0.005651041666666634 0.005585937499999953
0 0.5151432291666667 0.1376953125 0.008945312500000005 0.00927083333333334
0 0.5288151041666667 0.5815494791666667 0.008255208333333375 0.008919270833333362
0 0.6460026041666667 0.40209635416666667 0.004739583333333315 0.005013020833333363
0 0.004348958333333333 0.5205078125 0.0084765625 0.014674479166666643
0 0.59765625 0.6987369791666667 0.0055208333333333455 0.0053255208333332265
0 0.89453125 0.5395572916666667 0.012721354166666643 0.013841145833333327
0 0.7104557291666667 0.32446614583333333 0.00858072916666656 0.00873697916666664
0 0.37377604166666667 0.9702213541666667 0.008880208333333398 0.009635416666666785
0 0.2802734375 0.9604557291666667 0.01069010416666664 0.011640625000000071
0 0.47338541666666667 0.5810546875 0.022031249999999947 0.020885416666666618
0 0.72265625 0.6215885416666667 0.0053255208333332265 0.005677083333333351
0 0.9643619791666667 0.07263020833333333 0.028658854166666654 0.027330729166666668
0 0.5771484375 0.91015625 0.008776041666666679 0.00955729166666656
0 0.73046875 0.51171875 0.0049479166666666075 0.005455729166666738
0 0.8852604166666667 0.7734375 0.010130208333333298 0.010781249999999964
0 0.63671875 0.12359375 0.005416666666666625 0.005677083333333351
0 0.24927083333333333 0.05127604166666667 0.03774739583333334 0.036015624999999996
0 0.31470052083333333 0.7426822916666667 0.009127604166666655 0.008372395833333416
0 0.243046875 0.5444401041666667 0.009192708333333336 0.009375000000000059
0 0.8662109375 0.7085026041666667 0.009453124999999988 0.010690104166666714
0 0.45092447916666667 0.44701822916666667 0.004622395833333274 0.004713541666666672
0 0.8999088541666667 0.5297916666666667 0.019765625000000082 0.023072916666666703
0 0.5258854166666667 0.9960677083333334 0.015364583333333274 0.007864583333333286
0 0.8154296875 0.9287109375 0.010169270833333263 0.010494791666666595
0 0.25268229166666667 0.41772135416666667 0.0322265625 0.02947916666666665
0 0.5835026041666667 0.74609375 0.041536458333333304 0.04092447916666675
0 0.5478515625 0.9565494791666667 0.01395833333333337 0.012864583333333476
0 0.026458333333333334 0.9721744791666667 0.00955729166666667 0.009934895833333476
0 0.49951822916666666 0.8237369791666667 0.03876302083333331 0.03927083333333344
0 0.7744140625 0.6181640625 0.029583333333333368 0.024661458333333403
0 0.7534244791666667 0.6079166666666667 0.020690104166666796 0.019765624999999936
0 0.22680989583333333 0.8422916666666667 0.012148437499999979 0.011419270833333309
0 0.5634765625 0.19299479166666667 0.07628906250000005 0.07848958333333335
0 0.30225260416666666 0.46143229166666666 0.028059895833333348 0.028554687499999936
0 0.32764322916666666 0.95703125 0.028971354166666668 0.026966145833333382
0 0.47826822916666667 0.1309765625 0.009557291666666709 0.008880208333333325
0 0.25756510416666667 0.7309635416666667 0.009453124999999988 0.00888020833333325
0 0.8984375 0.8461979166666667 0.018229166666666668 0.023463541666666643
0 0.9047916666666667 0.010651041666666666 0.011822916666666572 0.013333333333333336
0 0.9755859375 0.7265625 0.021236979166666597 0.021861979166666618
0 0.26904947916666666 0.6919010416666667 0.00873697916666664 0.009088541666666691
0 0.853515625 0.9106510416666667 0.032721354166666806 0.03326822916666661
0 0.61328125 0.7958984375 0.03384114583333334 0.033203125
0 0.9868229166666667 0.7602604166666667 0.024752604166666654 0.028059895833333275
0 0.07055989583333333 0.9467838541666667 0.04708333333333333 0.0439453125
0 0.5581119791666667 0.5654296875 0.04098958333333336 0.039947916666666604
0 0.9653385416666667 0.7631901041666667 0.022109375000000025 0.028059895833333275
0 0.6171875 0.46826822916666666 0.04067708333333334 0.04876302083333339
0 0.18529947916666667 0.697265625 0.02009114583333334 0.015598958333333357
0 0.9091796875 0.83203125 0.030624999999999975 0.03615885416666664
0 0.028658854166666668 0.6831119791666667 0.04690104166666667 0.046106770833333366
0 0.20544270833333333 0.6713932291666667 0.04233072916666666 0.04858072916666659
0 0.24975260416666667 0.19311197916666667 0.02619791666666667 0.03125
0 0.8740234375 0.28881510416666667 0.03683593749999995 0.04321614583333333
0 0.03149739583333333 0.8637760416666667 0.0615234375 0.06744791666666661
0 0.7490234375 0.0173046875 0.03125 0.028385416666666663
0 0.5400390625 0.818359375 0.04131510416666669 0.03588541666666659
0 0.9967447916666666 0.8935546875 0.006510416666666667 0.017578125
0 0.46704427083333333 0.1083984375 0.10687500000000005 0.10108072916666666
0 0.17346354166666667 0.8408203125 0.052708333333333336 0.05023437499999991
0 0.9862239583333333 0.065 0.027539062500000117 0.025755208333333335
0 0.28881510416666667 0.1014453125 0.029648437499999975 0.032161458333333316
0 0.48194010416666666 0.25610677083333333 0.03979166666666659 0.025468750000000002
0 0.35864583333333333 0.8764713541666667 0.03985677083333335 0.0537109375
0 0.02802083333333333 0.020520833333333332 0.05225260416666667 0.0375390625
0 0.9643619791666667 0.11260416666666667 0.06042968750000011 0.049960937500000004
0 0.0965625 0.13403645833333333 0.18506510416666666 0.20593749999999997
0 0.34350260416666667 0.9672916666666667 0.06420572916666671 0.05243489583333331
0 0.46704427083333333 0.5087890625 0.046718749999999996 0.04699218750000004
0 0.058984375 0.5830078125 0.04303385416666666 0.05050781249999995