0 0.6321614583333334 0.4244791666666667 0.022135416666666668 0.0234375
0 0.646484375 0.2877604166666667 0.037760416666666664 0.0390625
0 0.595703125 0.3671875 0.024739583333333332 0.03125
0 0.572265625 0.3333333333333333 0.024739583333333332 0.026041666666666668
0 0.8294270833333334 0.6673177083333334 0.044270833333333336 0.045572916666666664
0 0.775390625 0.6640625 0.048177083333333336 0.052083333333333336
0 0.9127604166666666 0.4563802083333333 0.0234375 0.02734375
0 0.81640625 0.59765625 0.265625 0.3203125
0 0.6178385416666666 0.71484375 0.17317708333333334 0.1953125
0 0.75390625 0.3079427083333333 0.015625 0.016927083333333332
0 0.3919270833333333 0.6022135416666666 0.028645833333333332 0.032552083333333336
0 0.4459635416666667 0.88671875 0.11067708333333333 0.12760416666666666
0 0.3059895833333333 0.07161458333333333 0.026041666666666668 0.026041666666666668
0 0.09765625 0.56640625 0.0390625 0.0390625
0 0.3333333333333333 0.7265625 0.328125 0.3854166666666667
0 0.2584635416666667 0.8450520833333334 0.022135416666666668 0.020833333333333332
0 0.21744791666666666 0.8958333333333334 0.020833333333333332 0.018229166666666668
0 0.19986979166666666 0.8470052083333334 0.016927083333333332 0.014322916666666666
0 0.0703125 0.4596354166666667 0.0234375 0.028645833333333332
0 0.030598958333333332 0.671875 0.022135416666666668 0.026041666666666668
0 0.7330729166666666 0.3684895833333333 0.0546875 0.057291666666666664
0 0.5670572916666666 0.4576822916666667 0.01953125 0.01953125
0 0.9544270833333334 0.322265625 0.049479166666666664 0.05859375
0 0.994140625 0.2766927083333333 0.009114583333333334 0.01953125
0 0.916015625 0.23111979166666666 0.01171875 0.014322916666666666
0 0.7552083333333334 0.119140625 0.013020833333333334 0.016927083333333332
0 0.7317708333333334 0.35546875 0.013020833333333334 0.015625
0 0.572265625 0.62890625 0.014322916666666666 0.013020833333333334
0 0.7356770833333334 0.7356770833333334 0.010416666666666666 0.013020833333333334
0 0.845703125 0.8548177083333334 0.014322916666666666 0.014322916666666666
0 0.9134114583333334 0.7682291666666666 0.01171875 0.013020833333333334
0 0.4524739583333333 0.9869791666666666 0.040364583333333336 0.026041666666666668
0 0.0859375 0.880859375 0.015625 0.01953125
0 0.13411458333333334 0.8229166666666666 0.018229166666666668 0.018229166666666668
0 0.185546875 0.6692708333333334 0.014322916666666666 0.015625
0 0.07356770833333333 0.419921875 0.014322916666666666 0.016927083333333332
0 0.15169270833333334 0.556640625 0.01953125 0.022135416666666668
0 0.057942708333333336 0.9856770833333334 0.055989583333333336 0.028645833333333332
0 0.9752604166666666 0.7975260416666666 0.013020833333333334 0.01171875
0 0.9954427083333334 0.8033854166666666 0.006510416666666667 0.013020833333333334