0 0.3522135416666667 0.9954427083333334 0.03515625 0.009114583333333334
0 0.3333333333333333 0.888671875 0.029947916666666668 0.028645833333333332
0 0.5572916666666666 0.9537760416666666 0.026041666666666668 0.026041666666666668
0 0.841796875 0.490234375 0.041666666666666664 0.040364583333333336
0 0.666015625 0.5579427083333334 0.033854166666666664 0.03515625
0 0.9329427083333334 0.6223958333333334 0.026041666666666668 0.026041666666666668
0 0.7747395833333334 0.41796875 0.033854166666666664 0.032552083333333336
0 0.87890625 0.8704427083333334 0.029947916666666668 0.028645833333333332
0 0.6959635416666666 0.96484375 0.026041666666666668 0.026041666666666668
0 0.3489583333333333 0.24283854166666666 0.3359375 0.3893229166666667
0 0.8046875 0.2786458333333333 0.09375 0.09114583333333333
0 0.6380208333333334 0.9303385416666666 0.0234375 0.0234375
0 0.369140625 0.619140625 0.022135416666666668 0.022135416666666668
0 0.21549479166666666 0.6686197916666666 0.022135416666666668 0.022135416666666668
0 0.9680989583333334 0.158203125 0.0234375 0.0234375
0 0.4518229166666667 0.5983072916666666 0.020833333333333332 0.01953125
0 0.08528645833333333 0.953125 0.01953125 0.01953125
0 0.07356770833333333 0.01171875 0.020833333333333332 0.022135416666666668
0 0.3170572916666667 0.828125 0.020833333333333332 0.01953125
0 0.9856770833333334 0.009765625 0.020833333333333332 0.01953125
0 0.044921875 0.018880208333333332 0.026041666666666668 0.026041666666666668
0 0.990234375 0.7565104166666666 0.01953125 0.0234375
0 0.8209635416666666 0.030598958333333332 0.022135416666666668 0.020833333333333332
0 0.69140625 0.353515625 0.020833333333333332 0.020833333333333332
0 0.6171875 0.638671875 0.026041666666666668 0.026041666666666668
0 0.984375 0.11458333333333333 0.020833333333333332 0.020833333333333332
0 0.1796875 0.966796875 0.01953125 0.01953125
0 0.8997395833333334 0.84375 0.022135416666666668 0.01953125
0 0.4557291666666667 0.8138020833333334 0.020833333333333332 0.020833333333333332
0 0.16471354166666666 0.3125 0.022135416666666668 0.0234375
0 0.9563802083333334 0.6627604166666666 0.020833333333333332 0.01953125
0 0.96875 0.8977864583333334 0.020833333333333332 0.020833333333333332
0 0.9895833333333334 0.3307291666666667 0.020833333333333332 0.020833333333333332
0 0.8802083333333334 0.6744791666666666 0.026041666666666668 0.026041666666666668
0 0.8763020833333334 0.9368489583333334 0.0234375 0.0234375
0 0.8294270833333334 0.23763020833333334 0.022135416666666668 0.024739583333333332
0 0.7877604166666666 0.9583333333333334 0.01953125 0.018229166666666668
0 0.8958333333333334 0.3046875 0.020833333333333332 0.022135416666666668
0 0.6829427083333334 0.026692708333333332 0.020833333333333332 0.020833333333333332
0 0.994140625 0.923828125 0.01171875 0.01953125