0 0.4309895833333333 0.10026041666666667 0.041666666666666664 0.0546875
0 0.609375 0.11783854166666667 0.044270833333333336 0.045572916666666664
0 0.7779947916666666 0.583984375 0.05859375 0.053385416666666664
0 0.8509114583333334 0.3118489583333333 0.032552083333333336 0.029947916666666668
0 0.21158854166666666 0.4563802083333333 0.032552083333333336 0.01953125
0 0.314453125 0.359375 0.02734375 0.020833333333333332
0 0.2864583333333333 0.513671875 0.026041666666666668 0.022135416666666668
0 0.2649739583333333 0.560546875 0.032552083333333336 0.032552083333333336
0 0.7200520833333334 0.720703125 0.03125 0.024739583333333332
0 0.9244791666666666 0.875 0.026041666666666668 0.0234375
0 0.107421875 0.7819010416666666 0.01953125 0.01953125
0 0.06640625 0.9674479166666666 0.0234375 0.026041666666666668
0 0.3880208333333333 0.4244791666666667 0.015625 0.015625
0 0.9225260416666666 0.76171875 0.15494791666666666 0.20052083333333334
0 0.4127604166666667 0.9778645833333334 0.109375 0.044270833333333336
0 0.5162760416666666 0.9095052083333334 0.016927083333333332 0.015625
0 0.6100260416666666 0.390625 0.016927083333333332 0.015625
0 0.5716145833333334 0.470703125 0.016927083333333332 0.015625
0 0.022135416666666668 0.5572916666666666 0.015625 0.014322916666666666
0 0.810546875 0.421875 0.01171875 0.01171875
0 0.4147135416666667 0.4244791666666667 0.01171875 0.01171875
0 0.21549479166666666 0.4583333333333333 0.022135416666666668 0.020833333333333332
0 0.19140625 0.6171875 0.016927083333333332 0.015625
0 0.6712239583333334 0.5279947916666666 0.03125 0.029947916666666668
0 0.869140625 0.6341145833333334 0.010416666666666666 0.010416666666666666
0 0.3372395833333333 0.296875 0.01171875 0.01171875
0 0.685546875 0.150390625 0.01171875 0.010416666666666666
0 0.2513020833333333 0.453125 0.01171875 0.01171875
0 0.5052083333333334 0.3977864583333333 0.010416666666666666 0.010416666666666666
0 0.2708333333333333 0.14388020833333334 0.009114583333333334 0.009114583333333334
0 0.9108072916666666 0.18880208333333334 0.009114583333333334 0.009114583333333334
0 0.6822916666666666 0.421875 0.01171875 0.010416666666666666
0 0.890625 0.16861979166666666 0.010416666666666666 0.009114583333333334
0 0.537109375 0.22916666666666666 0.01171875 0.01171875
0 0.13736979166666666 0.2838541666666667 0.010416666666666666 0.010416666666666666
0 0.0625 0.6569010416666666 0.010416666666666666 0.010416666666666666
0 0.22526041666666666 0.09830729166666667 0.010416666666666666 0.009114583333333334