0 0.016927083333333332 0.035807291666666664 0.020833333333333332 0.022135416666666668
0 0.310546875 0.04296875 0.06901041666666667 0.078125
0 0.11848958333333333 0.7513020833333334 0.08854166666666667 0.07552083333333333
0 0.10546875 0.94140625 0.11458333333333333 0.10416666666666667
0 0.4309895833333333 0.7565104166666666 0.028645833333333332 0.03125
0 0.5091145833333334 0.7265625 0.026041666666666668 0.026041666666666668
0 0.9348958333333334 0.6080729166666666 0.044270833333333336 0.049479166666666664
0 0.4264322916666667 0.17513020833333334 0.014322916666666666 0.014322916666666666
0 0.6845703125 0.9140625 0.01455729166666675 0.014062499999999941
0 0.8794010416666667 0.5581119791666667 0.030442708333333474 0.029414062500000043
0 0.7158203125 0.176640625 0.014335937499999988 0.01342447916666667
0 0.16358072916666666 0.31640625 0.01342447916666667 0.012148437499999979
0 0.9379947916666667 0.7895572916666667 0.014895833333333405 0.013789062499999893
0 0.04876302083333334 0.6376953125 0.015546874999999996 0.014114583333333375
0 0.42358072916666667 0.7251041666666667 0.012291666666666737 0.011328125000000059
0 0.7680729166666667 0.25537760416666666 0.013020833333333334 0.012486979166666634
0 0.16052083333333333 0.646484375 0.013684895833333321 0.013020833333333334
0 0.443359375 0.1513671875 0.02002604166666666 0.018229166666666668
0 0.7085026041666667 0.27319010416666667 0.012825520833333215 0.012239583333333304
0 0.9126041666666667 0.30518229166666666 0.012669270833333357 0.012187500000000018
0 0.43725260416666667 0.07708333333333334 0.01601562499999994 0.015078125000000006
0 0.27514322916666667 0.48266927083333333 0.012382812499999988 0.01182291666666672
0 0.7446354166666667 0.7124088541666667 0.010898437499999858 0.010403645833333345
0 0.47240885416666667 0.6479557291666667 0.011380208333333345 0.010898437500000005
0 0.41528645833333333 0.6845703125 0.010781249999999964 0.01005208333333337
0 0.239140625 0.42139322916666666 0.010533854166666634 0.010208333333333375
0 0.26147135416666667 0.693359375 0.012330729166666702 0.01200520833333337
0 0.6713932291666667 0.689453125 0.009557291666666634 0.009414062500000023
0 0.26782552083333333 0.37647135416666666 0.00947916666666663 0.00927083333333334