0 0.18229166666666666 0.30078125 0.0390625 0.044270833333333336
0 0.2584635416666667 0.3190104166666667 0.029947916666666668 0.0234375
0 0.15950520833333334 0.58984375 0.032552083333333336 0.026041666666666668
0 0.6100260416666666 0.6158854166666666 0.048177083333333336 0.0390625
0 0.6653645833333334 0.638671875 0.015625 0.01953125
0 0.654296875 0.7721354166666666 0.032552083333333336 0.026041666666666668
0 0.6178385416666666 0.7532552083333334 0.01953125 0.01953125
0 0.578125 0.7916666666666666 0.018229166666666668 0.013020833333333334
0 0.6966145833333334 0.9348958333333334 0.026041666666666668 0.026041666666666668
0 0.8053385416666666 0.25 0.022135416666666668 0.0234375
0 0.5182291666666666 0.3138020833333333 0.020833333333333332 0.020833333333333332
0 0.609375 0.37890625 0.020833333333333332 0.020833333333333332
0 0.8828125 0.08072916666666667 0.020833333333333332 0.0234375
0 0.9798177083333334 0.4778645833333333 0.032552083333333336 0.041666666666666664
0 0.24088541666666666 0.5859375 0.015625 0.015625
0 0.7571614583333334 0.4544270833333333 0.014322916666666666 0.018229166666666668
0 0.8352864583333334 0.326171875 0.01171875 0.01171875
0 0.5735677083333334 0.109375 0.016927083333333332 0.015625
0 0.8763020833333334 0.0390625 0.015625 0.010416666666666666
0 0.16341145833333334 0.048828125 0.014322916666666666 0.014322916666666666
0 0.7534244791666667 0.27197916666666666 0.02216145833333331 0.020651041666666686
0 0.22399739583333333 0.822265625 0.019791666666666652 0.01847656250000007
0 0.6923828125 0.533203125 0.015598958333333357 0.015963541666666654
0 0.9114583333333334 0.0078125 0.020833333333333332 0.015625
0 0.42993489583333333 0.5859375 0.01777343749999997 0.017304687499999954
0 0.8764713541666667 0.09772135416666666 0.019192708333333346 0.017773437500000006
0 0.5419921875 0.9077213541666667 0.015481770833333316 0.014388020833333274
0 0.40259114583333333 0.39893229166666666 0.014622395833333357 0.014010416666666655
0 0.6822916666666666 0.98828125 0.041666666666666664 0.0234375
0 0.6831119791666667 0.6127994791666667 0.014010416666666655 0.013372395833333309
0 0.8989322916666667 0.32983072916666667 0.01065104166666675 0.010364583333333344
0 0.7749088541666667 0.39330729166666667 0.010286458333333451 0.010325520833333268
0 0.6460026041666667 0.21338541666666666 0.012148437500000053 0.011119791666666693
0 0.44018229166666667 0.349609375 0.011549479166666673 0.010572916666666673
0 0.78125 0.207890625 0.013216145833333451 0.012630208333333318
0 0.7998046875 0.37865885416666667 0.01102864583333337 0.010572916666666673
0 0.47143229166666667 0.6318359375 0.012630208333333393 0.012578124999999959
0 0.41967447916666667 0.900390625 0.010859375000000041 0.010898437499999858
0 0.11798177083333333 0.5502994791666667 0.011028645833333331 0.010781249999999964
0 0.49975260416666667 0.392578125 0.011471354166666595 0.010729166666666679
0 0.8149479166666667 0.890625 0.013789062499999893 0.012669270833333357
0 0.5747135416666667 0.25610677083333333 0.01024739583333334 0.009895833333333362
0 0.09740885416666667 0.46069010416666667 0.01053385416666667 0.010820312499999929
0 0.0796484375 0.5288151041666667 0.010403645833333336 0.010611979166666638
0 0.8447265625 0.537109375 0.010325520833333416 0.010013020833333405
0 0.11553385416666667 0.224609375 0.010651041666666675 0.01024739583333334