0 0.20703125 0.20247395833333334 0.109375 0.1171875
0 0.732421875 0.3639322916666667 0.125 0.12760416666666666
0 0.7623697916666666 0.057942708333333336 0.0703125 0.07291666666666667
0 0.939453125 0.3665364583333333 0.10677083333333333 0.11197916666666667
0 0.3515625 0.78515625 0.06510416666666667 0.059895833333333336
0 0.109375 0.6119791666666666 0.044270833333333336 0.041666666666666664
0 0.009114583333333334 0.9466145833333334 0.018229166666666668 0.046875
0 0.15494791666666666 0.7213541666666666 0.036458333333333336 0.036458333333333336
0 0.024739583333333332 0.396484375 0.036458333333333336 0.036458333333333336
0 0.4973958333333333 0.016276041666666668 0.057291666666666664 0.032552083333333336
0 0.3802083333333333 0.5325520833333334 0.028645833333333332 0.033854166666666664
0 0.033854166666666664 0.11002604166666667 0.033854166666666664 0.03125
0 0.34765625 0.09049479166666667 0.041666666666666664 0.0390625