0 0.8743489583333334 0.4850260416666667 0.01953125 0.01953125
0 0.759765625 0.22265625 0.029947916666666668 0.028645833333333332
0 0.83984375 0.068359375 0.026041666666666668 0.01953125
0 0.984375 0.0390625 0.0234375 0.052083333333333336
0 0.978515625 0.09244791666666667 0.01953125 0.015625
0 0.787109375 0.13346354166666666 0.014322916666666666 0.01953125
0 0.9440104166666666 0.29296875 0.013020833333333334 0.013020833333333334
0 0.9348958333333334 0.306640625 0.015625 0.01171875
0 0.8626302083333334 0.3235677083333333 0.01953125 0.01953125
0 0.6881510416666666 0.024088541666666668 0.016927083333333332 0.022135416666666668
0 0.64453125 0.17578125 0.026041666666666668 0.013020833333333334
0 0.583984375 0.2682291666666667 0.04296875 0.036458333333333336
0 0.4713541666666667 0.13020833333333334 0.033854166666666664 0.0390625
0 0.546875 0.349609375 0.026041666666666668 0.029947916666666668
0 0.8235677083333334 0.4609375 0.045572916666666664 0.044270833333333336
0 0.5201822916666666 0.6263020833333334 0.10286458333333333 0.10416666666666667
0 0.673828125 0.5944010416666666 0.14973958333333334 0.17057291666666666
0 0.8098958333333334 0.791015625 0.0859375 0.08463541666666667
0 0.9205729166666666 0.8893229166666666 0.018229166666666668 0.018229166666666668
0 0.83984375 0.9733072916666666 0.06510416666666667 0.045572916666666664
0 0.7877604166666666 0.9309895833333334 0.026041666666666668 0.026041666666666668
0 0.7389322916666666 0.8951822916666666 0.01953125 0.01953125
0 0.7805989583333334 0.974609375 0.01953125 0.029947916666666668
0 0.2955729166666667 0.5052083333333334 0.018229166666666668 0.020833333333333332
0 0.2779947916666667 0.24544270833333334 0.34765625 0.3736979166666667
0 0.17252604166666666 0.4264322916666667 0.08463541666666667 0.07161458333333333
0 0.19140625 0.6614583333333334 0.03125 0.03125
0 0.18489583333333334 0.7721354166666666 0.11197916666666667 0.109375
0 0.18033854166666666 0.7649739583333334 0.022135416666666668 0.01953125
0 0.23763020833333334 0.9309895833333334 0.07161458333333333 0.078125
0 0.05859375 0.771484375 0.026041666666666668 0.032552083333333336
0 0.032552083333333336 0.4055989583333333 0.0390625 0.040364583333333336
0 0.47265625 0.7389322916666666 0.07552083333333333 0.07161458333333333
0 0.478515625 0.8170572916666666 0.08463541666666667 0.07161458333333333
0 0.45703125 0.8658854166666666 0.15364583333333334 0.16927083333333334
0 0.018880208333333332 0.7877604166666666 0.024739583333333332 0.026041666666666668
0 0.09049479166666667 0.5436197916666666 0.05078125 0.045572916666666664
0 0.14973958333333334 0.966796875 0.06510416666666667 0.05859375
0 0.14973958333333334 0.011067708333333334 0.013020833333333334 0.016927083333333332