0 0.404296875 0.33984375 0.032552083333333336 0.03125
0 0.22981770833333334 0.3424479166666667 0.022135416666666668 0.0234375
0 0.16080729166666666 0.2513020833333333 0.014322916666666666 0.0234375
0 0.3619791666666667 0.318359375 0.013020833333333334 0.01171875
0 0.20247395833333334 0.4479166666666667 0.032552083333333336 0.033854166666666664
0 0.5091145833333334 0.505859375 0.020833333333333332 0.01953125
0 0.7037760416666666 0.5013020833333334 0.024739583333333332 0.0234375
0 0.119140625 0.7721354166666666 0.024739583333333332 0.026041666666666668
0 0.08203125 0.020182291666666668 0.015625 0.014322916666666666
0 0.220703125 0.5 0.016927083333333332 0.015625
0 0.9114583333333334 0.08528645833333333 0.03125 0.02734375
0 0.3372395833333333 0.755859375 0.0234375 0.01953125
0 0.9680989583333334 0.3411458333333333 0.032552083333333336 0.03125
0 0.9583333333333334 0.05859375 0.026041666666666668 0.018229166666666668
0 0.96875 0.15299479166666666 0.013020833333333334 0.01171875
0 0.07486979166666667 0.06510416666666667 0.009114583333333334 0.010416666666666666
0 0.11783854166666667 0.3639322916666667 0.01171875 0.014322916666666666
0 0.580078125 0.8346354166666666 0.016927083333333332 0.015625
0 0.814453125 0.849609375 0.016927083333333332 0.014322916666666666
0 0.1171875 0.935546875 0.013020833333333334 0.016927083333333332
0 0.23111979166666666 0.6438802083333334 0.01171875 0.01171875
0 0.06575520833333333 0.720703125 0.009114583333333334 0.01171875
0 0.08919270833333333 0.4140625 0.009114583333333334 0.010416666666666666
0 0.09244791666666667 0.3411458333333333 0.0078125 0.010416666666666666
0 0.4720052083333333 0.7858072916666666 0.014322916666666666 0.016927083333333332
0 0.4192708333333333 0.6302083333333334 0.013020833333333334 0.015625
0 0.49609375 0.6178385416666666 0.015625 0.01171875
0 0.251953125 0.9479166666666666 0.014322916666666666 0.010416666666666666
0 0.15625 0.97265625 0.015625 0.015625
0 0.3411458333333333 0.3619791666666667 0.013020833333333334 0.013020833333333334
0 0.7669270833333334 0.8138020833333334 0.013020833333333334 0.013020833333333334
0 0.8463541666666666 0.8001302083333334 0.013020833333333334 0.014322916666666666
0 0.7669270833333334 0.7623697916666666 0.013020833333333334 0.01171875
0 0.9134114583333334 0.7454427083333334 0.01171875 0.01171875
0 0.2981770833333333 0.82421875 0.010416666666666666 0.013020833333333334
0 0.7701822916666666 0.4661458333333333 0.01171875 0.010416666666666666
0 0.8619791666666666 0.5338541666666666 0.0078125 0.010416666666666666
0 0.833984375 0.07096354166666667 0.01171875 0.009114583333333334
0 0.59375 0.912109375 0.013020833333333334 0.014322916666666666
0 0.8046875 0.10286458333333333 0.013020833333333334 0.010416666666666666
0 0.9420572916666666 0.2942708333333333 0.01171875 0.010416666666666666
0 0.67578125 0.8391927083333334 0.010416666666666666 0.009114583333333334
0 0.8984375 0.9420572916666666 0.010416666666666666 0.009114583333333334
0 0.6848958333333334 0.369140625 0.010416666666666666 0.01171875
0 0.3704427083333333 0.4290364583333333 0.01171875 0.01171875
0 0.8033854166666666 0.3274739583333333 0.015625 0.009114583333333334
0 0.4095052083333333 0.5403645833333334 0.01171875 0.010416666666666666
0 0.05859375 0.365234375 0.013020833333333334 0.01171875
0 0.3001302083333333 0.5598958333333334 0.009114583333333334 0.010416666666666666
0 0.024088541666666668 0.8873697916666666 0.01171875 0.01171875
0 0.176484375 0.7077994791666667 0.0092317708333333 0.008658854166666785