0 0.10807291666666667 0.025390625 0.03125 0.029947916666666668
0 0.11588541666666667 0.059895833333333336 0.018229166666666668 0.015625
0 0.21354166666666666 0.30078125 0.059895833333333336 0.059895833333333336
0 0.6705729166666666 0.19010416666666666 0.052083333333333336 0.046875
0 0.7063802083333334 0.3528645833333333 0.11067708333333333 0.09895833333333333
0 0.44140625 0.4876302083333333 0.033854166666666664 0.03515625
0 0.4720052083333333 0.5970052083333334 0.18880208333333334 0.19401041666666666
0 0.408203125 0.763671875 0.016927083333333332 0.016927083333333332
0 0.18098958333333334 0.9446614583333334 0.0234375 0.022135416666666668
0 0.4459635416666667 0.8587239583333334 0.01953125 0.022135416666666668
0 0.7330729166666666 0.2506510416666667 0.020833333333333332 0.022135416666666668
0 0.869140625 0.013020833333333334 0.032552083333333336 0.0234375
0 0.9290364583333334 0.5546875 0.029947916666666668 0.033854166666666664
0 0.7174479166666666 0.5794270833333334 0.0234375 0.0234375
0 0.73046875 0.9498697916666666 0.028645833333333332 0.029947916666666668
0 0.642578125 0.6575520833333334 0.01953125 0.018229166666666668
0 0.07682291666666667 0.13671875 0.0234375 0.018229166666666668
0 0.08333333333333333 0.15755208333333334 0.013020833333333334 0.010416666666666666
0 0.11393229166666667 0.158203125 0.014322916666666666 0.01171875
0 0.13216145833333334 0.19401041666666666 0.014322916666666666 0.013020833333333334
0 0.21614583333333334 0.11197916666666667 0.018229166666666668 0.013020833333333334
0 0.21809895833333334 0.16666666666666666 0.014322916666666666 0.010416666666666666
0 0.13216145833333334 0.2649739583333333 0.01171875 0.01171875
0 0.21614583333333334 0.333984375 0.013020833333333334 0.01171875
0 0.032552083333333336 0.390625 0.010416666666666666 0.010416666666666666
0 0.0390625 0.4016927083333333 0.010416666666666666 0.009114583333333334
0 0.033854166666666664 0.5416666666666666 0.015625 0.013020833333333334
0 0.020833333333333332 0.5735677083333334 0.010416666666666666 0.014322916666666666
0 0.23111979166666666 0.4856770833333333 0.016927083333333332 0.013020833333333334
0 0.17643229166666666 0.5188802083333334 0.014322916666666666 0.009114583333333334
0 0.46484375 0.3782552083333333 0.013020833333333334 0.014322916666666666
0 0.5436197916666666 0.4713541666666667 0.01171875 0.013020833333333334
0 0.3828125 0.4166666666666667 0.010416666666666666 0.010416666666666666
0 0.4934895833333333 0.4544270833333333 0.010416666666666666 0.010416666666666666
0 0.564453125 0.5481770833333334 0.014322916666666666 0.013020833333333334
0 0.6803385416666666 0.517578125 0.014322916666666666 0.014322916666666666
0 0.525390625 0.2421875 0.01171875 0.010416666666666666
0 0.521484375 0.8600260416666666 0.01953125 0.01953125
0 0.6705729166666666 0.818359375 0.015625 0.01171875
0 0.7565104166666666 0.671875 0.013020833333333334 0.013020833333333334
0 0.56640625 0.6529947916666666 0.015625 0.01171875
0 0.3626302083333333 0.7141927083333334 0.009114583333333334 0.009114583333333334
0 0.4296875 0.7565104166666666 0.015625 0.013020833333333334
0 0.271484375 0.8815104166666666 0.01171875 0.013020833333333334
0 0.14388020833333334 0.8841145833333334 0.009114583333333334 0.010416666666666666
0 0.21809895833333334 0.716796875 0.016927083333333332 0.016927083333333332
0 0.12109375 0.615234375 0.013020833333333334 0.014322916666666666
0 0.939453125 0.8619791666666666 0.014322916666666666 0.013020833333333334
0 0.818359375 0.3606770833333333 0.014322916666666666 0.015625
0 0.7584635416666666 0.3860677083333333 0.01953125 0.014322916666666666
0 0.6048177083333334 0.9915364583333334 0.01171875 0.009114583333333334
0 0.7877604166666666 0.169921875 0.010416666666666666 0.01171875
0 0.005859375 0.462890625 0.006510416666666667 0.01171875
0 0.010416666666666666 0.767578125 0.015625 0.014322916666666666
0 0.9837239583333334 0.208984375 0.032552083333333336 0.061197916666666664