0 0.026692708333333332 0.3880208333333333 0.0234375 0.0234375
0 0.006510416666666667 0.57421875 0.013020833333333334 0.020833333333333332
0 0.056640625 0.17252604166666666 0.022135416666666668 0.0234375
0 0.275390625 0.3502604166666667 0.022135416666666668 0.022135416666666668
0 0.21744791666666666 0.75 0.028645833333333332 0.028645833333333332
0 0.18098958333333334 0.9798177083333334 0.026041666666666668 0.026041666666666668
0 0.662109375 0.6953125 0.026041666666666668 0.024739583333333332
0 0.2994791666666667 0.7376302083333334 0.0234375 0.020833333333333332
0 0.90234375 0.3723958333333333 0.01953125 0.020833333333333332
0 0.88671875 0.8033854166666666 0.020833333333333332 0.020833333333333332
0 0.78515625 0.66796875 0.026041666666666668 0.024739583333333332
0 0.15364583333333334 0.4440104166666667 0.022135416666666668 0.020833333333333332
0 0.4375 0.2779947916666667 0.01953125 0.020833333333333332
0 0.5553385416666666 0.28515625 0.01953125 0.01953125
0 0.9654947916666666 0.1484375 0.03125 0.032552083333333336
0 0.611328125 0.26953125 0.020833333333333332 0.01953125
0 0.2760416666666667 0.03515625 0.024739583333333332 0.02734375
0 0.5983072916666666 0.5052083333333334 0.02734375 0.02734375
0 0.84765625 0.2864583333333333 0.01953125 0.018229166666666668
0 0.3268229166666667 0.5657552083333334 0.0234375 0.020833333333333332
0 0.65625 0.8118489583333334 0.022135416666666668 0.020833333333333332
0 0.4212239583333333 0.759765625 0.022135416666666668 0.022135416666666668
0 0.3274739583333333 0.3782552083333333 0.024739583333333332 0.024739583333333332
0 0.16145833333333334 0.8502604166666666 0.020833333333333332 0.020833333333333332
0 0.6080729166666666 0.146484375 0.020833333333333332 0.020833333333333332
0 0.09830729166666667 0.2877604166666667 0.020833333333333332 0.020833333333333332
0 0.2630208333333333 0.083984375 0.033854166666666664 0.03515625
0 0.31640625 0.8854166666666666 0.041666666666666664 0.041666666666666664
0 0.435546875 0.216796875 0.020833333333333332 0.02734375
0 0.3235677083333333 0.26171875 0.01953125 0.020833333333333332
0 0.96875 0.458984375 0.0234375 0.01953125
0 0.2649739583333333 0.2578125 0.033854166666666664 0.036458333333333336
0 0.07096354166666667 0.22005208333333334 0.018229166666666668 0.018229166666666668
0 0.349609375 0.890625 0.033854166666666664 0.03515625
0 0.027994791666666668 0.4583333333333333 0.020833333333333332 0.01953125
0 0.798828125 0.71875 0.06510416666666667 0.06380208333333333
0 0.810546875 0.15625 0.07161458333333333 0.061197916666666664
0 0.740234375 0.34765625 0.0546875 0.059895833333333336
0 0.806640625 0.5123697916666666 0.024739583333333332 0.026041666666666668
0 0.9733072916666666 0.041666666666666664 0.053385416666666664 0.08072916666666667
0 0.3151041666666667 0.4720052083333333 0.07682291666666667 0.07421875
0 0.9850260416666666 0.7317708333333334 0.029947916666666668 0.0703125
0 0.9244791666666666 0.18424479166666666 0.05859375 0.053385416666666664
0 0.016276041666666668 0.712890625 0.032552083333333336 0.032552083333333336
0 0.21614583333333334 0.6627604166666666 0.10677083333333333 0.08333333333333333
0 0.6490885416666666 0.9661458333333334 0.061197916666666664 0.05859375