0 0.5735677083333334 0.12044270833333333 0.26953125 0.24088541666666666
0 0.427734375 0.23111979166666666 0.016927083333333332 0.01953125
0 0.5377604166666666 0.7330729166666666 0.010416666666666666 0.020833333333333332
0 0.8932291666666666 0.7526041666666666 0.041666666666666664 0.044270833333333336
0 0.8938802083333334 0.671875 0.01953125 0.015625
0 0.29296875 0.032552083333333336 0.026041666666666668 0.026041666666666668
0 0.2890625 0.59375 0.020833333333333332 0.0234375
0 0.21158854166666666 0.7102864583333334 0.01953125 0.014322916666666666
0 0.20833333333333334 0.7877604166666666 0.013020833333333334 0.013020833333333334
0 0.8229166666666666 0.43359375 0.018229166666666668 0.018229166666666668
0 0.9290364583333334 0.3626302083333333 0.09505208333333333 0.13411458333333334
0 0.8723958333333334 0.490234375 0.078125 0.07942708333333333
0 0.9485677083333334 0.072265625 0.048177083333333336 0.040364583333333336
0 0.9368489583333334 0.0390625 0.01171875 0.013020833333333334
0 0.8020833333333334 0.09765625 0.015625 0.013020833333333334
0 0.7434895833333334 0.078125 0.010416666666666666 0.013020833333333334
0 0.705078125 0.7994791666666666 0.01953125 0.018229166666666668
0 0.6484375 0.791015625 0.010416666666666666 0.01953125