0 0.3489583333333333 0.138671875 0.033854166666666664 0.029947916666666668
0 0.39453125 0.4388020833333333 0.06510416666666667 0.06770833333333333
0 0.830078125 0.3580729166666667 0.07161458333333333 0.078125
0 0.8125 0.7779947916666666 0.1171875 0.12369791666666667
0 0.11197916666666667 0.4069010416666667 0.020833333333333332 0.01953125
0 0.318359375 0.6705729166666666 0.024739583333333332 0.026041666666666668
0 0.5787760416666666 0.908203125 0.024739583333333332 0.01953125
0 0.54296875 0.126953125 0.018229166666666668 0.01953125
0 0.49609375 0.013020833333333334 0.015625 0.013020833333333334
0 0.7337239583333334 0.8639322916666666 0.016927083333333332 0.016927083333333332
0 0.212890625 0.349609375 0.016927083333333332 0.016927083333333332
0 0.9264322916666666 0.9817708333333334 0.020833333333333332 0.018229166666666668
0 0.07161458333333333 0.4296875 0.013020833333333334 0.018229166666666668
0 0.5572916666666666 0.15364583333333334 0.015625 0.018229166666666668
0 0.20833333333333334 0.107421875 0.013020833333333334 0.013020833333333334
0 0.33984375 0.2513020833333333 0.01171875 0.013020833333333334
0 0.138671875 0.67578125 0.013020833333333334 0.013020833333333334
0 0.5794270833333334 0.9915364583333334 0.01171875 0.013020833333333334
0 0.712890625 0.5149739583333334 0.018229166666666668 0.018229166666666668
0 0.0546875 0.3567708333333333 0.014322916666666666 0.014322916666666666
0 0.22005208333333334 0.373046875 0.014322916666666666 0.014322916666666666
0 0.3111979166666667 0.9010416666666666 0.0078125 0.0078125
0 0.5598958333333334 0.771484375 0.009114583333333334 0.009114583333333334
0 0.4583333333333333 0.7096354166666666 0.009114583333333334 0.0078125
0 0.4192708333333333 0.6276041666666666 0.0078125 0.0078125
0 0.48828125 0.48828125 0.016927083333333332 0.018229166666666668