0 0.3125 0.3111979166666667 0.026041666666666668 0.026041666666666668
0 0.15104166666666666 0.4205729166666667 0.15364583333333334 0.15625
0 0.33203125 0.35546875 0.026041666666666668 0.026041666666666668
0 0.16080729166666666 0.5970052083333334 0.04296875 0.045572916666666664
0 0.07877604166666667 0.7076822916666666 0.02734375 0.037760416666666664
0 0.6100260416666666 0.416015625 0.032552083333333336 0.032552083333333336
0 0.3059895833333333 0.24348958333333334 0.06510416666666667 0.0625
0 0.2981770833333333 0.09244791666666667 0.109375 0.09895833333333333
0 0.15755208333333334 0.109375 0.0234375 0.013020833333333334
0 0.5078125 0.248046875 0.18229166666666666 0.18880208333333334
0 0.75 0.39453125 0.0234375 0.0234375
0 0.8118489583333334 0.4368489583333333 0.02734375 0.032552083333333336
0 0.669921875 0.20572916666666666 0.07161458333333333 0.078125
0 0.8821614583333334 0.19856770833333334 0.01953125 0.01953125
0 0.9850260416666666 0.5950520833333334 0.029947916666666668 0.036458333333333336
0 0.4134114583333333 0.5436197916666666 0.14973958333333334 0.13932291666666666
0 0.509765625 0.625 0.11848958333333333 0.12239583333333333
0 0.4986979166666667 0.6419270833333334 0.020833333333333332 0.013020833333333334
0 0.4192708333333333 0.6549479166666666 0.0234375 0.026041666666666668
0 0.45703125 0.73828125 0.015625 0.018229166666666668
0 0.5052083333333334 0.8190104166666666 0.020833333333333332 0.028645833333333332
0 0.7161458333333334 0.681640625 0.026041666666666668 0.032552083333333336
0 0.60546875 0.67578125 0.026041666666666668 0.026041666666666668
0 0.6061197916666666 0.7102864583333334 0.06380208333333333 0.045572916666666664
0 0.3567708333333333 0.8919270833333334 0.020833333333333332 0.020833333333333332
0 0.018229166666666668 0.6458333333333334 0.018229166666666668 0.018229166666666668
0 0.2858072916666667 0.8548177083333334 0.024739583333333332 0.02734375
0 0.10481770833333333 0.8932291666666666 0.02734375 0.018229166666666668
0 0.4010416666666667 0.888671875 0.020833333333333332 0.024739583333333332
0 0.3763020833333333 0.9186197916666666 0.018229166666666668 0.01953125
0 0.9283854166666666 0.8854166666666666 0.028645833333333332 0.028645833333333332
0 0.4407552083333333 0.056640625 0.06901041666666667 0.06640625
0 0.837890625 0.9453125 0.022135416666666668 0.020833333333333332
0 0.779296875 0.8216145833333334 0.44140625 0.3567708333333333
0 0.014322916666666666 0.08919270833333333 0.0234375 0.06380208333333333
0 0.18880208333333334 0.072265625 0.020833333333333332 0.01953125
0 0.4739583333333333 0.357421875 0.020833333333333332 0.01953125
0 0.279296875 0.5299479166666666 0.01953125 0.020833333333333332
0 0.3795572916666667 0.6432291666666666 0.016927083333333332 0.015625
0 0.712890625 0.931640625 0.016927083333333332 0.016927083333333332
0 0.19010416666666666 0.9329427083333334 0.013020833333333334 0.01171875