0 0.125 0.171875 0.033854166666666664 0.0390625
0 0.392578125 0.23046875 0.07942708333333333 0.078125
0 0.4361979166666667 0.1015625 0.046875 0.049479166666666664
0 0.580078125 0.18294270833333334 0.02734375 0.032552083333333336
0 0.4817708333333333 0.19010416666666666 0.03125 0.033854166666666664
0 0.23372395833333334 0.14973958333333334 0.01171875 0.013020833333333334
0 0.3860677083333333 0.17252604166666666 0.016927083333333332 0.01953125
0 0.2819010416666667 0.361328125 0.01953125 0.022135416666666668
0 0.3756510416666667 0.3515625 0.022135416666666668 0.020833333333333332
0 0.4635416666666667 0.3391927083333333 0.015625 0.016927083333333332
0 0.359375 0.4459635416666667 0.013020833333333334 0.016927083333333332
0 0.689453125 0.3639322916666667 0.024739583333333332 0.02734375
0 0.5032552083333334 0.5260416666666666 0.01953125 0.020833333333333332
0 0.9453125 0.06510416666666667 0.0234375 0.033854166666666664
0 0.763671875 0.294921875 0.01953125 0.022135416666666668
0 0.068359375 0.06575520833333333 0.01171875 0.014322916666666666
0 0.6354166666666666 0.054036458333333336 0.013020833333333334 0.01171875
0 0.251953125 0.923828125 0.016927083333333332 0.01953125
0 0.9231770833333334 0.54296875 0.010416666666666666 0.013020833333333334
0 0.9309895833333334 0.556640625 0.0234375 0.022135416666666668
0 0.8776041666666666 0.4889322916666667 0.013020833333333334 0.014322916666666666
0 0.8782552083333334 0.73828125 0.016927083333333332 0.013020833333333334
0 0.91796875 0.6725260416666666 0.018229166666666668 0.022135416666666668
0 0.8209635416666666 0.8743489583333334 0.01953125 0.014322916666666666
0 0.662109375 0.8203125 0.014322916666666666 0.013020833333333334
0 0.09895833333333333 0.8938802083333334 0.013020833333333334 0.016927083333333332
0 0.6770833333333334 0.2571614583333333 0.015625 0.014322916666666666
0 0.7727864583333334 0.3385416666666667 0.01171875 0.015625
0 0.9759114583333334 0.09830729166666667 0.022135416666666668 0.022135416666666668
0 0.818359375 0.5774739583333334 0.014322916666666666 0.01171875
0 0.2805989583333333 0.927734375 0.016927083333333332 0.022135416666666668
0 0.412109375 0.052734375 0.009114583333333334 0.01171875
0 0.103515625 0.7571614583333334 0.009114583333333334 0.01171875
0 0.8704427083333334 0.6412760416666666 0.009114583333333334 0.01171875
0 0.9544270833333334 0.4993489583333333 0.020833333333333332 0.022135416666666668
0 0.8522135416666666 0.7643229166666666 0.006510416666666667 0.010416666666666666
0 0.9713541666666666 0.8059895833333334 0.0078125 0.0078125
0 0.6178385416666666 0.026692708333333332 0.009114583333333334 0.009114583333333334
0 0.6614583333333334 0.0032552083333333335 0.013020833333333334 0.006510416666666667