0 0.390625 0.337890625 0.026041666666666668 0.022135416666666668
0 0.27734375 0.4108072916666667 0.059895833333333336 0.05859375
0 0.22786458333333334 0.02734375 0.026041666666666668 0.026041666666666668
0 0.5338541666666666 0.07161458333333333 0.026041666666666668 0.0234375
0 0.5325520833333334 0.18684895833333334 0.20052083333333334 0.17578125
0 0.7688802083333334 0.11197916666666667 0.024739583333333332 0.03125
0 0.7291666666666666 0.267578125 0.14322916666666666 0.12369791666666667
0 0.76953125 0.3880208333333333 0.026041666666666668 0.026041666666666668
0 0.7747395833333334 0.45703125 0.026041666666666668 0.03125
0 0.12369791666666667 0.763671875 0.026041666666666668 0.01953125
0 0.109375 0.7903645833333334 0.018229166666666668 0.0234375
0 0.09244791666666667 0.7786458333333334 0.015625 0.013020833333333334
0 0.4798177083333333 0.7858072916666666 0.048177083333333336 0.037760416666666664
0 0.4700520833333333 0.833984375 0.0234375 0.01953125
0 0.6165364583333334 0.6451822916666666 0.016927083333333332 0.01953125
0 0.6119791666666666 0.7102864583333334 0.06510416666666667 0.045572916666666664
0 0.9029947916666666 0.6516927083333334 0.045572916666666664 0.032552083333333336
0 0.775390625 0.7395833333333334 0.024739583333333332 0.026041666666666668
0 0.7454427083333334 0.734375 0.01953125 0.026041666666666668
0 0.6686197916666666 0.5911458333333334 0.029947916666666668 0.026041666666666668
0 0.3984375 0.8046875 0.015625 0.013020833333333334
0 0.3294270833333333 0.9029947916666666 0.020833333333333332 0.014322916666666666
0 0.3658854166666667 0.8684895833333334 0.015625 0.015625
0 0.07552083333333333 0.6263020833333334 0.018229166666666668 0.013020833333333334
0 0.08919270833333333 0.21614583333333334 0.01953125 0.018229166666666668
0 0.943359375 0.9446614583333334 0.01953125 0.01953125
0 0.8704427083333334 0.9869791666666666 0.03515625 0.013020833333333334
0 0.16471354166666666 0.4615885416666667 0.024739583333333332 0.016927083333333332
0 0.7421875 0.361328125 0.22135416666666666 0.14713541666666666
0 0.873046875 0.007161458333333333 0.037760416666666664 0.014322916666666666
0 0.9817708333333334 0.8177083333333334 0.018229166666666668 0.026041666666666668
0 0.76171875 0.90234375 0.013020833333333334 0.013020833333333334