0 0.5110677083333334 0.19661458333333334 0.026041666666666668 0.02734375
0 0.09244791666666667 0.9759114583333334 0.02734375 0.028645833333333332
0 0.294921875 0.740234375 0.0234375 0.0234375
0 0.224609375 0.8450520833333334 0.0234375 0.024739583333333332
0 0.8098958333333334 0.005859375 0.0234375 0.01171875
0 0.016276041666666668 0.7890625 0.029947916666666668 0.029947916666666668
0 0.9850260416666666 0.6979166666666666 0.0234375 0.024739583333333332
0 0.3606770833333333 0.623046875 0.022135416666666668 0.0234375
0 0.18619791666666666 0.09440104166666667 0.0234375 0.0234375
0 0.06901041666666667 0.7447916666666666 0.0234375 0.022135416666666668
0 0.4446614583333333 0.81640625 0.02734375 0.026041666666666668
0 0.07291666666666667 0.16796875 0.028645833333333332 0.03125
0 0.9036458333333334 0.626953125 0.024739583333333332 0.026041666666666668
0 0.548828125 0.884765625 0.0234375 0.024739583333333332
0 0.024088541666666668 0.8528645833333334 0.024739583333333332 0.024739583333333332
0 0.7213541666666666 0.4270833333333333 0.0234375 0.024739583333333332
0 0.634765625 0.6868489583333334 0.026041666666666668 0.02734375
0 0.15625 0.8196614583333334 0.033854166666666664 0.033854166666666664
0 0.5891927083333334 0.9752604166666666 0.01953125 0.022135416666666668
0 0.7037760416666666 0.6516927083333334 0.028645833333333332 0.028645833333333332
0 0.4205729166666667 0.16536458333333334 0.024739583333333332 0.024739583333333332
0 0.3938802083333333 0.9583333333333334 0.0234375 0.0234375
0 0.849609375 0.859375 0.0234375 0.026041666666666668
0 0.6334635416666666 0.26171875 0.024739583333333332 0.029947916666666668
0 0.5052083333333334 0.603515625 0.029947916666666668 0.029947916666666668
0 0.5865885416666666 0.46875 0.040364583333333336 0.040364583333333336
0 0.34375 0.978515625 0.0390625 0.040364583333333336
0 0.18229166666666666 0.9921875 0.0234375 0.015625
0 0.912109375 0.15299479166666666 0.045572916666666664 0.049479166666666664
0 0.177734375 0.3411458333333333 0.026041666666666668 0.026041666666666668
0 0.9674479166666666 0.2584635416666667 0.03125 0.032552083333333336
0 0.259765625 0.26171875 0.07291666666666667 0.07291666666666667
0 0.72265625 0.833984375 0.078125 0.078125
0 0.845703125 0.5670572916666666 0.049479166666666664 0.0546875
0 0.044270833333333336 0.248046875 0.05078125 0.05859375
0 0.357421875 0.13802083333333334 0.0546875 0.053385416666666664
0 0.771484375 0.224609375 0.04296875 0.05078125
0 0.14127604166666666 0.6002604166666666 0.057291666666666664 0.059895833333333336
0 0.2584635416666667 0.4915364583333333 0.059895833333333336 0.06510416666666667
0 0.21549479166666666 0.4557291666666667 0.06901041666666667 0.0703125
0 0.9173177083333334 0.8971354166666666 0.11197916666666667 0.09244791666666667