0 0.578125 0.19075520833333334 0.020833333333333332 0.01953125
0 0.07356770833333333 0.4498697916666667 0.07942708333333333 0.07161458333333333
0 0.19921875 0.7076822916666666 0.03125 0.02734375
0 0.9440104166666666 0.583984375 0.052083333333333336 0.053385416666666664
0 0.146484375 0.19205729166666666 0.04296875 0.04296875
0 0.8014322916666666 0.3932291666666667 0.014322916666666666 0.015625
0 0.6002604166666666 0.408203125 0.0234375 0.014322916666666666
0 0.6901041666666666 0.3723958333333333 0.013020833333333334 0.020833333333333332
0 0.9674479166666666 0.4498697916666667 0.018229166666666668 0.01953125
0 0.64453125 0.5930989583333334 0.013020833333333334 0.01953125
0 0.18880208333333334 0.7786458333333334 0.026041666666666668 0.026041666666666668
0 0.4270833333333333 0.392578125 0.020833333333333332 0.01953125
0 0.11848958333333333 0.072265625 0.0546875 0.05859375
0 0.3743489583333333 0.42578125 0.01953125 0.015625
0 0.37109375 0.3723958333333333 0.013020833333333334 0.018229166666666668
0 0.06640625 0.865234375 0.0234375 0.016927083333333332
0 0.12369791666666667 0.027994791666666668 0.08854166666666667 0.053385416666666664
0 0.53515625 0.7233072916666666 0.020833333333333332 0.014322916666666666
0 0.5703125 0.4641927083333333 0.018229166666666668 0.01953125
0 0.98828125 0.65234375 0.020833333333333332 0.020833333333333332
0 0.93359375 0.294921875 0.015625 0.014322916666666666
0 0.3333333333333333 0.4544270833333333 0.015625 0.015625
0 0.349609375 0.44140625 0.016927083333333332 0.015625
0 0.220703125 0.359375 0.016927083333333332 0.020833333333333332