0 0.5735677083333334 0.21158854166666666 0.10286458333333333 0.10026041666666667
0 0.26953125 0.2981770833333333 0.03125 0.03125
0 0.6822916666666666 0.19661458333333334 0.11197916666666667 0.11197916666666667
0 0.5748697916666666 0.20703125 0.022135416666666668 0.0234375
0 0.4088541666666667 0.2962239583333333 0.020833333333333332 0.01953125
0 0.7063802083333334 0.345703125 0.061197916666666664 0.05859375
0 0.11588541666666667 0.52734375 0.018229166666666668 0.018229166666666668
0 0.361328125 0.6516927083333334 0.22786458333333334 0.20182291666666666
0 0.4244791666666667 0.7858072916666666 0.1015625 0.08984375
0 0.6002604166666666 0.7415364583333334 0.14322916666666666 0.12109375
0 0.2825520833333333 0.0390625 0.026041666666666668 0.0234375
0 0.09244791666666667 0.7819010416666666 0.06770833333333333 0.05859375
0 0.306640625 0.8743489583333334 0.02734375 0.024739583333333332
0 0.3489583333333333 0.9010416666666666 0.026041666666666668 0.026041666666666668
0 0.6087239583333334 0.6126302083333334 0.024739583333333332 0.022135416666666668
0 0.57421875 0.6471354166666666 0.0234375 0.020833333333333332
0 0.5319010416666666 0.5032552083333334 0.022135416666666668 0.022135416666666668
0 0.9576822916666666 0.4069010416666667 0.024739583333333332 0.022135416666666668
0 0.4986979166666667 0.3072916666666667 0.0234375 0.018229166666666668
0 0.5182291666666666 0.2845052083333333 0.044270833333333336 0.040364583333333336
0 0.9505208333333334 0.6946614583333334 0.026041666666666668 0.02734375
0 0.6809895833333334 0.767578125 0.020833333333333332 0.016927083333333332
0 0.7955729166666666 0.8092447916666666 0.015625 0.01171875
0 0.8203125 0.015625 0.026041666666666668 0.0234375
0 0.06770833333333333 0.2630208333333333 0.015625 0.015625
0 0.22200520833333334 0.55078125 0.01953125 0.018229166666666668
0 0.020182291666666668 0.701171875 0.016927083333333332 0.016927083333333332
0 0.671875 0.8235677083333334 0.015625 0.014322916666666666
0 0.9095052083333334 0.8645833333333334 0.014322916666666666 0.015625
0 0.9212239583333334 0.9713541666666666 0.014322916666666666 0.013020833333333334
0 0.17513020833333334 0.9212239583333334 0.34765625 0.15755208333333334