0 0.42578125 0.5813802083333334 0.005208333333333333 0.005208333333333333
0 0.3893229166666667 0.3665364583333333 0.005208333333333333 0.005208333333333333
0 0.3509114583333333 0.3040364583333333 0.005208333333333333 0.005208333333333333
0 0.5104166666666666 0.5338541666666666 0.009114583333333334 0.009114583333333334
0 0.2955729166666667 0.5481770833333334 0.005208333333333333 0.006510416666666667
0 0.26171875 0.4908854166666667 0.005208333333333333 0.005208333333333333
0 0.5032552083333334 0.5625 0.005208333333333333 0.005208333333333333
0 0.279296875 0.4231770833333333 0.013020833333333334 0.01171875
0 0.458984375 0.505859375 0.006510416666666667 0.005208333333333333
0 0.5260416666666666 0.5 0.009114583333333334 0.009114583333333334
0 0.255859375 0.8391927083333334 0.015625 0.015625
0 0.2975260416666667 0.75 0.005208333333333333 0.005208333333333333
0 0.2734375 0.16796875 0.009114583333333334 0.0078125
0 0.8782552083333334 0.17252604166666666 0.005208333333333333 0.005208333333333333
0 0.12369791666666667 0.24479166666666666 0.010416666666666666 0.010416666666666666
0 0.3815104166666667 0.544921875 0.005208333333333333 0.005208333333333333
0 0.9244791666666666 0.830078125 0.009114583333333334 0.009114583333333334
0 0.2643229166666667 0.6041666666666666 0.005208333333333333 0.005208333333333333
0 0.8020833333333334 0.07682291666666667 0.005208333333333333 0.005208333333333333
0 0.798828125 0.19010416666666666 0.01171875 0.010416666666666666
0 0.31640625 0.396484375 0.005208333333333333 0.005208333333333333
0 0.7298177083333334 0.18619791666666666 0.009114583333333334 0.009114583333333334
0 0.8151041666666666 0.12174479166666667 0.005208333333333333 0.005208333333333333
0 0.7076822916666666 0.8326822916666666 0.005208333333333333 0.005208333333333333
0 0.5872395833333334 0.3079427083333333 0.006510416666666667 0.006510416666666667
0 0.5201822916666666 0.8938802083333334 0.005208333333333333 0.005208333333333333
0 0.5130208333333334 0.8561197916666666 0.005208333333333333 0.005208333333333333
0 0.8502604166666666 0.3815104166666667 0.014322916666666666 0.013020833333333334
0 0.8854166666666666 0.13606770833333334 0.005208333333333333 0.005208333333333333
0 0.8229166666666666 0.5872395833333334 0.010416666666666666 0.010416666666666666
0 0.12630208333333334 0.2604166666666667 0.005208333333333333 0.005208333333333333
0 0.7604166666666666 0.8118489583333334 0.009114583333333334 0.009114583333333334
0 0.048177083333333336 0.39453125 0.006510416666666667 0.005208333333333333
0 0.7708333333333334 0.8854166666666666 0.00390625 0.00390625
0 0.455078125 0.5911458333333334 0.00390625 0.00390625
0 0.3424479166666667 0.341796875 0.005208333333333333 0.005208333333333333
0 0.21549479166666666 0.16471354166666666 0.009114583333333334 0.009114583333333334
0 0.9309895833333334 0.8125 0.009114583333333334 0.009114583333333334
0 0.6223958333333334 0.8072916666666666 0.005208333333333333 0.005208333333333333
0 0.8502604166666666 0.955078125 0.014322916666666666 0.013020833333333334
0 0.3255208333333333 0.9166666666666666 0.005208333333333333 0.005208333333333333
0 0.17252604166666666 0.037760416666666664 0.009114583333333334 0.009114583333333334
0 0.9225260416666666 0.8873697916666666 0.005208333333333333 0.005208333333333333
0 0.23502604166666666 0.7630208333333334 0.01953125 0.01953125
0 0.4817708333333333 0.4557291666666667 0.010416666666666666 0.010416666666666666
0 0.4596354166666667 0.5598958333333334 0.01171875 0.01171875
0 0.2649739583333333 0.6946614583333334 0.00390625 0.00390625
0 0.07682291666666667 0.4173177083333333 0.018229166666666668 0.018229166666666668
0 0.787109375 0.666015625 0.00390625 0.00390625
0 0.6927083333333334 0.2727864583333333 0.005208333333333333 0.005208333333333333
0 0.384765625 0.44921875 0.005208333333333333 0.005208333333333333
0 0.9296875 0.10091145833333333 0.005208333333333333 0.005208333333333333
0 0.9361979166666666 0.7083333333333334 0.005208333333333333 0.005208333333333333
0 0.6477864583333334 0.4225260416666667 0.014322916666666666 0.015625
0 0.15950520833333334 0.9388020833333334 0.005208333333333333 0.005208333333333333
0 0.51171875 0.603515625 0.00390625 0.00390625
0 0.767578125 0.3990885416666667 0.009114583333333334 0.009114583333333334
0 0.6725260416666666 0.7942708333333334 0.005208333333333333 0.005208333333333333
0 0.74609375 0.3619791666666667 0.009114583333333334 0.0078125
0 0.5592447916666666 0.7805989583333334 0.01953125 0.01953125
0 0.7408854166666666 0.5950520833333334 0.005208333333333333 0.005208333333333333
0 0.5260416666666666 0.08919270833333333 0.016927083333333332 0.015625
0 0.701171875 0.8483072916666666 0.00390625 0.00390625
0 0.224609375 0.07096354166666667 0.036458333333333336 0.032552083333333336
0 0.7428385416666666 0.5559895833333334 0.009114583333333334 0.009114583333333334
0 0.6015625 0.4635416666666667 0.005208333333333333 0.005208333333333333
0 0.2552083333333333 0.7604166666666666 0.013020833333333334 0.015625
0 0.9778645833333334 0.8619791666666666 0.00390625 0.00390625
0 0.828125 0.11393229166666667 0.00390625 0.00390625
0 0.09700520833333333 0.8932291666666666 0.00390625 0.005208333333333333
0 0.751953125 0.18229166666666666 0.005208333333333333 0.005208333333333333
0 0.734375 0.4537760416666667 0.005208333333333333 0.00390625
0 0.23046875 0.9309895833333334 0.00390625 0.005208333333333333
0 0.82421875 0.4342447916666667 0.00390625 0.00390625
0 0.681640625 0.3294270833333333 0.00390625 0.00390625
0 0.388671875 0.552734375 0.00390625 0.00390625
0 0.9752604166666666 0.4505208333333333 0.009114583333333334 0.0078125
0 0.6822916666666666 0.9088541666666666 0.00390625 0.00390625
0 0.6927083333333334 0.9296875 0.005208333333333333 0.00390625
0 0.9752604166666666 0.16471354166666666 0.00390625 0.00390625
0 0.5735677083333334 0.7955729166666666 0.0078125 0.009114583333333334
0 0.876953125 0.2838541666666667 0.005208333333333333 0.005208333333333333
0 0.4908854166666667 0.4388020833333333 0.005208333333333333 0.00390625
0 0.2578125 0.6477864583333334 0.00390625 0.00390625
0 0.5442708333333334 0.8873697916666666 0.0026041666666666665 0.00390625
0 0.8606770833333334 0.9055989583333334 0.00390625 0.00390625
0 0.513671875 0.8684895833333334 0.00390625 0.00390625
0 0.99609375 0.6341145833333334 0.0078125 0.010416666666666666
0 0.763671875 0.7278645833333334 0.05078125 0.045572916666666664
0 0.8723958333333334 0.23697916666666666 0.00390625 0.00390625
0 0.8645833333333334 0.451171875 0.00390625 0.00390625
0 0.921875 0.7408854166666666 0.00390625 0.00390625
0 0.37109375 0.9752604166666666 0.0078125 0.009114583333333334
0 0.5494791666666666 0.8919270833333334 0.00390625 0.00390625
0 0.28125 0.7877604166666666 0.013020833333333334 0.01171875
0 0.6901041666666666 0.4837239583333333 0.00390625 0.00390625
0 0.4016927083333333 0.5716145833333334 0.00390625 0.00390625
0 0.064453125 0.4921875 0.016927083333333332 0.016927083333333332
0 0.3268229166666667 0.17838541666666666 0.010416666666666666 0.010416666666666666
0 0.390625 0.12174479166666667 0.005208333333333333 0.005208333333333333
0 0.5611979166666666 0.525390625 0.00390625 0.00390625
0 0.6809895833333334 0.375 0.00390625 0.005208333333333333
0 0.6529947916666666 0.369140625 0.010416666666666666 0.01171875
0 0.19205729166666666 0.005208333333333333 0.00390625 0.00390625
0 0.7760416666666666 0.1953125 0.00390625 0.00390625
0 0.5084635416666666 0.9869791666666666 0.00390625 0.005208333333333333
0 0.5247395833333334 0.8274739583333334 0.0026041666666666665 0.00390625
0 0.3138020833333333 0.88671875 0.00390625 0.005208333333333333
0 0.7760416666666666 0.8763020833333334 0.00390625 0.00390625
0 0.6510416666666666 0.9010416666666666 0.00390625 0.00390625
0 0.380859375 0.16145833333333334 0.1796875 0.17447916666666666
0 0.027994791666666668 0.9322916666666666 0.009114583333333334 0.01171875
0 0.9661458333333334 0.4427083333333333 0.00390625 0.00390625
0 0.6549479166666666 0.8411458333333334 0.00390625 0.00390625