0 0.3190104166666667 0.3287760416666667 0.033854166666666664 0.029947916666666668
0 0.40234375 0.5260416666666666 0.0234375 0.0234375
0 0.33203125 0.6139322916666666 0.015625 0.016927083333333332
0 0.423828125 0.6197916666666666 0.14192708333333334 0.1640625
0 0.4348958333333333 0.65625 0.018229166666666668 0.015625
0 0.033203125 0.7154947916666666 0.024739583333333332 0.022135416666666668
0 0.024088541666666668 0.6536458333333334 0.045572916666666664 0.07552083333333333
0 0.09700520833333333 0.951171875 0.022135416666666668 0.01953125
0 0.044921875 0.865234375 0.016927083333333332 0.016927083333333332
0 0.21223958333333334 0.4889322916666667 0.1171875 0.12369791666666667
0 0.17317708333333334 0.39453125 0.020833333333333332 0.020833333333333332
0 0.6360677083333334 0.384765625 0.01953125 0.022135416666666668
0 0.521484375 0.255859375 0.016927083333333332 0.016927083333333332
0 0.6002604166666666 0.6614583333333334 0.046875 0.0546875
0 0.537109375 0.8131510416666666 0.014322916666666666 0.016927083333333332
0 0.69921875 0.8040364583333334 0.015625 0.016927083333333332
0 0.7506510416666666 0.8958333333333334 0.01953125 0.020833333333333332
0 0.7447916666666666 0.59375 0.020833333333333332 0.026041666666666668
0 0.6608072916666666 0.5592447916666666 0.016927083333333332 0.016927083333333332
0 0.650390625 0.310546875 0.016927083333333332 0.01953125
0 0.7376302083333334 0.3450520833333333 0.022135416666666668 0.020833333333333332
0 0.7903645833333334 0.4388020833333333 0.19270833333333334 0.2109375
0 0.376953125 0.3111979166666667 0.061197916666666664 0.07552083333333333
0 0.912109375 0.484375 0.016927083333333332 0.018229166666666668
0 0.9368489583333334 0.4309895833333333 0.016927083333333332 0.015625
0 0.9583333333333334 0.771484375 0.057291666666666664 0.07161458333333333
0 0.6048177083333334 0.36328125 0.014322916666666666 0.018229166666666668
0 0.4466145833333333 0.7845052083333334 0.013020833333333334 0.01171875
0 0.1640625 0.7239583333333334 0.015625 0.015625
0 0.5833333333333334 0.059244791666666664 0.06510416666666667 0.05859375
0 0.8736979166666666 0.2962239583333333 0.0859375 0.09244791666666667
0 0.5286458333333334 0.5377604166666666 0.046875 0.0390625
0 0.5045572916666666 0.5084635416666666 0.12109375 0.14973958333333334
0 0.12109375 0.6009114583333334 0.015625 0.014322916666666666
0 0.3880208333333333 0.6966145833333334 0.057291666666666664 0.07291666666666667
0 0.3404947916666667 0.7024739583333334 0.01171875 0.014322916666666666
0 0.8678385416666666 0.759765625 0.01171875 0.014322916666666666
0 0.962890625 0.7819010416666666 0.01953125 0.02734375
0 0.6868489583333334 0.9029947916666666 0.01171875 0.01171875
0 0.6061197916666666 0.4993489583333333 0.01171875 0.014322916666666666
0 0.8287760416666666 0.0078125 0.016927083333333332 0.015625