0 0.43359375 0.21484375 0.036458333333333336 0.033854166666666664
0 0.015625 0.3138020833333333 0.026041666666666668 0.03125
0 0.046875 0.13736979166666666 0.015625 0.032552083333333336
0 0.13151041666666666 0.020833333333333332 0.015625 0.018229166666666668
0 0.11393229166666667 0.3125 0.014322916666666666 0.015625
0 0.06315104166666667 0.3977864583333333 0.016927083333333332 0.01953125
0 0.030598958333333332 0.3756510416666667 0.01953125 0.014322916666666666
0 0.2721354166666667 0.3365885416666667 0.018229166666666668 0.016927083333333332
0 0.390625 0.3196614583333333 0.018229166666666668 0.01953125
0 0.007161458333333333 0.5638020833333334 0.01171875 0.026041666666666668
0 0.4088541666666667 0.771484375 0.03125 0.029947916666666668
0 0.07552083333333333 0.8294270833333334 0.018229166666666668 0.015625
0 0.10221354166666667 0.865234375 0.032552083333333336 0.032552083333333336
0 0.1953125 0.8958333333333334 0.020833333333333332 0.018229166666666668
0 0.2571614583333333 0.8333333333333334 0.048177083333333336 0.044270833333333336
0 0.6595052083333334 0.6842447916666666 0.053385416666666664 0.045572916666666664
0 0.4772135416666667 0.416015625 0.022135416666666668 0.022135416666666668
0 0.6217447916666666 0.027994791666666668 0.01953125 0.016927083333333332
0 0.392578125 0.0390625 0.01953125 0.018229166666666668
0 0.3704427083333333 0.15625 0.014322916666666666 0.013020833333333334
0 0.4635416666666667 0.21223958333333334 0.0234375 0.0234375
0 0.798828125 0.19401041666666666 0.014322916666666666 0.015625
0 0.7317708333333334 0.837890625 0.026041666666666668 0.02734375
0 0.9329427083333334 0.12825520833333334 0.014322916666666666 0.014322916666666666
0 0.9016927083333334 0.13020833333333334 0.01171875 0.015625
0 0.990234375 0.17447916666666666 0.014322916666666666 0.013020833333333334
0 0.8606770833333334 0.43359375 0.0234375 0.013020833333333334
0 0.12630208333333334 0.15234375 0.013020833333333334 0.013020833333333334
0 0.4075520833333333 0.4752604166666667 0.018229166666666668 0.018229166666666668
0 0.59765625 0.07356770833333333 0.015625 0.014322916666666666
0 0.4212239583333333 0.3756510416666667 0.01171875 0.014322916666666666
0 0.7154947916666666 0.240234375 0.01171875 0.014322916666666666
0 0.5807291666666666 0.15690104166666666 0.013020833333333334 0.01171875
0 0.027994791666666668 0.197265625 0.01171875 0.01171875