0 0.7955729166666666 0.1640625 0.0625 0.059895833333333336
0 0.2552083333333333 0.24934895833333334 0.0234375 0.01953125
0 0.8365885416666666 0.6002604166666666 0.01953125 0.020833333333333332
0 0.828125 0.7330729166666666 0.0234375 0.026041666666666668
0 0.87890625 0.88671875 0.0390625 0.033854166666666664
0 0.5452473958333334 0.9109375000000001 0.022799479166666654 0.02187499999999994
0 0.46484375 0.5149739583333334 0.018229166666666668 0.01953125
0 0.259765625 0.8580729166666666 0.014322916666666666 0.013020833333333334
0 0.3756510416666667 0.4713541666666667 0.01171875 0.010416666666666666
0 0.892578125 0.5455729166666666 0.01171875 0.013020833333333334
0 0.9674479166666666 0.560546875 0.013020833333333334 0.01171875
0 0.6178385416666666 0.4296875 0.01171875 0.013020833333333334
0 0.59375 0.09375 0.018229166666666668 0.015625
0 0.9348958333333334 0.12044270833333333 0.013020833333333334 0.014322916666666666
0 0.29736979166666666 0.1661328125 0.014010416666666655 0.012929687500000009
0 0.900390625 0.44994791666666667 0.018723958333333474 0.017434895833333314
0 0.8549869791666667 0.810546875 0.011471354166666595 0.012669270833333357
0 0.5903385416666667 0.2371875 0.013841145833333327 0.01342447916666667
0 0.8715885416666667 0.8501041666666667 0.014114583333333227 0.014622395833333357
0 0.1290234375 0.16162760416666666 0.010052083333333331 0.009596354166666673
0 0.0668359375 0.5727604166666667 0.010403645833333327 0.009557291666666709