0 0.2721354166666667 0.10221354166666667 0.020833333333333332 0.01953125
0 0.17317708333333334 0.012369791666666666 0.033854166666666664 0.022135416666666668
0 0.078125 0.11458333333333333 0.026041666666666668 0.026041666666666668
0 0.4505208333333333 0.068359375 0.0234375 0.022135416666666668
0 0.4440104166666667 0.130859375 0.015625 0.01953125
0 0.3919270833333333 0.4453125 0.028645833333333332 0.028645833333333332
0 0.08528645833333333 0.521484375 0.014322916666666666 0.01953125
0 0.154296875 0.615234375 0.17838541666666666 0.15234375
0 0.06380208333333333 0.7096354166666666 0.020833333333333332 0.015625
0 0.416015625 0.6067708333333334 0.032552083333333336 0.033854166666666664
0 0.3170572916666667 0.7669270833333334 0.022135416666666668 0.0234375
0 0.3125 0.65625 0.018229166666666668 0.020833333333333332
0 0.376953125 0.7005208333333334 0.016927083333333332 0.015625
0 0.5390625 0.708984375 0.0546875 0.053385416666666664
0 0.556640625 0.76953125 0.045572916666666664 0.046875
0 0.4049479166666667 0.7252604166666666 0.015625 0.018229166666666668
0 0.47265625 0.9381510416666666 0.020833333333333332 0.01953125
0 0.4830729166666667 0.380859375 0.026041666666666668 0.029947916666666668
0 0.5377604166666666 0.2721354166666667 0.018229166666666668 0.018229166666666668
0 0.697265625 0.451171875 0.05078125 0.045572916666666664
0 0.6555989583333334 0.4850260416666667 0.022135416666666668 0.024739583333333332
0 0.828125 0.08919270833333333 0.041666666666666664 0.037760416666666664
0 0.8125 0.15885416666666666 0.0234375 0.0234375
0 0.412109375 0.029296875 0.014322916666666666 0.016927083333333332
0 0.9251302083333334 0.10091145833333333 0.024739583333333332 0.016927083333333332
0 0.888671875 0.109375 0.01953125 0.020833333333333332
0 0.9407552083333334 0.13346354166666666 0.11067708333333333 0.11588541666666667
0 0.8287760416666666 0.26171875 0.024739583333333332 0.0234375
0 0.7584635416666666 0.2532552083333333 0.01953125 0.022135416666666668
0 0.87890625 0.2662760416666667 0.0390625 0.048177083333333336
0 0.8391927083333334 0.3391927083333333 0.01953125 0.022135416666666668
0 0.6041666666666666 0.3958333333333333 0.1484375 0.15625
0 0.765625 0.5319010416666666 0.046875 0.053385416666666664
0 0.7858072916666666 0.580078125 0.055989583333333336 0.05859375
0 0.9583333333333334 0.51171875 0.028645833333333332 0.026041666666666668
0 0.69140625 0.6751302083333334 0.09375 0.08463541666666667
0 0.7552083333333334 0.7421875 0.1171875 0.10677083333333333
0 0.8802083333333334 0.74609375 0.0234375 0.026041666666666668
0 0.84375 0.8671875 0.020833333333333332 0.020833333333333332
0 0.9720052083333334 0.4485677083333333 0.016927083333333332 0.014322916666666666
0 0.7024739583333334 0.5403645833333334 0.014322916666666666 0.015625
0 0.984375 0.9205729166666666 0.0234375 0.028645833333333332
0 0.3619791666666667 0.9446614583333334 0.015625 0.01953125
0 0.5208333333333334 0.9739583333333334 0.0390625 0.0390625
0 0.23307291666666666 0.7779947916666666 0.013020833333333334 0.014322916666666666
0 0.21614583333333334 0.84765625 0.013020833333333334 0.015625
0 0.8873697916666666 0.3743489583333333 0.016927083333333332 0.016927083333333332
0 0.552734375 0.9375 0.014322916666666666 0.015625
0 0.71875 0.93359375 0.015625 0.015625
0 0.8984375 0.958984375 0.015625 0.014322916666666666
0 0.8313802083333334 0.5930989583333334 0.01171875 0.01171875
0 0.388671875 0.2643229166666667 0.016927083333333332 0.013020833333333334
0 0.6171875 0.3118489583333333 0.013020833333333334 0.01171875