0 0.15092447916666663 0.25304687499999995 0.029817708333333342 0.030156250000000034
0 0.9429296875000001 0.38539062500000004 0.026432291666666607 0.025234374999999993
0 0.8241015625000001 0.536640625 0.025130208333333275 0.027682291666666654
0 0.3622526041666667 0.28680989583333333 0.022135416666666668 0.021601562499999966
0 0.1590234375 0.37121093749999995 0.02643229166666668 0.024856770833333375
0 0.9947916666666666 0.3346354166666667 0.010416666666666666 0.0234375
0 0.15024739583333332 0.8668098958333333 0.024557291666666686 0.025638020833333403
0 0.41154947916666673 0.776328125 0.020638020833333364 0.021940104166666547
0 0.845703125 0.43130208333333336 0.030872395833333382 0.030611979166666654
0 0.5324088541666668 0.14265625 0.02686197916666666 0.027473958333333326
0 0.5405078124999999 0.42049479166666676 0.025130208333333275 0.026432291666666607
0 0.7795312500000001 0.4785677083333333 0.02410156249999999 0.024375000000000036
0 0.7133593749999999 0.05522135416666666 0.028671874999999975 0.028463541666666665
0 0.23802083333333326 0.6804557291666667 0.022552083333333323 0.02410156249999999
0 0.8092447916666666 0.6183333333333333 0.024752604166666654 0.024752604166666654
0 0.4486848958333334 0.8917968749999999 0.021770833333333368 0.023710937500000046
0 0.1097395833333333 0.10753906249999996 0.030377604166666645 0.030611979166666654
0 0.17184895833333336 0.7135416666666666 0.026041666666666668 0.024557291666666536
0 0.33929687500000005 0.5008463541666667 0.029453125000000007 0.030872395833333382
0 0.8808072916666667 0.4826171875 0.02726562500000007 0.030156249999999957
0 0.2636848958333333 0.5123307291666667 0.030976562500000027 0.03194010416666663
0 0.4783984375000001 0.6554687499999999 0.03145833333333329 0.03270833333333326
0 0.5648177083333333 0.88234375 0.024179687500000064 0.027161458333333204
0 0.990234375 0.232421875 0.01953125 0.024739583333333332
0 0.27178385416666667 0.6358854166666666 0.028463541666666686 0.027682291666666654
0 0.04897135416666668 0.5130078125 0.03171875 0.03220052083333336
0 0.03343749999999993 0.10585937500000002 0.025052083333333326 0.02593750000000002
0 0.5904817708333333 0.4691145833333333 0.024283854166666636 0.0282291666666666
0 0.6201822916666666 0.7567447916666666 0.024856770833333375 0.025338541666666714
0 0.6323437500000001 0.9431119791666666 0.03145833333333329 0.03346354166666673
0 0.7120182291666666 0.12307291666666664 0.03464843749999987 0.03934895833333333
0 0.6444921875 0.7094921875 0.024557291666666686 0.02833333333333332
0 0.7120182291666666 0.9647135416666667 0.04042968749999994 0.04169270833333331
0 0.2785286458333333 0.9100260416666667 0.06587239583333337 0.06283854166666665
0 0.11580729166666674 0.15649739583333333 0.06389322916666666 0.060130208333333345
0 0.7201171875 0.29457031250000004 0.08229166666666672 0.09065104166666667
0 0.5885416666666666 0.958984375 0.1015625 0.08203125
0 0.5202604166666666 0.14973958333333334 0.03257812499999998 0.032825520833333344