0 0.9075520833333334 0.14973958333333334 0.015625 0.010416666666666666
0 0.9661458333333334 0.18815104166666666 0.0234375 0.016927083333333332
0 0.98046875 0.015625 0.013020833333333334 0.010416666666666666
0 0.9694010416666666 0.052734375 0.048177083333333336 0.05859375
0 0.90234375 0.046875 0.013020833333333334 0.013020833333333334
0 0.81640625 0.07291666666666667 0.015625 0.018229166666666668
0 0.7721354166666666 0.11328125 0.026041666666666668 0.028645833333333332
0 0.7330729166666666 0.013671875 0.013020833333333334 0.01953125
0 0.9401041666666666 0.3932291666666667 0.015625 0.0234375
0 0.9791666666666666 0.2838541666666667 0.015625 0.013020833333333334
0 0.8548177083333334 0.2513020833333333 0.014322916666666666 0.013020833333333334
0 0.87890625 0.716796875 0.020833333333333332 0.01953125
0 0.7473958333333334 0.4759114583333333 0.018229166666666668 0.01953125
0 0.7786458333333334 0.7154947916666666 0.026041666666666668 0.022135416666666668
0 0.7721354166666666 0.08723958333333333 0.013020833333333334 0.010416666666666666
0 0.6471354166666666 0.24153645833333334 0.015625 0.01953125
0 0.9348958333333334 0.4765625 0.09114583333333333 0.09635416666666667
0 0.8177083333333334 0.416015625 0.06510416666666667 0.08723958333333333
0 0.80078125 0.619140625 0.09635416666666667 0.08463541666666667
0 0.666015625 0.4602864583333333 0.014322916666666666 0.014322916666666666
0 0.6360677083333334 0.6393229166666666 0.01953125 0.020833333333333332
0 0.5540364583333334 0.572265625 0.01953125 0.022135416666666668
0 0.2936197916666667 0.4973958333333333 0.045572916666666664 0.041666666666666664
0 0.5045572916666666 0.24869791666666666 0.024739583333333332 0.020833333333333332
0 0.42578125 0.13606770833333334 0.026041666666666668 0.022135416666666668
0 0.2662760416666667 0.19140625 0.13411458333333334 0.1328125
0 0.09765625 0.375 0.046875 0.0390625
0 0.19466145833333334 0.8203125 0.07421875 0.08072916666666667
0 0.052083333333333336 0.8216145833333334 0.09635416666666667 0.1171875
0 0.012369791666666666 0.3424479166666667 0.016927083333333332 0.026041666666666668
0 0.20572916666666666 0.560546875 0.078125 0.09765625
0 0.19140625 0.6712239583333334 0.015625 0.01953125
0 0.6041666666666666 0.7265625 0.018229166666666668 0.013020833333333334
0 0.7194010416666666 0.7526041666666666 0.014322916666666666 0.013020833333333334
0 0.7428385416666666 0.8802083333333334 0.032552083333333336 0.03125
0 0.615234375 0.8736979166666666 0.024739583333333332 0.020833333333333332
0 0.5755208333333334 0.833984375 0.015625 0.01953125
0 0.7708333333333334 0.7395833333333334 0.015625 0.013020833333333334
0 0.25390625 0.4856770833333333 0.09635416666666667 0.10416666666666667
0 0.4817708333333333 0.5774739583333334 0.033854166666666664 0.037760416666666664
0 0.552734375 0.5475260416666666 0.14973958333333334 0.14973958333333334
0 0.2916666666666667 0.66796875 0.125 0.13020833333333334
0 0.22786458333333334 0.6341145833333334 0.044270833333333336 0.036458333333333336
0 0.12109375 0.580078125 0.013020833333333334 0.01953125
0 0.8665364583333334 0.4791666666666667 0.006510416666666667 0.013020833333333334
0 0.173828125 0.953125 0.01953125 0.010416666666666666
0 0.7057291666666666 0.322265625 0.0625 0.048177083333333336
0 0.4466145833333333 0.4108072916666667 0.013020833333333334 0.01953125
0 0.740234375 0.248046875 0.07161458333333333 0.07161458333333333
0 0.6458333333333334 0.23697916666666666 0.10416666666666667 0.11979166666666667
0 0.404296875 0.583984375 0.01953125 0.024739583333333332
0 0.24348958333333334 0.9713541666666666 0.078125 0.046875
0 0.039713541666666664 0.9485677083333334 0.01953125 0.01171875
0 0.55078125 0.7174479166666666 0.013020833333333334 0.0078125
0 0.5377604166666666 0.3834635416666667 0.013020833333333334 0.016927083333333332
0 0.96484375 0.5963541666666666 0.013020833333333334 0.013020833333333334
0 0.9153645833333334 0.5924479166666666 0.013020833333333334 0.010416666666666666
0 0.10481770833333333 0.48828125 0.01953125 0.015625
0 0.8684895833333334 0.8645833333333334 0.010416666666666666 0.013020833333333334
0 0.9368489583333334 0.20638020833333334 0.009114583333333334 0.01171875
0 0.21223958333333334 0.4010416666666667 0.013020833333333334 0.013020833333333334
0 0.58203125 0.12760416666666666 0.015625 0.013020833333333334
0 0.7506510416666666 0.6940104166666666 0.01171875 0.013020833333333334
0 0.74609375 0.6705729166666666 0.013020833333333334 0.010416666666666666
0 0.3645833333333333 0.0859375 0.018229166666666668 0.018229166666666668
0 0.3046875 0.08528645833333333 0.018229166666666668 0.01953125
0 0.10026041666666667 0.3131510416666667 0.013020833333333334 0.006510416666666667
0 0.9563802083333334 0.86328125 0.016927083333333332 0.013020833333333334
0 0.6647135416666666 0.033854166666666664 0.07161458333333333 0.057291666666666664