0 0.3450520833333333 0.6692708333333334 0.018229166666666668 0.018229166666666668
0 0.232421875 0.9075520833333334 0.07421875 0.06770833333333333
0 0.19891927083333336 0.9597135416666666 0.02143229166666664 0.01807291666666681
0 0.2708333333333333 0.923828125 0.018229166666666668 0.022135416666666668
0 0.7662760416666666 0.7643229166666666 0.029947916666666668 0.028645833333333332
0 0.8619791666666666 0.8828125 0.026041666666666668 0.026041666666666668
0 0.7174479166666666 0.8528645833333334 0.013020833333333334 0.015625
0 0.4189453125 0.9145572916666667 0.01542968750000003 0.015429687499999881
0 0.76171875 0.7192447916666667 0.01609374999999987 0.015364583333333274
0 0.7177734375 0.8549869791666667 0.009817708333333286 0.010286458333333451
0 0.16540364583333333 0.5629947916666667 0.01684895833333333 0.015898437500000046
0 0.84375 0.9052734375 0.010208333333333227 0.01095052083333344
0 0.008880208333333334 0.7407291666666667 0.01684895833333333 0.024231770833333204
0 0.619140625 0.7641666666666667 0.01658854166666668 0.017304687499999954
0 0.23315104166666667 0.7548828125 0.008919270833333362 0.00929687500000013
0 0.43236979166666667 0.658203125 0.01200520833333337 0.01182291666666672
0 0.8920963541666667 0.9482421875 0.009088541666666691 0.009335937500000094