0 0.11067708333333333 0.14583333333333334 0.026041666666666668 0.0234375
0 0.6627604166666666 0.10481770833333333 0.018229166666666668 0.01953125
0 0.10807291666666667 0.912109375 0.033854166666666664 0.032552083333333336
0 0.166015625 0.923828125 0.045572916666666664 0.03515625
0 0.3782552083333333 0.931640625 0.037760416666666664 0.032552083333333336
0 0.6295572916666666 0.62890625 0.03515625 0.0390625
0 0.8352864583333334 0.2858072916666667 0.014322916666666666 0.016927083333333332
0 0.5078125 0.51953125 0.013020833333333334 0.013020833333333334
0 0.7233072916666666 0.23177083333333334 0.014322916666666666 0.013020833333333334
0 0.96875 0.029296875 0.044270833333333336 0.055989583333333336
0 0.9765625 0.7330729166666666 0.0390625 0.052083333333333336
0 0.28125 0.91015625 0.010416666666666666 0.010416666666666666
0 0.3912760416666667 0.6861979166666666 0.013020833333333334 0.013020833333333334
0 0.140625 0.9654947916666666 0.009114583333333334 0.009114583333333334
0 0.2630208333333333 0.9088541666666666 0.009114583333333334 0.009114583333333334
0 0.318359375 0.970703125 0.009114583333333334 0.009114583333333334
0 0.5084635416666666 0.5240885416666666 0.013020833333333334 0.01171875
0 0.724609375 0.23502604166666666 0.013020833333333334 0.013020833333333334
0 0.8515625 0.5611979166666666 0.013020833333333334 0.013020833333333334
0 0.7786458333333334 0.060546875 0.013020833333333334 0.013020833333333334
0 0.24674479166666666 0.962890625 0.005208333333333333 0.005208333333333333
0 0.6302083333333334 0.3880208333333333 0.014322916666666666 0.013020833333333334
0 0.6516927083333334 0.5123697916666666 0.01171875 0.01171875
0 0.2962239583333333 0.59375 0.005208333333333333 0.005208333333333333