0 0.48046875 0.3229166666666667 0.028645833333333332 0.028645833333333332
0 0.3990885416666667 0.016927083333333332 0.03515625 0.03125
0 0.4342447916666667 0.009765625 0.016927083333333332 0.016927083333333332
0 0.4225260416666667 0.7369791666666666 0.03515625 0.036458333333333336
0 0.0859375 0.4244791666666667 0.1015625 0.1015625
0 0.3723958333333333 0.48046875 0.1015625 0.09895833333333333
0 0.8776041666666666 0.3404947916666667 0.052083333333333336 0.061197916666666664
0 0.8404947916666666 0.552734375 0.014322916666666666 0.014322916666666666
0 0.6360677083333334 0.716796875 0.032552083333333336 0.032552083333333336
0 0.3880208333333333 0.21028645833333334 0.0234375 0.024739583333333332
0 0.5065104166666666 0.14583333333333334 0.018229166666666668 0.018229166666666668
0 0.5859375 0.23307291666666666 0.0234375 0.0234375
0 0.9375 0.375 0.010416666666666666 0.013020833333333334
0 0.990234375 0.85546875 0.01171875 0.015625
0 0.958984375 0.8841145833333334 0.014322916666666666 0.013020833333333334
0 0.4934895833333333 0.7115885416666666 0.018229166666666668 0.01953125