0 0.701171875 0.8626302083333334 0.10807291666666667 0.10286458333333333
0 0.06705729166666667 0.6184895833333334 0.022135416666666668 0.020833333333333332
0 0.3704427083333333 0.13997395833333334 0.032552083333333336 0.029947916666666668
0 0.236328125 0.68359375 0.02734375 0.0234375
0 0.9270833333333334 0.37109375 0.0390625 0.03515625
0 0.4205729166666667 0.7272135416666666 0.052083333333333336 0.048177083333333336
0 0.927734375 0.045572916666666664 0.10807291666666667 0.09114583333333333
0 0.5638020833333334 0.484375 0.04296875 0.0390625
0 0.046223958333333336 0.193359375 0.03125 0.029947916666666668
0 0.337890625 0.17057291666666666 0.040364583333333336 0.036458333333333336
0 0.9811197916666666 0.4459635416666667 0.037760416666666664 0.04296875
0 0.0390625 0.9596354166666666 0.022135416666666668 0.022135416666666668
0 0.06575520833333333 0.421875 0.0234375 0.0234375
0 0.3671875 0.03125 0.02734375 0.024739583333333332
0 0.125 0.008463541666666666 0.028645833333333332 0.016927083333333332
0 0.5494791666666666 0.6796875 0.0234375 0.0234375
0 0.134765625 0.7643229166666666 0.026041666666666668 0.02734375
0 0.4114583333333333 0.5221354166666666 0.026041666666666668 0.024739583333333332
0 0.361328125 0.91796875 0.020833333333333332 0.020833333333333332
0 0.4225260416666667 0.392578125 0.0234375 0.022135416666666668
0 0.20377604166666666 0.2864583333333333 0.024739583333333332 0.022135416666666668
0 0.26953125 0.5963541666666666 0.0234375 0.0234375
0 0.045572916666666664 0.11979166666666667 0.024739583333333332 0.0234375
0 0.11002604166666667 0.833984375 0.0234375 0.022135416666666668
0 0.45703125 0.9889322916666666 0.026041666666666668 0.022135416666666668
0 0.029296875 0.8190104166666666 0.0234375 0.020833333333333332
0 0.5709635416666666 0.779296875 0.024739583333333332 0.024739583333333332
0 0.8697916666666666 0.171875 0.02734375 0.026041666666666668
0 0.6920572916666666 0.353515625 0.028645833333333332 0.02734375
0 0.12174479166666667 0.24088541666666666 0.032552083333333336 0.028645833333333332
0 0.6119791666666666 0.3326822916666667 0.028645833333333332 0.02734375
0 0.3203125 0.7265625 0.026041666666666668 0.0234375
0 0.8001302083333334 0.9264322916666666 0.029947916666666668 0.026041666666666668
0 0.4244791666666667 0.6725260416666666 0.032552083333333336 0.028645833333333332
0 0.030598958333333332 0.4817708333333333 0.020833333333333332 0.01953125
0 0.7747395833333334 0.7194010416666666 0.024739583333333332 0.0234375
0 0.83203125 0.78515625 0.024739583333333332 0.0234375
0 0.10611979166666667 0.45703125 0.024739583333333332 0.024739583333333332
0 0.73046875 0.51171875 0.026041666666666668 0.024739583333333332
0 0.638671875 0.154296875 0.033854166666666664 0.029947916666666668
0 0.794921875 0.5625 0.029947916666666668 0.029947916666666668
0 0.7213541666666666 0.97265625 0.026041666666666668 0.026041666666666668
0 0.8411458333333334 0.5533854166666666 0.053385416666666664 0.0625