0 0.7942708333333334 0.6041666666666666 0.03125 0.028645833333333332
0 0.759765625 0.7291666666666666 0.053385416666666664 0.052083333333333336
0 0.8046875 0.751953125 0.015625 0.01953125
0 0.9036458333333334 0.8424479166666666 0.018229166666666668 0.015625
0 0.283203125 0.767578125 0.014322916666666666 0.014322916666666666
0 0.5305989583333334 0.22786458333333334 0.014322916666666666 0.013020833333333334
0 0.19856770833333334 0.057942708333333336 0.01171875 0.01171875
0 0.208984375 0.18359375 0.01171875 0.013020833333333334
0 0.16080729166666666 0.4765625 0.016927083333333332 0.015625
0 0.59375 0.5540364583333334 0.015625 0.014322916666666666
0 0.9772135416666666 0.234375 0.01171875 0.010416666666666666
0 0.6536458333333334 0.8268229166666666 0.018229166666666668 0.018229166666666668
0 0.6458333333333334 0.6100260416666666 0.013020833333333334 0.009114583333333334
0 0.4420572916666667 0.6022135416666666 0.01171875 0.01171875
0 0.279296875 0.9388020833333334 0.014322916666666666 0.018229166666666668
0 0.4889322916666667 0.912109375 0.02734375 0.024739583333333332
0 0.4348958333333333 0.869140625 0.013020833333333334 0.014322916666666666
0 0.8352864583333334 0.935546875 0.009114583333333334 0.01171875
0 0.8984375 0.931640625 0.010416666666666666 0.01171875
0 0.8580729166666666 0.9915364583333334 0.013020833333333334 0.009114583333333334
0 0.4908854166666667 0.9583333333333334 0.015625 0.015625
0 0.6158854166666666 0.20572916666666666 0.010416666666666666 0.010416666666666666
0 0.65234375 0.197265625 0.015625 0.016927083333333332
0 0.4485677083333333 0.28125 0.01171875 0.013020833333333334
0 0.3665364583333333 0.4921875 0.01171875 0.010416666666666666
0 0.5501302083333334 0.5013020833333334 0.01171875 0.013020833333333334
0 0.177734375 0.681640625 0.01171875 0.01171875
0 0.908203125 0.7701822916666666 0.009114583333333334 0.009114583333333334
0 0.4173177083333333 0.7955729166666666 0.009114583333333334 0.010416666666666666
0 0.8834635416666666 0.80859375 0.009114583333333334 0.010416666666666666
0 0.5475260416666666 0.08528645833333333 0.009114583333333334 0.009114583333333334
0 0.8756510416666666 0.34375 0.009114583333333334 0.010416666666666666
0 0.3684895833333333 0.7063802083333334 0.0078125 0.01171875
0 0.7213541666666666 0.986328125 0.06770833333333333 0.022135416666666668
0 0.3450520833333333 0.4967447916666667 0.010416666666666666 0.009114583333333334
0 0.4576822916666667 0.4427083333333333 0.014322916666666666 0.013020833333333334
0 0.2265625 0.3072916666666667 0.010416666666666666 0.010416666666666666
0 0.2936197916666667 0.2799479166666667 0.01171875 0.010416666666666666
0 0.035807291666666664 0.482421875 0.01171875 0.014322916666666666
0 0.8274739583333334 0.18489583333333334 0.01171875 0.013020833333333334
0 0.8997395833333334 0.17513020833333334 0.010416666666666666 0.01171875
0 0.296875 0.9212239583333334 0.010416666666666666 0.009114583333333334
0 0.4908854166666667 0.8795572916666666 0.010416666666666666 0.009114583333333334
0 0.515625 0.8229166666666666 0.013020833333333334 0.010416666666666666
0 0.7180989583333334 0.2981770833333333 0.009114583333333334 0.0078125
0 0.7428385416666666 0.4537760416666667 0.01171875 0.009114583333333334