0 0.7927083333333332 0.10361979166666668 0.3767057291666666 0.203515625
0 0.6451822916666666 0.18359375 0.02734375 0.026041666666666668
0 0.21875 0.078125 0.020833333333333332 0.0234375
0 0.1875 0.09765625 0.13541666666666666 0.12760416666666666
0 0.026692708333333332 0.091796875 0.05078125 0.06901041666666667
0 0.4563802083333333 0.234375 0.08984375 0.08072916666666667
0 0.24869791666666666 0.4296875 0.08072916666666667 0.06770833333333333
0 0.15104166666666666 0.5045572916666666 0.0234375 0.022135416666666668
0 0.7565104166666666 0.19596354166666666 0.0546875 0.055989583333333336
0 0.166015625 0.2994791666666667 0.05859375 0.06770833333333333
0 0.07356770833333333 0.6100260416666666 0.05078125 0.048177083333333336
0 0.015625 0.7018229166666666 0.026041666666666668 0.046875
0 0.7819010416666666 0.876953125 0.040364583333333336 0.032552083333333336
0 0.771484375 0.9127604166666666 0.01953125 0.013020833333333334
0 0.3131510416666667 0.681640625 0.037760416666666664 0.032552083333333336
0 0.6458333333333334 0.9459635416666666 0.0234375 0.024739583333333332
0 0.9798177083333334 0.8561197916666666 0.032552083333333336 0.09505208333333333
0 0.896484375 0.024088541666666668 0.01953125 0.01953125
0 0.0625 0.158203125 0.0703125 0.05078125
0 0.6341145833333334 0.732421875 0.013020833333333334 0.016927083333333332
0 0.5208333333333334 0.4440104166666667 0.015625 0.013020833333333334
0 0.2734375 0.07747395833333333 0.015625 0.014322916666666666
0 0.654296875 0.5221354166666666 0.014322916666666666 0.013020833333333334
0 0.21614583333333334 0.25390625 0.020833333333333332 0.018229166666666668
0 0.17708333333333334 0.4166666666666667 0.028645833333333332 0.028645833333333332
0 0.9615885416666666 0.8391927083333334 0.016927083333333332 0.016927083333333332
0 0.951171875 0.9672916666666667 0.017578125 0.015898437500000046
0 0.7021484375 0.5542057291666667 0.011471354166666595 0.010690104166666714
0 0.0659765625 0.6899479166666667 0.014622395833333338 0.012864583333333476
0 0.09154947916666667 0.4658203125 0.02717447916666667 0.024570312500000007
0 0.30859375 0.13049479166666667 0.025130208333333348 0.022408854166666676
0 0.6284244791666667 0.06279947916666666 0.018098958333333304 0.017382812499999994
0 0.6909244791666667 0.9262760416666667 0.019114583333333417 0.017916666666666654
0 0.9135807291666667 0.630859375 0.017916666666666654 0.016093750000000018
0 0.13403645833333333 0.21045572916666666 0.015546874999999996 0.014674479166666643
0 0.9140625 0.42748697916666667 0.013020833333333334 0.01182291666666672
0 0.5673828125 0.027330729166666665 0.013281250000000059 0.012382812499999998
0 0.6352604166666667 0.7368229166666667 0.012864583333333327 0.011549479166666524
0 0.6167057291666667 0.4873046875 0.011692708333333357 0.01102864583333337
0 0.576171875 0.25951822916666667 0.026653645833333368 0.02442708333333332
0 0.5615234375 0.412109375 0.020768229166666725 0.019374999999999993
0 0.29858072916666667 0.583984375 0.014388020833333348 0.012825520833333362
0 0.21936197916666667 0.083125 0.02360677083333333 0.022031250000000013
0 0.3095703125 0.7397526041666667 0.016341145833333348 0.015598958333333357
0 0.006796874999999998 0.31787760416666666 0.013020833333333334 0.014947916666666691
0 0.24170572916666666 0.02591145833333333 0.022981770833333304 0.016927083333333332
0 0.392578125 0.44653645833333333 0.011640625000000071 0.011158854166666732
0 0.06829427083333334 0.29028645833333333 0.026653645833333333 0.024882812500000018
0 0.20739583333333333 0.7846744791666667 0.015963541666666654 0.01524739583333338
0 0.36059895833333333 0.12731770833333333 0.0341796875 0.030625000000000013
0 0.08477864583333333 0.5244140625 0.014726562500000004 0.012526041666666673
0 0.626953125 0.14330729166666667 0.025911458333333304 0.023906250000000018
0 0.054296875 0.8623046875 0.013476562499999992 0.012291666666666737
0 0.11162760416666667 0.85546875 0.01266927083333332 0.011692708333333357
0 0.35229166666666667 0.9052734375 0.014231770833333268 0.013684895833333321
0 0.3564453125 0.3388671875 0.013281250000000059 0.01248697916666667
0 0.17529947916666666 0.20654947916666666 0.016093750000000018 0.014062500000000014
0 0.9482421875 0.7685546875 0.01218749999999987 0.011874999999999858
0 0.6162109375 0.6313541666666667 0.012773437499999929 0.01191406249999997
0 0.216796875 0.25415364583333333 0.013841145833333327 0.012486979166666634
0 0.018476562499999998 0.1474609375 0.018046874999999997 0.01799479166666666
0 0.31372395833333333 0.07489583333333334 0.011419270833333309 0.01028645833333334
0 0.5483463541666667 0.08880208333333334 0.011067708333333334 0.010611979166666674
0 0.8061588541666667 0.7182682291666667 0.01209635416666662 0.01111979166666662
0 0.39477864583333333 0.5068359375 0.011966145833333405 0.011640625000000071
0 0.15466145833333333 0.7475651041666667 0.011875000000000005 0.011289062500000094
0 0.4345703125 0.30200520833333333 0.011731770833333321 0.01102864583333337
0 0.6792057291666667 0.576171875 0.010989583333333405 0.01005208333333337
0 0.37134114583333333 0.20727864583333333 0.01182291666666672 0.010403645833333345
0 0.5200260416666667 0.8901432291666667 0.010403645833333345 0.009778645833333321
0 0.986328125 0.27123697916666667 0.012526041666666524 0.011510416666666634
0 0.7314453125 0.9555729166666667 0.011640625000000071 0.011289062500000094
0 0.83203125 0.814453125 0.009518229166666595 0.009231770833333227
0 0.7607421875 0.13220052083333333 0.01036458333333338 0.01001302083333333
0 0.13 0.190546875 0.011731770833333321 0.009973958333333366
0 0.46557291666666667 0.6298828125 0.010208333333333375 0.009934895833333327
0 0.662109375 0.5625 0.010989583333333405 0.01111979166666662
0 0.47412760416666666 0.49389322916666667 0.010091145833333334 0.009231770833333375
0 0.35962239583333333 0.4150390625 0.01036458333333338 0.009934895833333327
0 0.03240885416666667 0.9448307291666667 0.01072916666666667 0.009635416666666785
0 0.058984375 0.71484375 0.01001302083333333 0.009335937500000094