0 0.061848958333333336 0.20377604166666666 0.045572916666666664 0.053385416666666664
0 0.400390625 0.1484375 0.032552083333333336 0.018229166666666668
0 0.46875 0.5390625 0.09114583333333333 0.0859375
0 0.166015625 0.724609375 0.01953125 0.024739583333333332
0 0.23372395833333334 0.857421875 0.022135416666666668 0.024739583333333332
0 0.3899739583333333 0.8483072916666666 0.024739583333333332 0.024739583333333332
0 0.2727864583333333 0.9440104166666666 0.02734375 0.0234375
0 0.2838541666666667 0.9680989583333334 0.020833333333333332 0.01953125
0 0.7298177083333334 0.9244791666666666 0.040364583333333336 0.041666666666666664
0 0.642578125 0.9498697916666666 0.016927083333333332 0.016927083333333332
0 0.8098958333333334 0.900390625 0.020833333333333332 0.01953125
0 0.9147135416666666 0.5970052083333334 0.07161458333333333 0.07161458333333333
0 0.9739583333333334 0.2623697916666667 0.044270833333333336 0.053385416666666664
0 0.5833333333333334 0.244140625 0.018229166666666668 0.016927083333333332
0 0.09765625 0.33984375 0.013020833333333334 0.013020833333333334
0 0.546875 0.677734375 0.013020833333333334 0.016927083333333332
0 0.11848958333333333 0.3815104166666667 0.015625 0.015625
0 0.580078125 0.7356770833333334 0.014322916666666666 0.010416666666666666
0 0.3528645833333333 0.8333333333333334 0.015625 0.020833333333333332
0 0.8899739583333334 0.322265625 0.016927083333333332 0.016927083333333332
0 0.11653645833333333 0.953125 0.01171875 0.015625
0 0.6412760416666666 0.6360677083333334 0.01953125 0.01953125
0 0.935546875 0.044270833333333336 0.016927083333333332 0.018229166666666668
0 0.958984375 0.16145833333333334 0.01171875 0.018229166666666668
0 0.033854166666666664 0.9427083333333334 0.013020833333333334 0.018229166666666668
0 0.693359375 0.673828125 0.01953125 0.016927083333333332
0 0.83203125 0.6438802083333334 0.013020833333333334 0.01171875
0 0.7897135416666666 0.4498697916666667 0.01171875 0.01171875
0 0.8098958333333334 0.4661458333333333 0.015625 0.015625
0 0.7669270833333334 0.42578125 0.013020833333333334 0.010416666666666666
0 0.2884114583333333 0.7623697916666666 0.01171875 0.014322916666666666
0 0.15234375 0.689453125 0.010416666666666666 0.01171875