0 0.6471354166666666 0.3717447916666667 0.020833333333333332 0.024739583333333332
0 0.87109375 0.2864583333333333 0.052083333333333336 0.0390625
0 0.7877604166666666 0.18033854166666666 0.0390625 0.04296875
0 0.587890625 0.16080729166666666 0.02734375 0.022135416666666668
0 0.6634114583333334 0.4075520833333333 0.014322916666666666 0.018229166666666668
0 0.53125 0.23567708333333334 0.018229166666666668 0.015625
0 0.4850260416666667 0.2825520833333333 0.01953125 0.018229166666666668
0 0.4440104166666667 0.033854166666666664 0.010416666666666666 0.010416666666666666
0 0.55078125 0.5559895833333334 0.018229166666666668 0.018229166666666668
0 0.5305989583333334 0.5377604166666666 0.01953125 0.020833333333333332
0 0.24479166666666666 0.3125 0.028645833333333332 0.0234375
0 0.2766927083333333 0.5729166666666666 0.01953125 0.013020833333333334
0 0.06510416666666667 0.2578125 0.0234375 0.018229166666666668
0 0.038411458333333336 0.5859375 0.024739583333333332 0.026041666666666668
0 0.020182291666666668 0.043619791666666664 0.016927083333333332 0.016927083333333332
0 0.107421875 0.7467447916666666 0.01953125 0.016927083333333332
0 0.18229166666666666 0.8444010416666666 0.013020833333333334 0.016927083333333332
0 0.466796875 0.384765625 0.12109375 0.10546875
0 0.662109375 0.5305989583333334 0.055989583333333336 0.045572916666666664
0 0.849609375 0.3684895833333333 0.01953125 0.020833333333333332
0 0.87890625 0.9537760416666666 0.10416666666666667 0.08463541666666667
0 0.6946614583333334 0.9303385416666666 0.022135416666666668 0.01953125
0 0.625 0.916015625 0.052083333333333336 0.05859375
0 0.56640625 0.7018229166666666 0.026041666666666668 0.018229166666666668
0 0.4830729166666667 0.9733072916666666 0.0234375 0.01953125
0 0.4583333333333333 0.7408854166666666 0.17447916666666666 0.16145833333333334
0 0.4602864583333333 0.8509114583333334 0.01953125 0.016927083333333332
0 0.3313802083333333 0.5638020833333334 0.3372395833333333 0.3203125
0 0.25 0.5084635416666666 0.044270833333333336 0.037760416666666664
0 0.21875 0.5930989583333334 0.0234375 0.024739583333333332
0 0.2109375 0.05859375 0.09895833333333333 0.09114583333333333
0 0.95703125 0.4205729166666667 0.013020833333333334 0.018229166666666668
0 0.7643229166666666 0.5670572916666666 0.020833333333333332 0.014322916666666666
0 0.078125 0.9251302083333334 0.013020833333333334 0.014322916666666666
0 0.013671875 0.7942708333333334 0.02734375 0.0703125
0 0.568359375 0.3723958333333333 0.014322916666666666 0.015625
0 0.19466145833333334 0.947265625 0.01171875 0.014322916666666666