0 0.5475260416666666 0.3463541666666667 0.02734375 0.03125
0 0.123046875 0.458984375 0.08463541666666667 0.06901041666666667
0 0.10416666666666667 0.501953125 0.026041666666666668 0.01953125
0 0.19921875 0.6419270833333334 0.020833333333333332 0.020833333333333332
0 0.033854166666666664 0.6490885416666666 0.013020833333333334 0.01171875
0 0.022135416666666668 0.8606770833333334 0.026041666666666668 0.026041666666666668
0 0.06380208333333333 0.955078125 0.033854166666666664 0.032552083333333336
0 0.20052083333333334 0.7552083333333334 0.06770833333333333 0.06770833333333333
0 0.19010416666666666 0.216796875 0.059895833333333336 0.06901041666666667
0 0.189453125 0.291015625 0.014322916666666666 0.014322916666666666
0 0.24088541666666666 0.07942708333333333 0.16927083333333334 0.13541666666666666
0 0.419921875 0.3235677083333333 0.01953125 0.01953125
0 0.6360677083333334 0.3723958333333333 0.061197916666666664 0.059895833333333336
0 0.376953125 0.462890625 0.048177083333333336 0.05859375
0 0.5670572916666666 0.5540364583333334 0.02734375 0.032552083333333336
0 0.595703125 0.5944010416666666 0.01953125 0.01953125
0 0.6100260416666666 0.5032552083333334 0.022135416666666668 0.022135416666666668
0 0.947265625 0.8424479166666666 0.032552083333333336 0.036458333333333336
0 0.83203125 0.595703125 0.0234375 0.024739583333333332
0 0.83984375 0.8997395833333334 0.013020833333333334 0.018229166666666668
0 0.7766927083333334 0.611328125 0.016927083333333332 0.016927083333333332
0 0.3203125 0.2682291666666667 0.0234375 0.020833333333333332
0 0.5481770833333334 0.037109375 0.015625 0.014322916666666666
0 0.2669270833333333 0.18229166666666666 0.015625 0.013020833333333334
0 0.029296875 0.5774739583333334 0.01171875 0.01171875
0 0.26171875 0.4088541666666667 0.010416666666666666 0.010416666666666666
0 0.4368489583333333 0.4264322916666667 0.014322916666666666 0.014322916666666666
0 0.255859375 0.279296875 0.014322916666666666 0.01171875
0 0.8990885416666666 0.5963541666666666 0.014322916666666666 0.013020833333333334
0 0.8391927083333334 0.18359375 0.014322916666666666 0.015625
0 0.7076822916666666 0.4798177083333333 0.014322916666666666 0.014322916666666666
0 0.6640625 0.5104166666666666 0.013020833333333334 0.013020833333333334