0 0.6716626485188802 0.5976174672444662 0.02506933609644572 0.025660693645477295
0 0.09584935506184895 0.06252336502075195 0.023569822311401367 0.025956372419993084
0 0.43444379170735675 0.5050277709960938 0.02468917767206828 0.027075727780659992
0 0.9837239583333334 0.5240885416666666 0.032552083333333336 0.029947916666666668
0 0.2938696543375651 0.37526702880859375 0.027392526467641194 0.027709325154622395
0 0.379025141398112 0.1606887181599935 0.026780049006144207 0.026780049006144207
0 0.8473803202311198 0.47461509704589844 0.032482425371805825 0.032355705897013344
0 0.8608970642089844 0.6875038146972656 0.03324274222056071 0.03387633959452311
0 0.027589797973632812 0.8848482767740885 0.022936224937438965 0.023189663887023926
0 0.9000956217447916 0.31072457631429035 0.031130750974019367 0.03077171246210734
0 0.3330682118733724 0.9544595082600912 0.026167571544647217 0.025956372419993084
0 0.1201794942220052 0.22421741485595703 0.020180076360702515 0.021552870670954388
0 0.13504791259765625 0.5266545613606771 0.03210226694742838 0.032482425371805825
0 0.11950365702311198 0.6003208160400391 0.027941644191741943 0.029251078764597576
0 0.0877393086751302 0.4989452362060547 0.023738781611124676 0.025153815746307373
0 0.6784210205078125 0.25226465861002606 0.029251078764597576 0.029251078764597576
0 0.9284807840983073 0.8638973236083984 0.03550257285435995 0.03562929232915243
0 0.32090314229329425 0.3222138086954753 0.032609144846598305 0.025745173295338947
0 0.4959449768066406 0.22083822886149088 0.025660693645477295 0.028490761915842693
0 0.8352152506510416 0.1471719741821289 0.02749812602996826 0.027836044629414875
0 0.6081339518229166 0.43068567911783856 0.026463250319163006 0.02804724375406901
0 0.6243540445963541 0.8274021148681641 0.03535473346710205 0.03632624944051107
0 0.9771410624186198 0.9781138102213541 0.028596361478169758 0.02749812602996826
0 0.5351435343424479 0.5246270497639974 0.029251078764597576 0.030898431936899822
0 0.550011952718099 0.6780420939127604 0.02606197198232015 0.031004031499226887
0 0.07016754150390625 0.7408949534098307 0.020655274391174316 0.020813673734664917
0 0.6932894388834635 0.40567970275878906 0.0359038511912028 0.035080174605051674
0 0.9889322916666666 0.818359375 0.022135416666666668 0.037760416666666664
0 0.07625007629394531 0.8882274627685547 0.034953455130259194 0.03535473346710205
0 0.18168067932128906 0.2907873789469401 0.04302126169204712 0.03577713171641032
0 0.9744377136230469 0.6679045359293619 0.034805615743001304 0.036748647689819336
0 0.9649759928385416 0.26544348398844403 0.047012925148010254 0.045576771100362144
0 0.9163157145182291 0.5895074208577474 0.03702320655186971 0.031489789485931396
0 0.49932416280110675 0.4921868642171224 0.034678896268208824 0.036178410053253174
0 0.4074103037516276 0.9213434855143229 0.02728692690531413 0.02656884988149007
0 0.4283612569173177 0.25429217020670575 0.04523885250091553 0.04996971289316813
0 0.4493122100830078 0.6300576527913412 0.023569822311401367 0.023105184237162273
0 0.3310407002766927 0.14311695098876953 0.027836044629414875 0.034805615743001304
0 0.5851554870605469 0.25057506561279297 0.031004031499226887 0.04124718904495239
0 0.5256818135579427 0.1329793930053711 0.037741283575693764 0.04287342230478922
0 0.35266749064027606 0.7429224650065104 0.2836826642354329 0.28216203053792316