0 0.3346354166666667 0.4225260416666667 0.046875 0.048177083333333336
0 0.009765625 0.15625 0.016927083333333332 0.026041666666666668
0 0.4440104166666667 0.016276041666666668 0.015625 0.016927083333333332
0 0.5768229166666666 0.11197916666666667 0.018229166666666668 0.018229166666666668
0 0.9654947916666666 0.048828125 0.01171875 0.016927083333333332
0 0.90234375 0.18359375 0.015625 0.015625
0 0.8606770833333334 0.2858072916666667 0.018229166666666668 0.01953125
0 0.4563802083333333 0.279296875 0.01953125 0.022135416666666668
0 0.24869791666666666 0.5559895833333334 0.013020833333333334 0.015625
0 0.07682291666666667 0.654296875 0.0234375 0.024739583333333332
0 0.009114583333333334 0.5774739583333334 0.015625 0.01953125
0 0.4466145833333333 0.64453125 0.013020833333333334 0.015625
0 0.564453125 0.80859375 0.03515625 0.036458333333333336
0 0.3131510416666667 0.77734375 0.022135416666666668 0.0234375
0 0.3717447916666667 0.482421875 0.014322916666666666 0.01171875
0 0.314453125 0.6608072916666666 0.01171875 0.014322916666666666
0 0.23372395833333334 0.6048177083333334 0.01171875 0.01171875
0 0.81640625 0.6321614583333334 0.015625 0.014322916666666666
0 0.9108072916666666 0.751953125 0.029947916666666668 0.029947916666666668
0 0.8932291666666666 0.5475260416666666 0.015625 0.014322916666666666
0 0.35546875 0.935546875 0.015625 0.016927083333333332
0 0.15559895833333334 0.91015625 0.01171875 0.013020833333333334
0 0.9016927083333334 0.4361979166666667 0.01171875 0.015625
0 0.9466145833333334 0.345703125 0.010416666666666666 0.01171875
0 0.12109375 0.6022135416666666 0.013020833333333334 0.014322916666666666
0 0.006510416666666667 0.7298177083333334 0.010416666666666666 0.01171875
0 0.96875 0.9270833333333334 0.013020833333333334 0.013020833333333334
0 0.4127604166666667 0.248046875 0.010416666666666666 0.01171875
0 0.9921875 0.9036458333333334 0.010416666666666666 0.013020833333333334
0 0.7903645833333334 0.98828125 0.06770833333333333 0.0234375
0 0.3990885416666667 0.826171875 0.01171875 0.01171875
0 0.283203125 0.193359375 0.01171875 0.01171875
0 0.5787760416666666 0.4954427083333333 0.01171875 0.009114583333333334
0 0.3704427083333333 0.80859375 0.014322916666666666 0.013020833333333334
0 0.28515625 0.19466145833333334 0.009114583333333334 0.009114583333333334
0 0.818359375 0.634765625 0.015625 0.015625
0 0.966796875 0.050130208333333336 0.013020833333333334 0.013020833333333334
0 0.23567708333333334 0.607421875 0.010416666666666666 0.010416666666666666
0 0.3723958333333333 0.8092447916666666 0.009114583333333334 0.009114583333333334
0 0.4166666666666667 0.25 0.010416666666666666 0.010416666666666666
0 0.9485677083333334 0.34765625 0.01171875 0.010416666666666666
0 0.5813802083333334 0.49609375 0.010416666666666666 0.01171875
0 0.9700520833333334 0.9322916666666666 0.014322916666666666 0.014322916666666666
0 0.3170572916666667 0.6634114583333334 0.01171875 0.01171875
0 0.20572916666666666 0.8053385416666666 0.009114583333333334 0.009114583333333334
0 0.6803385416666666 0.4654947916666667 0.010416666666666666 0.010416666666666666
0 0.783203125 0.7669270833333334 0.0078125 0.0078125
0 0.6087239583333334 0.6809895833333334 0.009114583333333334 0.010416666666666666
0 0.20182291666666666 0.357421875 0.009114583333333334 0.009114583333333334
0 0.60546875 0.328125 0.009114583333333334 0.009114583333333334
0 0.3092447916666667 0.9244791666666666 0.0078125 0.009114583333333334