0 0.9453125 0.244140625 0.015625 0.01953125
0 0.740234375 0.6028645833333334 0.055989583333333336 0.057291666666666664
0 0.5690104166666666 0.6803385416666666 0.06510416666666667 0.05859375
0 0.49609375 0.5123697916666666 0.041666666666666664 0.032552083333333336
0 0.4069010416666667 0.5846354166666666 0.032552083333333336 0.03125
0 0.4361979166666667 0.662109375 0.013020833333333334 0.01953125
0 0.68359375 0.8606770833333334 0.026041666666666668 0.028645833333333332
0 0.716796875 0.935546875 0.016927083333333332 0.022135416666666668
0 0.859375 0.10416666666666667 0.013020833333333334 0.013020833333333334
0 0.767578125 0.3723958333333333 0.11848958333333333 0.11458333333333333
0 0.224609375 0.07747395833333333 0.01953125 0.01953125
0 0.224609375 0.01953125 0.01953125 0.013020833333333334
0 0.162109375 0.045572916666666664 0.014322916666666666 0.013020833333333334
0 0.07291666666666667 0.17903645833333334 0.12760416666666666 0.14973958333333334
0 0.3059895833333333 0.59375 0.013020833333333334 0.015625
0 0.283203125 0.6380208333333334 0.01953125 0.0234375
0 0.19791666666666666 0.94140625 0.020833333333333332 0.018229166666666668
0 0.8359375 0.6712239583333334 0.018229166666666668 0.014322916666666666
0 0.10026041666666667 0.76953125 0.018229166666666668 0.015625
0 0.03515625 0.814453125 0.044270833333333336 0.05078125
0 0.701171875 0.9765625 0.016927083333333332 0.026041666666666668
0 0.4140625 0.990234375 0.028645833333333332 0.01171875
0 0.049479166666666664 0.5904947916666666 0.015625 0.01953125
0 0.3665364583333333 0.3404947916666667 0.024739583333333332 0.01953125
0 0.1328125 0.8372395833333334 0.020833333333333332 0.020833333333333332