0 0.24088541666666666 0.380859375 0.015625 0.016927083333333332
0 0.2708333333333333 0.4153645833333333 0.07291666666666667 0.06770833333333333
0 0.08658854166666667 0.5709635416666666 0.016927083333333332 0.016927083333333332
0 0.21158854166666666 0.8098958333333334 0.045572916666666664 0.049479166666666664
0 0.2740885416666667 0.8294270833333334 0.02734375 0.028645833333333332
0 0.4407552083333333 0.4381510416666667 0.06380208333333333 0.055989583333333336
0 0.4036458333333333 0.7688802083333334 0.026041666666666668 0.032552083333333336
0 0.036458333333333336 0.765625 0.018229166666666668 0.013020833333333334
0 0.8561197916666666 0.720703125 0.016927083333333332 0.022135416666666668
0 0.890625 0.6920572916666666 0.16927083333333334 0.16536458333333334
0 0.20833333333333334 0.21419270833333334 0.020833333333333332 0.022135416666666668
0 0.23697916666666666 0.013020833333333334 0.033854166666666664 0.0234375
0 0.3854166666666667 0.216796875 0.028645833333333332 0.02734375
0 0.4583333333333333 0.23893229166666666 0.026041666666666668 0.024739583333333332
0 0.89453125 0.091796875 0.020833333333333332 0.01953125
0 0.92578125 0.15690104166666666 0.015625 0.014322916666666666
0 0.8782552083333334 0.2701822916666667 0.045572916666666664 0.040364583333333336
0 0.87890625 0.3151041666666667 0.026041666666666668 0.0234375
0 0.8450520833333334 0.87890625 0.046875 0.0546875
0 0.298828125 0.904296875 0.016927083333333332 0.016927083333333332
0 0.9029947916666666 0.9348958333333334 0.029947916666666668 0.0390625
0 0.5227864583333334 0.9817708333333334 0.016927083333333332 0.018229166666666668
0 0.6901041666666666 0.5833333333333334 0.052083333333333336 0.052083333333333336
0 0.6875 0.2545572916666667 0.015625 0.01953125
0 0.6002604166666666 0.044921875 0.015625 0.016927083333333332
0 0.3743489583333333 0.17057291666666666 0.01953125 0.018229166666666668
0 0.4303385416666667 0.5930989583333334 0.01171875 0.014322916666666666
0 0.8463541666666666 0.9505208333333334 0.013020833333333334 0.015625
0 0.583984375 0.6627604166666666 0.055989583333333336 0.052083333333333336
0 0.6497395833333334 0.6451822916666666 0.015625 0.014322916666666666
0 0.10807291666666667 0.6354166666666666 0.033854166666666664 0.036458333333333336
0 0.4420572916666667 0.005208333333333333 0.01953125 0.0078125
0 0.9446614583333334 0.13802083333333334 0.11067708333333333 0.1328125
0 0.7493489583333334 0.9817708333333334 0.09244791666666667 0.036458333333333336
0 0.3795572916666667 0.9895833333333334 0.05078125 0.020833333333333332
0 0.9876302083333334 0.8365885416666666 0.024739583333333332 0.02734375
0 0.7083333333333334 0.4186197916666667 0.013020833333333334 0.014322916666666666
0 0.8606770833333334 0.453125 0.010416666666666666 0.010416666666666666
0 0.11067708333333333 0.3802083333333333 0.013020833333333334 0.013020833333333334
0 0.0703125 0.4837239583333333 0.013020833333333334 0.01171875
0 0.15299479166666666 0.20442708333333334 0.014322916666666666 0.013020833333333334
0 0.3098958333333333 0.3509114583333333 0.010416666666666666 0.01171875
0 0.6015625 0.4147135416666667 0.013020833333333334 0.01171875
0 0.7369791666666666 0.6028645833333334 0.010416666666666666 0.010416666666666666
0 0.8880208333333334 0.8092447916666666 0.010416666666666666 0.01171875
0 0.9427083333333334 0.8203125 0.010416666666666666 0.013020833333333334
0 0.8502604166666666 0.931640625 0.010416666666666666 0.009114583333333334
0 0.6171875 0.8424479166666666 0.013020833333333334 0.010416666666666666