0 0.9153645833333334 0.3359375 0.028645833333333332 0.033854166666666664
0 0.94921875 0.020182291666666668 0.046875 0.037760416666666664
0 0.9186197916666666 0.4153645833333333 0.024739583333333332 0.028645833333333332
0 0.7916666666666666 0.359375 0.0234375 0.0234375
0 0.7858072916666666 0.4622395833333333 0.048177083333333336 0.052083333333333336
0 0.7141927083333334 0.447265625 0.048177083333333336 0.048177083333333336
0 0.5305989583333334 0.3053385416666667 0.032552083333333336 0.032552083333333336
0 0.4811197916666667 0.052083333333333336 0.13671875 0.09114583333333333
0 0.3580729166666667 0.1328125 0.026041666666666668 0.028645833333333332
0 0.3072916666666667 0.045572916666666664 0.015625 0.026041666666666668
0 0.494140625 0.568359375 0.13151041666666666 0.11588541666666667
0 0.251953125 0.010416666666666666 0.03515625 0.018229166666666668
0 0.21809895833333334 0.06380208333333333 0.01953125 0.020833333333333332
0 0.2766927083333333 0.12565104166666666 0.05859375 0.06380208333333333
0 0.24088541666666666 0.2565104166666667 0.0390625 0.044270833333333336
0 0.26953125 0.4348958333333333 0.0234375 0.020833333333333332
0 0.17903645833333334 0.580078125 0.01953125 0.024739583333333332
0 0.10807291666666667 0.5143229166666666 0.0234375 0.026041666666666668
0 0.5807291666666666 0.6946614583333334 0.020833333333333332 0.01953125
0 0.6901041666666666 0.376953125 0.018229166666666668 0.022135416666666668
0 0.9407552083333334 0.818359375 0.01953125 0.022135416666666668
0 0.18033854166666666 0.5201822916666666 0.13411458333333334 0.14453125
0 0.07747395833333333 0.8248697916666666 0.024739583333333332 0.029947916666666668
0 0.03515625 0.8170572916666666 0.020833333333333332 0.01953125
0 0.5774739583333334 0.9290364583333334 0.04296875 0.03515625
0 0.8919270833333334 0.904296875 0.044270833333333336 0.048177083333333336
0 0.09114583333333333 0.216796875 0.16927083333333334 0.40234375
0 0.4654947916666667 0.7467447916666666 0.01953125 0.016927083333333332
0 0.9635416666666666 0.7688802083333334 0.018229166666666668 0.014322916666666666
0 0.9283854166666666 0.047526041666666664 0.013020833333333334 0.014322916666666666
0 0.8333333333333334 0.033854166666666664 0.015625 0.015625
0 0.994140625 0.3255208333333333 0.009114583333333334 0.026041666666666668
0 0.5182291666666666 0.3268229166666667 0.018229166666666668 0.013020833333333334
0 0.8893229166666666 0.408203125 0.08854166666666667 0.09244791666666667
0 0.13541666666666666 0.19921875 0.018229166666666668 0.018229166666666668
0 0.509765625 0.7643229166666666 0.016927083333333332 0.013020833333333334
0 0.3385416666666667 0.4869791666666667 0.013020833333333334 0.013020833333333334
0 0.560546875 0.3671875 0.01171875 0.013020833333333334
0 0.6100260416666666 0.08723958333333333 0.014322916666666666 0.015625
0 0.9934895833333334 0.25 0.010416666666666666 0.013020833333333334
0 0.900390625 0.7747395833333334 0.014322916666666666 0.015625
0 0.7578125 0.8313802083333334 0.015625 0.014322916666666666
0 0.8072916666666666 0.6087239583333334 0.013020833333333334 0.014322916666666666
0 0.020833333333333332 0.2916666666666667 0.015625 0.015625
0 0.030598958333333332 0.3268229166666667 0.014322916666666666 0.013020833333333334