0 0.004557291666666667 0.3522135416666667 0.009114583333333334 0.03515625
0 0.11161041259765625 0.33364661534627277 0.028932631015777588 0.029488205909729004
0 0.04596710205078125 0.5575860341389974 0.026368439197540283 0.02666759490966797
0 0.5095729827880859 0.8420403798421224 0.040941596031188965 0.041561275720596313
0 0.4418783187866211 0.6663077672322592 0.034958481788635254 0.034424275159835815
0 0.37760257720947266 0.9329837163289388 0.026154756546020508 0.02604791522026062
0 0.5820541381835938 0.7750295003255209 0.032351553440093994 0.03324902057647705
0 0.12938880920410156 0.8789647420247396 0.029039472341537476 0.02959504723548889
0 0.03502655029296875 0.6957105000813802 0.026368439197540283 0.02596244215965271
0 0.7571029663085938 0.3490317662556966 0.38907337188720703 0.33608007431030273
0 0.7215461730957031 0.804432233174642 0.09060144424438477 0.09350752830505371
0 0.0698995590209961 0.6382726033528646 0.023740142583847046 0.023376882076263428
0 0.38102149963378906 0.36886151631673175 0.021549895405769348 0.02163536846637726
0 0.33110523223876953 0.21569379170735678 0.021881103515625 0.02196657657623291
0 0.8418922424316406 0.9678567250569662 0.023740142583847046 0.023654669523239136
0 0.4015350341796875 0.4515994389851888 0.020022064447402954 0.02065242826938629
0 0.04665088653564453 0.08543284734090169 0.019487857818603516 0.01971222460269928
0 0.9882221221923828 0.07363756497701009 0.02172084152698517 0.021304160356521606
0 0.171783447265625 0.3168938954671224 0.019338279962539673 0.020812690258026123
0 0.990234375 0.9856770833333334 0.01953125 0.020833333333333332
0 0.98138427734375 0.0450895627339681 0.02596244215965271 0.025748759508132935
0 0.24348958333333334 0.990234375 0.0234375 0.01953125
0 0.9690761566162109 0.8208430608113607 0.021304160356521606 0.02205204963684082
0 0.6463298797607422 0.6916077931722006 0.021389633417129517 0.021218687295913696
0 0.3611917495727539 0.6170752843221029 0.026368439197540283 0.026154756546020508
0 0.8856544494628906 0.9842675526936849 0.02033190429210663 0.021475106477737427
0 0.032975196838378906 0.17945321400960287 0.019338279962539673 0.01926349103450775
0 0.15605640411376953 0.8994782765706381 0.020022064447402954 0.02196657657623291
0 0.1861429214477539 0.45570214589436847 0.021304160356521606 0.021218687295913696
0 0.6873569488525391 0.1644099553426107 0.023376882076263428 0.02258625626564026
0 0.33725929260253906 0.9562323888142904 0.019562646746635437 0.02049216628074646
0 0.10203742980957031 0.9685405095418295 0.02041737735271454 0.021218687295913696
0 0.6692708333333334 0.9895833333333334 0.020833333333333332 0.020833333333333332
0 0.3256349563598633 0.8803323109944662 0.026154756546020508 0.02604791522026062
0 0.06306171417236328 0.8762296040852865 0.0229281485080719 0.023654669523239136
0 0.7625732421875 0.8297322591145834 0.02412477135658264 0.02250078320503235
0 0.04186439514160156 0.7880214055379232 0.018814757466316223 0.01918870210647583
0 0.6955623626708984 0.8960593541463217 0.02163536846637726 0.021304160356521606
0 0.9731788635253906 0.6827185948689779 0.021218687295913696 0.021389633417129517
0 0.076171875 0.994140625 0.01953125 0.01171875