0 0.6640625 0.10546875 0.03125 0.03125
0 0.50390625 0.06705729166666667 0.028645833333333332 0.02734375
0 0.4908854166666667 0.3548177083333333 0.0234375 0.022135416666666668
0 0.490234375 0.443359375 0.045572916666666664 0.04296875
0 0.43359375 0.490234375 0.0234375 0.01953125
0 0.107421875 0.58984375 0.053385416666666664 0.046875
0 0.7805989583333334 0.6334635416666666 0.03515625 0.03515625
0 0.6731770833333334 0.23307291666666666 0.049479166666666664 0.046875
0 0.011067708333333334 0.4212239583333333 0.014322916666666666 0.01171875
0 0.19205729166666666 0.18424479166666666 0.016927083333333332 0.014322916666666666
0 0.11067708333333333 0.3912760416666667 0.015625 0.014322916666666666
0 0.50390625 0.7994791666666666 0.171875 0.16666666666666666
0 0.12239583333333333 0.9075520833333334 0.026041666666666668 0.026041666666666668
0 0.07356770833333333 0.9778645833333334 0.07421875 0.044270833333333336
0 0.17447916666666666 0.2936197916666667 0.028645833333333332 0.02734375
0 0.125 0.3515625 0.015625 0.015625
0 0.4934895833333333 0.513671875 0.018229166666666668 0.01953125
0 0.443359375 0.6022135416666666 0.016927083333333332 0.016927083333333332
0 0.5481770833333334 0.6048177083333334 0.015625 0.016927083333333332
0 0.7669270833333334 0.3470052083333333 0.11458333333333333 0.10286458333333333
0 0.8046875 0.3333333333333333 0.020833333333333332 0.020833333333333332
0 0.8326822916666666 0.09830729166666667 0.016927083333333332 0.014322916666666666
0 0.8782552083333334 0.1640625 0.055989583333333336 0.052083333333333336
0 0.8079427083333334 0.1015625 0.01953125 0.018229166666666668
0 0.9264322916666666 0.6569010416666666 0.01953125 0.016927083333333332
0 0.375 0.7044270833333334 0.020833333333333332 0.020833333333333332
0 0.4368489583333333 0.88671875 0.11067708333333333 0.1015625
0 0.193359375 0.8639322916666666 0.024739583333333332 0.022135416666666668
0 0.578125 0.685546875 0.015625 0.016927083333333332
0 0.103515625 0.3645833333333333 0.016927083333333332 0.013020833333333334
0 0.109375 0.3528645833333333 0.010416666666666666 0.010416666666666666
0 0.1328125 0.3977864583333333 0.2630208333333333 0.3372395833333333
0 0.4837239583333333 0.3984375 0.01171875 0.013020833333333334
0 0.4459635416666667 0.4654947916666667 0.014322916666666666 0.014322916666666666
0 0.6223958333333334 0.5520833333333334 0.033854166666666664 0.028645833333333332
0 0.669921875 0.45703125 0.05078125 0.049479166666666664
0 0.474609375 0.455078125 0.42578125 0.4700520833333333
0 0.5891927083333334 0.8645833333333334 0.01953125 0.018229166666666668
0 0.98046875 0.77734375 0.015625 0.015625
0 0.947265625 0.8177083333333334 0.009114583333333334 0.010416666666666666
0 0.943359375 0.7916666666666666 0.009114583333333334 0.010416666666666666
0 0.8834635416666666 0.9485677083333334 0.08984375 0.07682291666666667
0 0.9264322916666666 0.19596354166666666 0.14713541666666666 0.3216145833333333
0 0.4544270833333333 0.15234375 0.010416666666666666 0.010416666666666666
0 0.88671875 0.4505208333333333 0.013020833333333334 0.013020833333333334