0 0.06380208333333333 0.01171875 0.026041666666666668 0.0234375
0 0.271484375 0.5774739583333334 0.029947916666666668 0.032552083333333336
0 0.009114583333333334 0.3502604166666667 0.018229166666666668 0.036458333333333336
0 0.80859375 0.9505208333333334 0.03125 0.037760416666666664
0 0.4973958333333333 0.927734375 0.02734375 0.026041666666666668
0 0.392578125 0.14583333333333334 0.024739583333333332 0.028645833333333332
0 0.13802083333333334 0.396484375 0.037760416666666664 0.041666666666666664
0 0.796875 0.8860677083333334 0.024739583333333332 0.02734375
0 0.21744791666666666 0.14973958333333334 0.032552083333333336 0.028645833333333332
0 0.84375 0.8294270833333334 0.0234375 0.024739583333333332
0 0.2799479166666667 0.4713541666666667 0.03515625 0.037760416666666664
0 0.6471354166666666 0.8958333333333334 0.024739583333333332 0.03125
0 0.880859375 0.4713541666666667 0.0234375 0.0234375
0 0.2604166666666667 0.9329427083333334 0.02734375 0.03125
0 0.6295572916666666 0.4993489583333333 0.040364583333333336 0.052083333333333336
0 0.054036458333333336 0.8912760416666666 0.03125 0.03125
0 0.6041666666666666 0.6998697916666666 0.03515625 0.040364583333333336
0 0.8717447916666666 0.4420572916666667 0.028645833333333332 0.02734375
0 0.744140625 0.5084635416666666 0.0234375 0.0234375
0 0.8802083333333334 0.6119791666666666 0.026041666666666668 0.024739583333333332
0 0.053385416666666664 0.8177083333333334 0.0390625 0.046875
0 0.9811197916666666 0.865234375 0.037760416666666664 0.037760416666666664
0 0.55859375 0.6223958333333334 0.022135416666666668 0.022135416666666668
0 0.130859375 0.6725260416666666 0.11067708333333333 0.10546875