0 0.6686197916666666 0.3548177083333333 0.07421875 0.06901041666666667
0 0.050130208333333336 0.4303385416666667 0.032552083333333336 0.03515625
0 0.024088541666666668 0.26953125 0.032552083333333336 0.028645833333333332
0 0.2578125 0.23502604166666666 0.15104166666666666 0.14973958333333334
0 0.18229166666666666 0.6640625 0.078125 0.08072916666666667
0 0.23177083333333334 0.720703125 0.0703125 0.06640625
0 0.306640625 0.814453125 0.08984375 0.08463541666666667
0 0.5143229166666666 0.9192708333333334 0.15625 0.13541666666666666
0 0.310546875 0.6393229166666666 0.022135416666666668 0.020833333333333332
0 0.388671875 0.4954427083333333 0.04296875 0.045572916666666664
0 0.23111979166666666 0.66015625 0.040364583333333336 0.036458333333333336
0 0.4609375 0.640625 0.0234375 0.0234375
0 0.298828125 0.7161458333333334 0.024739583333333332 0.018229166666666668
0 0.13671875 0.7180989583333334 0.0234375 0.022135416666666668
0 0.4713541666666667 0.921875 0.026041666666666668 0.026041666666666668
0 0.630859375 0.7721354166666666 0.01953125 0.0234375
0 0.8014322916666666 0.7591145833333334 0.18098958333333334 0.18229166666666666
0 0.78125 0.4778645833333333 0.06510416666666667 0.06770833333333333
0 0.6399739583333334 0.4602864583333333 0.053385416666666664 0.05078125
0 0.9244791666666666 0.337890625 0.013020833333333334 0.016927083333333332
0 0.3483072916666667 0.14192708333333334 0.01953125 0.018229166666666668
0 0.3470052083333333 0.208984375 0.014322916666666666 0.01953125
0 0.9576822916666666 0.060546875 0.06380208333333333 0.06380208333333333
0 0.888671875 0.083984375 0.01953125 0.016927083333333332
0 0.12109375 0.150390625 0.22916666666666666 0.2799479166666667
0 0.4733072916666667 0.423828125 0.029947916666666668 0.032552083333333336
0 0.4921875 0.423828125 0.08333333333333333 0.08463541666666667
0 0.6751302083333334 0.9518229166666666 0.06901041666666667 0.057291666666666664
0 0.15364583333333334 0.3912760416666667 0.018229166666666668 0.01953125
0 0.44921875 0.1015625 0.013020833333333334 0.013020833333333334
0 0.4876302083333333 0.13932291666666666 0.01953125 0.015625
0 0.4205729166666667 0.2805989583333333 0.018229166666666668 0.01953125
0 0.8639322916666666 0.22395833333333334 0.01953125 0.015625
0 0.8313802083333334 0.515625 0.2513020833333333 0.2552083333333333
0 0.134765625 0.4869791666666667 0.014322916666666666 0.015625
0 0.043619791666666664 0.042317708333333336 0.016927083333333332 0.014322916666666666
0 0.056640625 0.16927083333333334 0.014322916666666666 0.013020833333333334
0 0.5390625 0.049479166666666664 0.015625 0.015625
0 0.154296875 0.345703125 0.016927083333333332 0.016927083333333332
0 0.20247395833333334 0.30859375 0.016927083333333332 0.013020833333333334
0 0.5677083333333334 0.28515625 0.015625 0.015625
0 0.7180989583333334 0.228515625 0.014322916666666666 0.014322916666666666
0 0.22916666666666666 0.22591145833333334 0.013020833333333334 0.009114583333333334
0 0.8997395833333334 0.7473958333333334 0.020833333333333332 0.018229166666666668
0 0.9772135416666666 0.7063802083333334 0.014322916666666666 0.014322916666666666
0 0.006510416666666667 0.9114583333333334 0.010416666666666666 0.0078125