0 0.5631510416666666 0.353515625 0.01953125 0.01953125
0 0.7200520833333334 0.4401041666666667 0.018229166666666668 0.0234375
0 0.091796875 0.205078125 0.048177083333333336 0.04296875
0 0.146484375 0.21809895833333334 0.01953125 0.022135416666666668
0 0.033203125 0.4166666666666667 0.014322916666666666 0.0234375
0 0.0390625 0.4375 0.013020833333333334 0.013020833333333334
0 0.4075520833333333 0.357421875 0.020833333333333332 0.01953125
0 0.4388020833333333 0.3821614583333333 0.018229166666666668 0.01953125
0 0.6354166666666666 0.505859375 0.03125 0.032552083333333336
0 0.8463541666666666 0.4186197916666667 0.0390625 0.040364583333333336
0 0.8014322916666666 0.4765625 0.053385416666666664 0.052083333333333336
0 0.95703125 0.5481770833333334 0.026041666666666668 0.026041666666666668
0 0.62890625 0.4342447916666667 0.020833333333333332 0.01953125
0 0.841796875 0.5546875 0.02734375 0.026041666666666668
0 0.857421875 0.66796875 0.032552083333333336 0.028645833333333332
0 0.5924479166666666 0.498046875 0.026041666666666668 0.022135416666666668
0 0.5501302083333334 0.390625 0.01953125 0.0234375
0 0.7467447916666666 0.20703125 0.4778645833333333 0.3984375
0 0.4173177083333333 0.4095052083333333 0.016927083333333332 0.016927083333333332
0 0.7643229166666666 0.525390625 0.03125 0.02734375
0 0.8580729166666666 0.6139322916666666 0.020833333333333332 0.01953125
0 0.9674479166666666 0.5748697916666666 0.0234375 0.01953125
0 0.859375 0.5377604166666666 0.020833333333333332 0.020833333333333332
0 0.8580729166666666 0.591796875 0.020833333333333332 0.016927083333333332