0 0.27734375 0.3444010416666667 0.0234375 0.022135416666666668
0 0.3151041666666667 0.15364583333333334 0.028645833333333332 0.03125
0 0.20638020833333334 0.087890625 0.08723958333333333 0.07942708333333333
0 0.3411458333333333 0.05859375 0.020833333333333332 0.020833333333333332
0 0.4127604166666667 0.010416666666666666 0.036458333333333336 0.018229166666666668
0 0.6608072916666666 0.041666666666666664 0.05078125 0.0546875
0 0.15494791666666666 0.59765625 0.018229166666666668 0.018229166666666668
0 0.2805989583333333 0.6803385416666666 0.055989583333333336 0.055989583333333336
0 0.55078125 0.6236979166666666 0.026041666666666668 0.0234375
0 0.8483072916666666 0.71875 0.01953125 0.020833333333333332
0 0.8815104166666666 0.7408854166666666 0.018229166666666668 0.018229166666666668
0 0.9817708333333334 0.7923177083333334 0.026041666666666668 0.024739583333333332
0 0.8971354166666666 0.8665364583333334 0.03125 0.02734375
0 0.2845052083333333 0.7486979166666666 0.09244791666666667 0.078125
0 0.20768229166666666 0.74609375 0.08203125 0.08854166666666667
0 0.13541666666666666 0.9440104166666666 0.0234375 0.0234375
0 0.008463541666666666 0.681640625 0.014322916666666666 0.014322916666666666
0 0.5826822916666666 0.4524739583333333 0.08984375 0.12369791666666667
0 0.498046875 0.8359375 0.014322916666666666 0.015625
0 0.33984375 0.87890625 0.015625 0.015625
0 0.7467447916666666 0.9114583333333334 0.23307291666666666 0.17708333333333334
0 0.150390625 0.4251302083333333 0.016927083333333332 0.014322916666666666
0 0.5384114583333334 0.892578125 0.016927083333333332 0.016927083333333332
0 0.751953125 0.10221354166666667 0.01953125 0.01953125
0 0.8567708333333334 0.6419270833333334 0.2864583333333333 0.2916666666666667
0 0.022135416666666668 0.057942708333333336 0.041666666666666664 0.09765625
0 0.466796875 0.09375 0.03515625 0.033854166666666664
0 0.026041666666666668 0.8092447916666666 0.010416666666666666 0.01171875
0 0.044921875 0.818359375 0.01171875 0.009114583333333334
0 0.8743489583333334 0.822265625 0.07942708333333333 0.07161458333333333
0 0.8880208333333334 0.22265625 0.22395833333333334 0.390625
0 0.24348958333333334 0.8951822916666666 0.013020833333333334 0.014322916666666666
0 0.20768229166666666 0.939453125 0.014322916666666666 0.01171875
0 0.3059895833333333 0.9368489583333334 0.013020833333333334 0.01171875
0 0.5227864583333334 0.8977864583333334 0.01171875 0.01171875