0 0.5390625 0.173828125 0.0390625 0.037760416666666664
0 0.033854166666666664 0.10286458333333333 0.015625 0.015625
0 0.020833333333333332 0.035807291666666664 0.015625 0.016927083333333332
0 0.4733072916666667 0.3834635416666667 0.029947916666666668 0.029947916666666668
0 0.4720052083333333 0.4205729166666667 0.045572916666666664 0.0390625
0 0.010416666666666666 0.58203125 0.018229166666666668 0.0234375
0 0.017578125 0.24739583333333334 0.016927083333333332 0.018229166666666668
0 0.599609375 0.040364583333333336 0.024739583333333332 0.0234375
0 0.87890625 0.17643229166666666 0.1171875 0.11067708333333333
0 0.7174479166666666 0.23177083333333334 0.015625 0.013020833333333334
0 0.2760416666666667 0.6588541666666666 0.078125 0.0859375
0 0.43359375 0.5930989583333334 0.026041666666666668 0.024739583333333332
0 0.5260416666666666 0.5891927083333334 0.036458333333333336 0.037760416666666664
0 0.5657552083333334 0.5891927083333334 0.040364583333333336 0.05078125
0 0.6399739583333334 0.6451822916666666 0.024739583333333332 0.032552083333333336
0 0.4915364583333333 0.6686197916666666 0.024739583333333332 0.01953125
0 0.3125 0.82421875 0.026041666666666668 0.026041666666666668
0 0.16666666666666666 0.89453125 0.03125 0.028645833333333332
0 0.5716145833333334 0.7063802083333334 0.0234375 0.024739583333333332
0 0.7890625 0.30078125 0.0390625 0.033854166666666664
0 0.8984375 0.240234375 0.026041666666666668 0.022135416666666668
0 0.8072916666666666 0.7916666666666666 0.10416666666666667 0.10416666666666667
0 0.6061197916666666 0.9498697916666666 0.12630208333333334 0.10026041666666667
0 0.115234375 0.05859375 0.014322916666666666 0.013020833333333334
0 0.03515625 0.345703125 0.013020833333333334 0.014322916666666666
0 0.14973958333333334 0.3203125 0.013020833333333334 0.013020833333333334
0 0.3548177083333333 0.4270833333333333 0.01171875 0.013020833333333334
0 0.2942708333333333 0.5 0.013020833333333334 0.013020833333333334
0 0.013020833333333334 0.5071614583333334 0.013020833333333334 0.01171875
0 0.2669270833333333 0.625 0.015625 0.013020833333333334
0 0.171875 0.693359375 0.010416666666666666 0.01171875
0 0.4296875 0.6803385416666666 0.015625 0.016927083333333332
0 0.2265625 0.7936197916666666 0.010416666666666666 0.01171875
0 0.31640625 0.75390625 0.010416666666666666 0.010416666666666666
0 0.2923177083333333 0.9609375 0.009114583333333334 0.010416666666666666
0 0.6809895833333334 0.8561197916666666 0.018229166666666668 0.016927083333333332
0 0.6888020833333334 0.8014322916666666 0.018229166666666668 0.016927083333333332
0 0.6015625 0.796875 0.015625 0.013020833333333334
0 0.5911458333333334 0.8606770833333334 0.015625 0.013020833333333334
0 0.5768229166666666 0.87109375 0.013020833333333334 0.013020833333333334
0 0.6907552083333334 0.6692708333333334 0.01171875 0.010416666666666666
0 0.8372395833333334 0.6015625 0.013020833333333334 0.013020833333333334
0 0.9296875 0.7610677083333334 0.015625 0.01171875
0 0.8138020833333334 0.353515625 0.015625 0.014322916666666666
0 0.8268229166666666 0.3880208333333333 0.013020833333333334 0.013020833333333334
0 0.8626302083333334 0.3821614583333333 0.01171875 0.01171875
0 0.8059895833333334 0.2552083333333333 0.013020833333333334 0.010416666666666666
0 0.6985677083333334 0.004557291666666667 0.01953125 0.006510416666666667
0 0.689453125 0.046875 0.014322916666666666 0.010416666666666666
0 0.271484375 0.01171875 0.01171875 0.010416666666666666