0 0.22265625 0.5416666666666666 0.026041666666666668 0.0234375
0 0.4596354166666667 0.908203125 0.0390625 0.040364583333333336
0 0.115234375 0.8834635416666666 0.01953125 0.022135416666666668
0 0.09505208333333333 0.3470052083333333 0.1171875 0.12890625
0 0.057291666666666664 0.3828125 0.015625 0.015625
0 0.3138020833333333 0.5299479166666666 0.09635416666666667 0.09114583333333333
0 0.3580729166666667 0.5169270833333334 0.028645833333333332 0.028645833333333332
0 0.2109375 0.4303385416666667 0.08854166666666667 0.08463541666666667
0 0.123046875 0.5201822916666666 0.11328125 0.11328125
0 0.4010416666666667 0.21223958333333334 0.015625 0.018229166666666668
0 0.2981770833333333 0.126953125 0.020833333333333332 0.022135416666666668
0 0.5423177083333334 0.5690104166666666 0.022135416666666668 0.0234375
0 0.7154947916666666 0.1796875 0.10807291666666667 0.14322916666666666
0 0.6555989583333334 0.3463541666666667 0.016927083333333332 0.018229166666666668
0 0.5305989583333334 0.10611979166666667 0.022135416666666668 0.024739583333333332
0 0.7955729166666666 0.6119791666666666 0.020833333333333332 0.020833333333333332
0 0.9127604166666666 0.55859375 0.020833333333333332 0.020833333333333332
0 0.9055989583333334 0.025390625 0.045572916666666664 0.03515625
0 0.140625 0.0234375 0.028645833333333332 0.03125
0 0.326171875 0.026692708333333332 0.05859375 0.045572916666666664
0 0.4524739583333333 0.055989583333333336 0.014322916666666666 0.015625
0 0.3743489583333333 0.6796875 0.014322916666666666 0.015625
0 0.9446614583333334 0.62109375 0.01953125 0.0234375
0 0.8600260416666666 0.9524739583333334 0.032552083333333336 0.02734375
0 0.9225260416666666 0.8248697916666666 0.01953125 0.016927083333333332
0 0.8483072916666666 0.4602864583333333 0.016927083333333332 0.014322916666666666
0 0.9055989583333334 0.4889322916666667 0.01953125 0.01953125
0 0.8951822916666666 0.3404947916666667 0.024739583333333332 0.024739583333333332
0 0.916015625 0.4049479166666667 0.12890625 0.14322916666666666
0 0.9505208333333334 0.3522135416666667 0.06770833333333333 0.07161458333333333
0 0.556640625 0.6126302083333334 0.016927083333333332 0.01953125
0 0.8014322916666666 0.3313802083333333 0.01953125 0.01953125
0 0.8274739583333334 0.314453125 0.01953125 0.024739583333333332
0 0.4368489583333333 0.4231770833333333 0.01953125 0.018229166666666668
0 0.9576822916666666 0.9049479166666666 0.01953125 0.018229166666666668
0 0.005208333333333333 0.8430989583333334 0.0078125 0.03515625
0 0.014973958333333334 0.5266927083333334 0.02734375 0.053385416666666664
0 0.0234375 0.6412760416666666 0.044270833333333336 0.09505208333333333
0 0.8014322916666666 0.19075520833333334 0.016927083333333332 0.01953125
0 0.03515625 0.4485677083333333 0.013020833333333334 0.014322916666666666
0 0.041015625 0.3079427083333333 0.01171875 0.014322916666666666
0 0.33984375 0.5247395833333334 0.018229166666666668 0.0234375
0 0.4563802083333333 0.708984375 0.016927083333333332 0.01171875
0 0.185546875 0.84765625 0.014322916666666666 0.015625
0 0.7662760416666666 0.5078125 0.014322916666666666 0.013020833333333334
0 0.7819010416666666 0.3704427083333333 0.01171875 0.014322916666666666
0 0.7096354166666666 0.5299479166666666 0.013020833333333334 0.013020833333333334