0 0.7975260416666666 0.296875 0.032552083333333336 0.044270833333333336
0 0.619140625 0.09830729166666667 0.029947916666666668 0.02734375
0 0.3971354166666667 0.103515625 0.13020833333333334 0.14973958333333334
0 0.4264322916666667 0.15299479166666666 0.037760416666666664 0.040364583333333336
0 0.21028645833333334 0.29296875 0.02734375 0.03125
0 0.22916666666666666 0.7415364583333334 0.046875 0.053385416666666664
0 0.154296875 0.7174479166666666 0.029947916666666668 0.028645833333333332
0 0.544921875 0.400390625 0.022135416666666668 0.01953125
0 0.8411458333333334 0.01171875 0.0234375 0.020833333333333332
0 0.935546875 0.5787760416666666 0.040364583333333336 0.037760416666666664
0 0.3977864583333333 0.576171875 0.01953125 0.01953125
0 0.3834635416666667 0.767578125 0.016927083333333332 0.01953125
0 0.3515625 0.318359375 0.020833333333333332 0.022135416666666668
0 0.3138020833333333 0.892578125 0.018229166666666668 0.01953125
0 0.2688802083333333 0.595703125 0.016927083333333332 0.014322916666666666
0 0.107421875 0.3932291666666667 0.01953125 0.020833333333333332
0 0.025390625 0.7265625 0.01953125 0.020833333333333332
0 0.314453125 0.798828125 0.01953125 0.01953125
0 0.458984375 0.6178385416666666 0.014322916666666666 0.014322916666666666
0 0.501953125 0.8157552083333334 0.014322916666666666 0.014322916666666666
0 0.14713541666666666 0.8098958333333334 0.013020833333333334 0.013020833333333334