0 0.4225260416666667 0.6653645833333334 0.048177083333333336 0.046875
0 0.15625 0.990234375 0.026041666666666668 0.016927083333333332
0 0.016276041666666668 0.5559895833333334 0.016927083333333332 0.015625
0 0.11197916666666667 0.4231770833333333 0.018229166666666668 0.018229166666666668
0 0.048828125 0.034505208333333336 0.016927083333333332 0.01171875
0 0.18359375 0.09765625 0.015625 0.015625
0 0.2858072916666667 0.13932291666666666 0.01953125 0.018229166666666668
0 0.279296875 0.5436197916666666 0.022135416666666668 0.01953125
0 0.5559895833333334 0.7513020833333334 0.015625 0.013020833333333334
0 0.654296875 0.9231770833333334 0.024739583333333332 0.0234375
0 0.5774739583333334 0.9908854166666666 0.01953125 0.015625
0 0.64453125 0.5533854166666666 0.015625 0.013020833333333334
0 0.80859375 0.435546875 0.036458333333333336 0.03515625
0 0.77734375 0.6868489583333334 0.0234375 0.022135416666666668
0 0.482421875 0.6282552083333334 0.01171875 0.014322916666666666
0 0.6608072916666666 0.685546875 0.014322916666666666 0.01171875
0 0.6048177083333334 0.7662760416666666 0.01171875 0.01171875
0 0.6321614583333334 0.18359375 0.014322916666666666 0.015625
0 0.751953125 0.08919270833333333 0.029947916666666668 0.029947916666666668
0 0.5475260416666666 0.10677083333333333 0.014322916666666666 0.015625
0 0.935546875 0.64453125 0.016927083333333332 0.015625
0 0.91015625 0.8444010416666666 0.013020833333333334 0.01171875
0 0.4361979166666667 0.09830729166666667 0.015625 0.01171875
0 0.345703125 0.053385416666666664 0.01171875 0.010416666666666666
0 0.6022135416666666 0.87890625 0.014322916666666666 0.013020833333333334
0 0.7298177083333334 0.9934895833333334 0.01171875 0.010416666666666666
0 0.9270833333333334 0.03125 0.013020833333333334 0.013020833333333334
0 0.248046875 0.5872395833333334 0.01171875 0.010416666666666666
0 0.9036458333333334 0.0078125 0.013020833333333334 0.010416666666666666
0 0.98828125 0.20963541666666666 0.0234375 0.06770833333333333
0 0.826171875 0.6009114583333334 0.01171875 0.01171875
0 0.193359375 0.716796875 0.01171875 0.01171875
0 0.4954427083333333 0.4212239583333333 0.009114583333333334 0.01171875
0 0.80859375 0.6295572916666666 0.013020833333333334 0.014322916666666666
0 0.19466145833333334 0.71484375 0.009114583333333334 0.009114583333333334
0 0.634765625 0.181640625 0.015625 0.015625
0 0.050130208333333336 0.033203125 0.013020833333333334 0.013020833333333334
0 0.607421875 0.7643229166666666 0.010416666666666666 0.010416666666666666
0 0.8092447916666666 0.6276041666666666 0.009114583333333334 0.009114583333333334
0 0.25 0.5833333333333334 0.010416666666666666 0.010416666666666666
0 0.34765625 0.051432291666666664 0.010416666666666666 0.01171875
0 0.49609375 0.4186197916666667 0.01171875 0.010416666666666666
0 0.9322916666666666 0.029947916666666668 0.014322916666666666 0.014322916666666666
0 0.6634114583333334 0.6829427083333334 0.01171875 0.01171875
0 0.8053385416666666 0.7942708333333334 0.009114583333333334 0.009114583333333334
0 0.4654947916666667 0.3196614583333333 0.010416666666666666 0.010416666666666666
0 0.7669270833333334 0.216796875 0.0078125 0.0078125
0 0.6809895833333334 0.3912760416666667 0.010416666666666666 0.009114583333333334
0 0.357421875 0.7981770833333334 0.009114583333333334 0.009114583333333334
0 0.328125 0.39453125 0.009114583333333334 0.009114583333333334
0 0.9244791666666666 0.6907552083333334 0.009114583333333334 0.0078125