0 0.7884114583333334 0.2766927083333333 0.032552083333333336 0.032552083333333336
0 0.07682291666666667 0.9583333333333334 0.0234375 0.0234375
0 0.047526041666666664 0.061197916666666664 0.02734375 0.026041666666666668
0 0.043619791666666664 0.14583333333333334 0.037760416666666664 0.036458333333333336
0 0.10416666666666667 0.3046875 0.020833333333333332 0.020833333333333332
0 0.22591145833333334 0.3072916666666667 0.01953125 0.020833333333333332
0 0.3470052083333333 0.3984375 0.01953125 0.018229166666666668
0 0.11393229166666667 0.8626302083333334 0.016927083333333332 0.014322916666666666
0 0.7884114583333334 0.9537760416666666 0.022135416666666668 0.01953125
0 0.9583333333333334 0.06575520833333333 0.013020833333333334 0.014322916666666666
0 0.033854166666666664 0.014322916666666666 0.010416666666666666 0.010416666666666666
0 0.24674479166666666 0.5885416666666666 0.016927083333333332 0.015625
0 0.11328125 0.83984375 0.010416666666666666 0.010416666666666666
0 0.12044270833333333 0.9427083333333334 0.01171875 0.010416666666666666
0 0.0078125 0.5286458333333334 0.013020833333333334 0.013020833333333334
0 0.3567708333333333 0.8014322916666666 0.026041666666666668 0.02734375
0 0.8040364583333334 0.056640625 0.014322916666666666 0.014322916666666666
0 0.3522135416666667 0.306640625 0.01171875 0.01171875
0 0.3815104166666667 0.310546875 0.010416666666666666 0.009114583333333334
0 0.900390625 0.09375 0.01171875 0.013020833333333334