0 0.041015625 0.17578125 0.024739583333333332 0.0234375
0 0.4915364583333333 0.20182291666666666 0.032552083333333336 0.041666666666666664
0 0.7571614583333334 0.064453125 0.05078125 0.048177083333333336
0 0.5696614583333334 0.171875 0.13671875 0.15364583333333334
0 0.25390625 0.66796875 0.026041666666666668 0.026041666666666668
0 0.16145833333333334 0.677734375 0.057291666666666664 0.05859375
0 0.5768229166666666 0.3203125 0.020833333333333332 0.0390625
0 0.4205729166666667 0.673828125 0.018229166666666668 0.016927083333333332
0 0.4908854166666667 0.62109375 0.026041666666666668 0.0234375
0 0.07291666666666667 0.9153645833333334 0.0234375 0.026041666666666668
0 0.3255208333333333 0.3528645833333333 0.026041666666666668 0.03125
0 0.2701822916666667 0.26953125 0.01953125 0.015625
0 0.5729166666666666 0.4290364583333333 0.052083333333333336 0.055989583333333336
0 0.8444010416666666 0.3984375 0.029947916666666668 0.020833333333333332
0 0.7701822916666666 0.53125 0.09244791666666667 0.09114583333333333
0 0.8118489583333334 0.6516927083333334 0.08723958333333333 0.09765625
0 0.95703125 0.66015625 0.026041666666666668 0.028645833333333332
0 0.9622395833333334 0.69140625 0.018229166666666668 0.018229166666666668
0 0.6171875 0.08528645833333333 0.018229166666666668 0.01953125
0 0.0234375 0.6796875 0.018229166666666668 0.015625
0 0.15950520833333334 0.9173177083333334 0.045572916666666664 0.04296875
0 0.3326822916666667 0.8372395833333334 0.02734375 0.0390625
0 0.22395833333333334 0.673828125 0.013020833333333334 0.016927083333333332
0 0.2701822916666667 0.3606770833333333 0.01953125 0.015625
0 0.794921875 0.30078125 0.09244791666666667 0.07291666666666667
0 0.8658854166666666 0.271484375 0.15625 0.14453125
0 0.818359375 0.9322916666666666 0.09765625 0.0859375
0 0.6002604166666666 0.7473958333333334 0.09114583333333333 0.1171875
0 0.505859375 0.7317708333333334 0.07421875 0.08854166666666667
0 0.3743489583333333 0.609375 0.01953125 0.013020833333333334
0 0.32421875 0.5084635416666666 0.018229166666666668 0.01953125
0 0.9537760416666666 0.7415364583333334 0.08463541666666667 0.20442708333333334
0 0.4166666666666667 0.9596354166666666 0.013020833333333334 0.015625