0 0.48828125 0.07552083333333333 0.1171875 0.10416666666666667
0 0.052083333333333336 0.19010416666666666 0.0390625 0.044270833333333336
0 0.09114583333333333 0.20572916666666666 0.0390625 0.0390625
0 0.33984375 0.15625 0.0234375 0.018229166666666668
0 0.462890625 0.6002604166666666 0.02734375 0.020833333333333332
0 0.3795572916666667 0.6126302083333334 0.022135416666666668 0.01953125
0 0.24088541666666666 0.7213541666666666 0.026041666666666668 0.0234375
0 0.3294270833333333 0.3463541666666667 0.0703125 0.0703125
0 0.3977864583333333 0.30859375 0.11588541666666667 0.10677083333333333
0 0.49609375 0.296875 0.13020833333333334 0.14322916666666666
0 0.8118489583333334 0.078125 0.01953125 0.018229166666666668
0 0.9622395833333334 0.08072916666666667 0.020833333333333332 0.0234375
0 0.4563802083333333 0.006510416666666667 0.024739583333333332 0.010416666666666666
0 0.6666666666666666 0.76953125 0.026041666666666668 0.020833333333333332
0 0.6028645833333334 0.8333333333333334 0.046875 0.044270833333333336
0 0.7454427083333334 0.16536458333333334 0.01953125 0.0234375
0 0.20377604166666666 0.9134114583333334 0.024739583333333332 0.01953125
0 0.3177083333333333 0.6588541666666666 0.07552083333333333 0.07291666666666667
0 0.7877604166666666 0.9518229166666666 0.13020833333333334 0.0859375
0 0.15755208333333334 0.716796875 0.026041666666666668 0.01953125
0 0.2877604166666667 0.5266927083333334 0.015625 0.016927083333333332
0 0.6100260416666666 0.642578125 0.10026041666666667 0.09244791666666667
0 0.5240885416666666 0.6809895833333334 0.016927083333333332 0.018229166666666668
0 0.068359375 0.9622395833333334 0.05859375 0.052083333333333336
0 0.396484375 0.046223958333333336 0.016927083333333332 0.016927083333333332
0 0.875 0.061197916666666664 0.018229166666666668 0.013020833333333334
0 0.6419270833333334 0.22005208333333334 0.015625 0.015625
0 0.7434895833333334 0.3489583333333333 0.015625 0.018229166666666668
0 0.7259114583333334 0.4817708333333333 0.016927083333333332 0.013020833333333334
0 0.72265625 0.4973958333333333 0.018229166666666668 0.018229166666666668
0 0.3391927083333333 0.7858072916666666 0.024739583333333332 0.022135416666666668
0 0.2506510416666667 0.765625 0.014322916666666666 0.013020833333333334
0 0.4752604166666667 0.9563802083333334 0.015625 0.016927083333333332
0 0.83984375 0.7779947916666666 0.015625 0.016927083333333332
0 0.9140625 0.6640625 0.013020833333333334 0.013020833333333334
0 0.9583333333333334 0.8235677083333334 0.015625 0.016927083333333332
0 0.11458333333333333 0.2766927083333333 0.018229166666666668 0.014322916666666666
0 0.01953125 0.140625 0.015625 0.015625
0 0.5833333333333334 0.006510416666666667 0.033854166666666664 0.010416666666666666