0 0.365234375 0.7154947916666666 0.024739583333333332 0.022135416666666668
0 0.24609375 0.6927083333333334 0.020833333333333332 0.0234375
0 0.061848958333333336 0.6731770833333334 0.032552083333333336 0.041666666666666664
0 0.20638020833333334 0.85546875 0.04296875 0.036458333333333336
0 0.12890625 0.76953125 0.0703125 0.07291666666666667
0 0.3268229166666667 0.7975260416666666 0.028645833333333332 0.03515625
0 0.4817708333333333 0.8502604166666666 0.0390625 0.0390625
0 0.6985677083333334 0.9661458333333334 0.029947916666666668 0.0234375
0 0.9752604166666666 0.24348958333333334 0.033854166666666664 0.036458333333333336
0 0.4459635416666667 0.564453125 0.014322916666666666 0.014322916666666666
0 0.3326822916666667 0.022135416666666668 0.024739583333333332 0.0234375
0 0.9596354166666666 0.5559895833333334 0.08072916666666667 0.08072916666666667
0 0.3287760416666667 0.6002604166666666 0.09765625 0.09895833333333333
0 0.189453125 0.6197916666666666 0.014322916666666666 0.018229166666666668
0 0.08919270833333333 0.9713541666666666 0.01953125 0.018229166666666668
0 0.10546875 0.4557291666666667 0.0234375 0.015625
0 0.14973958333333334 0.54296875 0.015625 0.013020833333333334
0 0.4739583333333333 0.9934895833333334 0.020833333333333332 0.013020833333333334