0 0.22916666666666666 0.3756510416666667 0.03125 0.037760416666666664
0 0.14388020833333334 0.18815104166666666 0.02734375 0.029947916666666668
0 0.15690104166666666 0.16796875 0.01171875 0.010416666666666666
0 0.3053385416666667 0.13411458333333334 0.016927083333333332 0.020833333333333332
0 0.2819010416666667 0.46875 0.01171875 0.013020833333333334
0 0.29296875 0.4583333333333333 0.018229166666666668 0.018229166666666668
0 0.6139322916666666 0.8528645833333334 0.022135416666666668 0.0234375
0 0.63671875 0.8763020833333334 0.013020833333333334 0.010416666666666666
0 0.837890625 0.3118489583333333 0.048177083333333336 0.05078125
0 0.8561197916666666 0.21614583333333334 0.022135416666666668 0.0234375
0 0.7233072916666666 0.7682291666666666 0.014322916666666666 0.015625
0 0.18098958333333334 0.5703125 0.010416666666666666 0.013020833333333334
0 0.2819010416666667 0.322265625 0.03515625 0.032552083333333336
0 0.298828125 0.2265625 0.040364583333333336 0.046875
0 0.23046875 0.23697916666666666 0.07291666666666667 0.078125
0 0.642578125 0.62890625 0.014322916666666666 0.013020833333333334
0 0.6158854166666666 0.3912760416666667 0.015625 0.01953125
0 0.4518229166666667 0.3528645833333333 0.0546875 0.059895833333333336
0 0.4479166666666667 0.5716145833333334 0.109375 0.125
0 0.7740885416666666 0.66015625 0.009114583333333334 0.010416666666666666
0 0.21940104166666666 0.4837239583333333 0.016927083333333332 0.01171875
0 0.2994791666666667 0.3619791666666667 0.013020833333333334 0.013020833333333334
0 0.33203125 0.7415364583333334 0.013020833333333334 0.01171875
0 0.771484375 0.18098958333333334 0.009114583333333334 0.010416666666666666
0 0.7493489583333334 0.357421875 0.01171875 0.009114583333333334
0 0.529296875 0.24674479166666666 0.009114583333333334 0.01171875
0 0.5338541666666666 0.107421875 0.013020833333333334 0.01171875
0 0.7278645833333334 0.9934895833333334 0.010416666666666666 0.010416666666666666
0 0.056640625 0.039713541666666664 0.009114583333333334 0.010416666666666666
0 0.72265625 0.3255208333333333 0.020833333333333332 0.0234375
0 0.87109375 0.4453125 0.016927083333333332 0.018229166666666668
0 0.2799479166666667 0.9251302083333334 0.010416666666666666 0.01171875
0 0.3359375 0.9420572916666666 0.009114583333333334 0.010416666666666666
0 0.3190104166666667 0.7623697916666666 0.010416666666666666 0.01171875
0 0.14388020833333334 0.6484375 0.010416666666666666 0.010416666666666666
0 0.689453125 0.1171875 0.009114583333333334 0.009114583333333334
0 0.146484375 0.15494791666666666 0.010416666666666666 0.01171875
0 0.45703125 0.7786458333333334 0.0078125 0.009114583333333334
0 0.10221354166666667 0.6256510416666666 0.01171875 0.013020833333333334
0 0.4986979166666667 0.896484375 0.0078125 0.009114583333333334
0 0.8151041666666666 0.486328125 0.0078125 0.0078125
0 0.9127604166666666 0.689453125 0.0078125 0.0078125
0 0.27734375 0.7643229166666666 0.0078125 0.0078125
0 0.7864583333333334 0.509765625 0.0078125 0.0078125
0 0.333984375 0.6516927083333334 0.0078125 0.0078125
0 0.423828125 0.2532552083333333 0.0078125 0.0078125
0 0.3600260416666667 0.9251302083333334 0.0078125 0.0078125
0 0.45703125 0.10416666666666667 0.0078125 0.0078125
0 0.5345052083333334 0.359375 0.009114583333333334 0.009114583333333334