0 0.9498697916666666 0.24479166666666666 0.045572916666666664 0.044270833333333336
0 0.7877604166666666 0.17578125 0.0390625 0.0390625
0 0.9453125 0.07161458333333333 0.010416666666666666 0.013020833333333334
0 0.9889322916666666 0.4537760416666667 0.014322916666666666 0.016927083333333332
0 0.6966145833333334 0.21614583333333334 0.0234375 0.0234375
0 0.57421875 0.11848958333333333 0.015625 0.013020833333333334
0 0.517578125 0.0390625 0.01953125 0.013020833333333334
0 0.4309895833333333 0.056640625 0.015625 0.016927083333333332
0 0.4661458333333333 0.328125 0.020833333333333332 0.020833333333333332
0 0.6803385416666666 0.384765625 0.07161458333333333 0.07942708333333333
0 0.3255208333333333 0.21484375 0.0390625 0.052083333333333336
0 0.291015625 0.17578125 0.04296875 0.052083333333333336
0 0.13802083333333334 0.06966145833333333 0.06770833333333333 0.07421875
0 0.669921875 0.693359375 0.024739583333333332 0.032552083333333336
0 0.572265625 0.59375 0.08984375 0.10416666666666667
0 0.5826822916666666 0.6087239583333334 0.01171875 0.014322916666666666
0 0.3411458333333333 0.4231770833333333 0.046875 0.052083333333333336
0 0.6178385416666666 0.173828125 0.037760416666666664 0.03515625
0 0.83984375 0.6770833333333334 0.06510416666666667 0.078125
0 0.5944010416666666 0.6764322916666666 0.032552083333333336 0.032552083333333336
0 0.7154947916666666 0.96484375 0.06380208333333333 0.0546875
0 0.359375 0.830078125 0.10677083333333333 0.11067708333333333
0 0.4036458333333333 0.8404947916666666 0.013020833333333334 0.024739583333333332
0 0.435546875 0.7239583333333334 0.01953125 0.015625
0 0.16015625 0.3561197916666667 0.028645833333333332 0.022135416666666668
0 0.15364583333333334 0.6432291666666666 0.020833333333333332 0.020833333333333332
0 0.2799479166666667 0.6744791666666666 0.026041666666666668 0.020833333333333332
0 0.23893229166666666 0.7688802083333334 0.07421875 0.06380208333333333
0 0.2682291666666667 0.8723958333333334 0.11458333333333333 0.1171875
0 0.042317708333333336 0.9114583333333334 0.02734375 0.020833333333333332
0 0.7044270833333334 0.6451822916666666 0.010416666666666666 0.014322916666666666
0 0.21419270833333334 0.455078125 0.040364583333333336 0.045572916666666664
0 0.7858072916666666 0.7740885416666666 0.016927083333333332 0.016927083333333332
0 0.5930989583333334 0.8287760416666666 0.016927083333333332 0.014322916666666666
0 0.513671875 0.64453125 0.014322916666666666 0.013020833333333334
0 0.8821614583333334 0.70703125 0.01953125 0.020833333333333332
0 0.9283854166666666 0.833984375 0.015625 0.01171875
0 0.8951822916666666 0.9908854166666666 0.024739583333333332 0.018229166666666668
0 0.3483072916666667 0.697265625 0.29296875 0.2981770833333333
0 0.20572916666666666 0.6373697916666666 0.049479166666666664 0.05859375
0 0.4654947916666667 0.23177083333333334 0.05859375 0.059895833333333336
0 0.904296875 0.5325520833333334 0.037760416666666664 0.03125
0 0.4544270833333333 0.3138020833333333 0.10677083333333333 0.109375
0 0.8645833333333334 0.658203125 0.013020833333333334 0.014322916666666666
0 0.8977864583333334 0.556640625 0.01953125 0.01953125
0 0.5533854166666666 0.9934895833333334 0.018229166666666668 0.013020833333333334