0 0.23567708333333334 0.7278645833333334 0.0234375 0.026041666666666668
0 0.4973958333333333 0.9186197916666666 0.08854166666666667 0.09765625
0 0.022135416666666668 0.7467447916666666 0.0234375 0.032552083333333336
0 0.3756510416666667 0.6536458333333334 0.09244791666666667 0.10416666666666667
0 0.9029947916666666 0.6959635416666666 0.02734375 0.03515625
0 0.6119791666666666 0.6510416666666666 0.0234375 0.026041666666666668
0 0.6412760416666666 0.810546875 0.01953125 0.022135416666666668
0 0.3040364583333333 0.20833333333333334 0.01953125 0.0234375
0 0.13932291666666666 0.14908854166666666 0.2760416666666667 0.2825520833333333
0 0.07096354166666667 0.15169270833333334 0.016927083333333332 0.022135416666666668
0 0.658203125 0.24153645833333334 0.032552083333333336 0.032552083333333336
0 0.3450520833333333 0.2532552083333333 0.018229166666666668 0.01953125
0 0.4049479166666667 0.2421875 0.018229166666666668 0.020833333333333332
0 0.36328125 0.8430989583333334 0.020833333333333332 0.024739583333333332
0 0.3040364583333333 0.8776041666666666 0.05078125 0.049479166666666664
0 0.7317708333333334 0.302734375 0.018229166666666668 0.022135416666666668
0 0.7610677083333334 0.4544270833333333 0.01953125 0.018229166666666668
0 0.92578125 0.5052083333333334 0.033854166666666664 0.0390625
0 0.9700520833333334 0.951171875 0.036458333333333336 0.045572916666666664
0 0.982421875 0.482421875 0.022135416666666668 0.032552083333333336
0 0.5533854166666666 0.2962239583333333 0.013020833333333334 0.014322916666666666
0 0.9205729166666666 0.06575520833333333 0.026041666666666668 0.024739583333333332
0 0.9459635416666666 0.10221354166666667 0.016927083333333332 0.01953125
0 0.9270833333333334 0.16927083333333334 0.015625 0.018229166666666668
0 0.5852864583333334 0.5690104166666666 0.016927083333333332 0.015625
0 0.11328125 0.7766927083333334 0.015625 0.016927083333333332
0 0.44140625 0.20963541666666666 0.018229166666666668 0.018229166666666668
0 0.931640625 0.7063802083333334 0.13671875 0.18098958333333334
0 0.8470052083333334 0.8958333333333334 0.032552083333333336 0.0390625
0 0.7076822916666666 0.20052083333333334 0.014322916666666666 0.015625
0 0.8125 0.3938802083333333 0.013020833333333334 0.014322916666666666
0 0.7923177083333334 0.2766927083333333 0.01171875 0.014322916666666666
0 0.451171875 0.6217447916666666 0.01171875 0.014322916666666666
0 0.5006510416666666 0.6907552083333334 0.01171875 0.01171875
0 0.6653645833333334 0.6451822916666666 0.013020833333333334 0.014322916666666666
0 0.6341145833333334 0.7161458333333334 0.010416666666666666 0.013020833333333334
0 0.5807291666666666 0.5930989583333334 0.013020833333333334 0.01171875
0 0.6764322916666666 0.404296875 0.014322916666666666 0.016927083333333332
0 0.7350260416666666 0.17317708333333334 0.01171875 0.010416666666666666