0 0.181640625 0.5104166666666666 0.08203125 0.10677083333333333
0 0.3522135416666667 0.9251302083333334 0.032552083333333336 0.032552083333333336
0 0.2936197916666667 0.7779947916666666 0.032552083333333336 0.02734375
0 0.4127604166666667 0.7493489583333334 0.036458333333333336 0.032552083333333336
0 0.3138020833333333 0.5260416666666666 0.0234375 0.015625
0 0.039713541666666664 0.43359375 0.07161458333333333 0.078125
0 0.21223958333333334 0.9576822916666666 0.09114583333333333 0.07161458333333333
0 0.8645833333333334 0.11783854166666667 0.03125 0.04296875
0 0.970703125 0.201171875 0.032552083333333336 0.029947916666666668
0 0.970703125 0.16276041666666666 0.01953125 0.018229166666666668
0 0.3294270833333333 0.37890625 0.015625 0.020833333333333332
0 0.19466145833333334 0.17578125 0.03515625 0.033854166666666664
0 0.21158854166666666 0.7154947916666666 0.01953125 0.01953125
0 0.6881510416666666 0.6497395833333334 0.02734375 0.0234375
0 0.4596354166666667 0.8984375 0.013020833333333334 0.018229166666666668
0 0.014322916666666666 0.8587239583333334 0.018229166666666668 0.016927083333333332
0 0.033203125 0.921875 0.01953125 0.013020833333333334
0 0.5638020833333334 0.5826822916666666 0.026041666666666668 0.029947916666666668
0 0.98828125 0.8470052083333334 0.0234375 0.055989583333333336