0 0.517578125 0.056640625 0.09765625 0.07421875
0 0.11588541666666667 0.06901041666666667 0.0234375 0.020833333333333332
0 0.65234375 0.039713541666666664 0.07552083333333333 0.06640625
0 0.439453125 0.3483072916666667 0.01953125 0.032552083333333336
0 0.010416666666666666 0.3203125 0.018229166666666668 0.015625
0 0.119140625 0.498046875 0.024739583333333332 0.01953125
0 0.3430989583333333 0.5078125 0.016927083333333332 0.026041666666666668
0 0.22330729166666666 0.69140625 0.022135416666666668 0.015625
0 0.047526041666666664 0.373046875 0.01953125 0.016927083333333332
0 0.6588541666666666 0.7115885416666666 0.015625 0.016927083333333332
0 0.5520833333333334 0.8899739583333334 0.0234375 0.022135416666666668
0 0.4837239583333333 0.404296875 0.029947916666666668 0.037760416666666664
0 0.3958333333333333 0.21158854166666666 0.028645833333333332 0.032552083333333336
0 0.3444010416666667 0.71484375 0.045572916666666664 0.046875
0 0.6399739583333334 0.8893229166666666 0.022135416666666668 0.020833333333333332
0 0.541015625 0.9329427083333334 0.022135416666666668 0.016927083333333332
0 0.13346354166666666 0.9420572916666666 0.01953125 0.016927083333333332
0 0.027994791666666668 0.9049479166666666 0.016927083333333332 0.013020833333333334
0 0.623046875 0.4069010416666667 0.01953125 0.01953125
0 0.82421875 0.427734375 0.13020833333333334 0.13411458333333334
0 0.5891927083333334 0.2604166666666667 0.014322916666666666 0.013020833333333334
0 0.22395833333333334 0.330078125 0.018229166666666668 0.016927083333333332
0 0.11263020833333333 0.375 0.04296875 0.046875
0 0.6861979166666666 0.15494791666666666 0.018229166666666668 0.018229166666666668
0 0.75390625 0.15104166666666666 0.015625 0.015625
0 0.98828125 0.091796875 0.015625 0.02734375
0 0.9401041666666666 0.3743489583333333 0.013020833333333334 0.01953125
0 0.5123697916666666 0.7291666666666666 0.014322916666666666 0.020833333333333332
0 0.7018229166666666 0.2545572916666667 0.015625 0.014322916666666666
0 0.9010416666666666 0.11263020833333333 0.0234375 0.01953125
0 0.56640625 0.423828125 0.020833333333333332 0.014322916666666666
0 0.3111979166666667 0.16927083333333334 0.010416666666666666 0.013020833333333334
0 0.19661458333333334 0.244140625 0.015625 0.01953125
0 0.17903645833333334 0.5169270833333334 0.01953125 0.018229166666666668
0 0.080078125 0.61328125 0.016927083333333332 0.015625
0 0.7291666666666666 0.08072916666666667 0.013020833333333334 0.013020833333333334
0 0.7942708333333334 0.06640625 0.013020833333333334 0.013020833333333334
0 0.3014322916666667 0.595703125 0.016927083333333332 0.01953125
0 0.0078125 0.051432291666666664 0.013020833333333334 0.01953125
0 0.4817708333333333 0.18684895833333334 0.013020833333333334 0.022135416666666668
0 0.5748697916666666 0.904296875 0.01953125 0.01953125