0 0.051432291666666664 0.3802083333333333 0.10026041666666667 0.09895833333333333
0 0.18098958333333334 0.4479166666666667 0.044270833333333336 0.041666666666666664
0 0.07421875 0.5240885416666666 0.03125 0.029947916666666668
0 0.22916666666666666 0.62890625 0.03125 0.03125
0 0.34765625 0.6510416666666666 0.018229166666666668 0.018229166666666668
0 0.17903645833333334 0.7174479166666666 0.037760416666666664 0.0390625
0 0.07747395833333333 0.69140625 0.037760416666666664 0.0390625
0 0.3125 0.7688802083333334 0.09635416666666667 0.09244791666666667
0 0.23567708333333334 0.6373697916666666 0.15364583333333334 0.14713541666666666
0 0.5807291666666666 0.6015625 0.0859375 0.06770833333333333
0 0.6256510416666666 0.705078125 0.032552083333333336 0.029947916666666668
0 0.849609375 0.19270833333333334 0.06640625 0.0625
0 0.7141927083333334 0.21484375 0.024739583333333332 0.0234375
0 0.8046875 0.55078125 0.06510416666666667 0.0703125
0 0.8190104166666666 0.6946614583333334 0.020833333333333332 0.016927083333333332
0 0.7747395833333334 0.8802083333333334 0.13020833333333334 0.11197916666666667
0 0.4296875 0.80078125 0.07552083333333333 0.06510416666666667
0 0.89453125 0.9713541666666666 0.0234375 0.028645833333333332
0 0.806640625 0.7428385416666666 0.01953125 0.016927083333333332
0 0.2819010416666667 0.853515625 0.014322916666666666 0.014322916666666666
0 0.5182291666666666 0.9680989583333334 0.036458333333333336 0.032552083333333336
0 0.5944010416666666 0.97265625 0.024739583333333332 0.026041666666666668
0 0.4680989583333333 0.912109375 0.07682291666666667 0.06640625
0 0.8203125 0.626953125 0.018229166666666668 0.014322916666666666
0 0.4934895833333333 0.7532552083333334 0.018229166666666668 0.01953125
0 0.505859375 0.7897135416666666 0.016927083333333332 0.014322916666666666
0 0.5533854166666666 0.7890625 0.015625 0.015625
0 0.4739583333333333 0.615234375 0.026041666666666668 0.024739583333333332
0 0.024739583333333332 0.62890625 0.013020833333333334 0.013020833333333334
0 0.8359375 0.9661458333333334 0.020833333333333332 0.020833333333333332
0 0.9270833333333334 0.861328125 0.046875 0.037760416666666664
0 0.837890625 0.51171875 0.01953125 0.018229166666666668
0 0.818359375 0.22981770833333334 0.11067708333333333 0.10546875
0 0.970703125 0.11197916666666667 0.05859375 0.125
0 0.053385416666666664 0.60546875 0.026041666666666668 0.0234375
0 0.384765625 0.8502604166666666 0.05078125 0.049479166666666664
0 0.9817708333333334 0.9381510416666666 0.026041666666666668 0.02734375
0 0.5143229166666666 0.6744791666666666 0.013020833333333334 0.013020833333333334
0 0.8704427083333334 0.2643229166666667 0.01171875 0.013020833333333334
0 0.9029947916666666 0.07682291666666667 0.02734375 0.028645833333333332
0 0.9694010416666666 0.18815104166666666 0.016927083333333332 0.01953125
0 0.9010416666666666 0.026041666666666668 0.013020833333333334 0.018229166666666668
0 0.8502604166666666 0.032552083333333336 0.010416666666666666 0.010416666666666666
0 0.806640625 0.07291666666666667 0.009114583333333334 0.010416666666666666
0 0.15364583333333334 0.6490885416666666 0.013020833333333334 0.009114583333333334
0 0.042317708333333336 0.7233072916666666 0.01171875 0.01171875
0 0.5390625 0.7291666666666666 0.010416666666666666 0.013020833333333334
0 0.4850260416666667 0.7233072916666666 0.01171875 0.009114583333333334
0 0.43359375 0.3170572916666667 0.015625 0.022135416666666668
0 0.974609375 0.24088541666666666 0.05078125 0.109375
0 0.7239583333333334 0.9557291666666666 0.010416666666666666 0.010416666666666666
0 0.783203125 0.9772135416666666 0.014322916666666666 0.014322916666666666
0 0.3046875 0.744140625 0.010416666666666666 0.01171875
0 0.3893229166666667 0.7369791666666666 0.013020833333333334 0.010416666666666666
0 0.11783854166666667 0.8483072916666666 0.01171875 0.01171875
0 0.11393229166666667 0.7786458333333334 0.009114583333333334 0.0078125
0 0.5787760416666666 0.4661458333333333 0.01171875 0.010416666666666666
0 0.6171875 0.423828125 0.010416666666666666 0.01171875