0 0.5110677083333334 0.345703125 0.037760416666666664 0.03515625
0 0.19010416666666666 0.0859375 0.020833333333333332 0.020833333333333332
0 0.85546875 0.3606770833333333 0.044270833333333336 0.041666666666666664
0 0.23307291666666666 0.166015625 0.0390625 0.040364583333333336
0 0.3932291666666667 0.2552083333333333 0.0234375 0.018229166666666668
0 0.201171875 0.5364583333333334 0.024739583333333332 0.028645833333333332
0 0.23697916666666666 0.4837239583333333 0.013020833333333334 0.01171875
0 0.14908854166666666 0.5514322916666666 0.014322916666666666 0.01171875
0 0.3333333333333333 0.7858072916666666 0.0234375 0.024739583333333332
0 0.6744791666666666 0.8014322916666666 0.046875 0.053385416666666664
0 0.6712239583333334 0.7513020833333334 0.016927083333333332 0.015625
0 0.8561197916666666 0.8548177083333334 0.016927083333333332 0.016927083333333332
0 0.7981770833333334 0.26171875 0.020833333333333332 0.020833333333333332
0 0.2727864583333333 0.1953125 0.014322916666666666 0.013020833333333334
0 0.3834635416666667 0.3294270833333333 0.016927083333333332 0.015625
0 0.279296875 0.4231770833333333 0.009114583333333334 0.010416666666666666
0 0.404296875 0.5143229166666666 0.01171875 0.010416666666666666
0 0.7421875 0.6809895833333334 0.010416666666666666 0.010416666666666666
0 0.7923177083333334 0.7578125 0.01171875 0.013020833333333334