0 0.783203125 0.044270833333333336 0.024739583333333332 0.026041666666666668
0 0.720703125 0.095703125 0.022135416666666668 0.024739583333333332
0 0.779296875 0.12825520833333334 0.07421875 0.07682291666666667
0 0.47265625 0.07877604166666667 0.020833333333333332 0.01953125
0 0.4296875 0.015625 0.0390625 0.028645833333333332
0 0.7428385416666666 0.4029947916666667 0.024739583333333332 0.022135416666666668
0 0.6790364583333334 0.5045572916666666 0.014322916666666666 0.016927083333333332
0 0.521484375 0.810546875 0.02734375 0.024739583333333332
0 0.5338541666666666 0.7467447916666666 0.026041666666666668 0.01953125
0 0.943359375 0.587890625 0.014322916666666666 0.016927083333333332
0 0.6497395833333334 0.515625 0.020833333333333332 0.020833333333333332
0 0.9641927083333334 0.007161458333333333 0.014322916666666666 0.009114583333333334
0 0.9440104166666666 0.396484375 0.020833333333333332 0.022135416666666668
0 0.16145833333333334 0.150390625 0.013020833333333334 0.014322916666666666
0 0.828125 0.3821614583333333 0.013020833333333334 0.01171875