0 0.9244791666666666 0.8385416666666666 0.029947916666666668 0.03125
0 0.060546875 0.4986979166666667 0.02734375 0.02734375
0 0.6484375 0.416015625 0.040364583333333336 0.0390625
0 0.9778645833333334 0.92578125 0.03125 0.03515625
0 0.6217447916666666 0.18815104166666666 0.028645833333333332 0.029947916666666668
0 0.548828125 0.3815104166666667 0.02734375 0.028645833333333332
0 0.650390625 0.830078125 0.032552083333333336 0.033854166666666664
0 0.6953125 0.8411458333333334 0.026041666666666668 0.028645833333333332
0 0.060546875 0.2994791666666667 0.045572916666666664 0.048177083333333336
0 0.015625 0.7805989583333334 0.03125 0.10286458333333333
0 0.8359375 0.9921875 0.03125 0.015625
0 0.2981770833333333 0.888671875 0.2708333333333333 0.22265625
0 0.736328125 0.4674479166666667 0.024739583333333332 0.026041666666666668
0 0.9876302083333334 0.055338541666666664 0.024739583333333332 0.0234375
0 0.5071614583333334 0.6477864583333334 0.026041666666666668 0.02734375
0 0.4420572916666667 0.365234375 0.026041666666666668 0.026041666666666668
0 0.08268229166666667 0.024088541666666668 0.0234375 0.024739583333333332
0 0.5618489583333334 0.2890625 0.024739583333333332 0.026041666666666668
0 0.5709635416666666 0.9635416666666666 0.03125 0.032552083333333336
0 0.4329427083333333 0.59765625 0.0234375 0.024739583333333332
0 0.76171875 0.22981770833333334 0.022135416666666668 0.022135416666666668
0 0.298828125 0.41796875 0.024739583333333332 0.024739583333333332
0 0.9153645833333334 0.4739583333333333 0.02734375 0.028645833333333332
0 0.08723958333333333 0.634765625 0.028645833333333332 0.028645833333333332
0 0.4479166666666667 0.6966145833333334 0.03125 0.03125
0 0.767578125 0.4641927083333333 0.024739583333333332 0.02734375
0 0.048828125 0.728515625 0.024739583333333332 0.024739583333333332
0 0.10221354166666667 0.513671875 0.03125 0.03125
0 0.4720052083333333 0.4212239583333333 0.024739583333333332 0.026041666666666668
0 0.3841145833333333 0.009114583333333334 0.0234375 0.018229166666666668
0 0.3782552083333333 0.806640625 0.0234375 0.024739583333333332
0 0.013671875 0.9388020833333334 0.022135416666666668 0.022135416666666668
0 0.21028645833333334 0.3795572916666667 0.024739583333333332 0.026041666666666668
0 0.06575520833333333 0.22591145833333334 0.026041666666666668 0.028645833333333332