0 0.13880208333333333 0.651328125 0.03020833333333332 0.03326822916666661
0 0.4388020833333333 0.60546875 0.06770833333333333 0.06510416666666667
0 0.3580729166666667 0.169921875 0.078125 0.07161458333333333
0 0.7779947916666666 0.1875 0.12369791666666667 0.1171875
0 0.4069010416666667 0.8880208333333334 0.01953125 0.020833333333333332
0 0.6705729166666666 0.681640625 0.026041666666666668 0.024739583333333332
0 0.908203125 0.4212239583333333 0.01953125 0.024739583333333332
0 0.126953125 0.45703125 0.01953125 0.018229166666666668
0 0.013020833333333334 0.50390625 0.013020833333333334 0.015625
0 0.8639322916666666 0.2662760416666667 0.016927083333333332 0.016927083333333332
0 0.349609375 0.787109375 0.016927083333333332 0.016927083333333332
0 0.981484375 0.0734765625 0.018359374999999883 0.02122395833333333
0 0.4296875 0.9283854166666666 0.018229166666666668 0.013020833333333334
0 0.15364583333333334 0.4427083333333333 0.018229166666666668 0.015625
0 0.10723958333333333 0.7915104166666667 0.01266927083333332 0.012825520833333215
0 0.2509765625 0.66015625 0.012526041666666673 0.012148437500000053
0 0.67578125 0.861328125 0.013281250000000059 0.012825520833333215
0 0.9917057291666667 0.42041666666666666 0.013216145833333451 0.011549479166666673
0 0.5151432291666667 0.28735677083333333 0.018229166666666668 0.018098958333333304
0 0.35694010416666666 0.9453125 0.013841145833333327 0.013684895833333321
0 0.37329427083333333 0.7802734375 0.014062499999999941 0.013906250000000083
0 0.9008854166666667 0.6889713541666667 0.007838541666666643 0.0077213541666667496
0 0.771484375 0.44018229166666667 0.008854166666666607 0.008736979166666714
0 0.7099609375 0.5419921875 0.008059895833333405 0.008580729166666709
0 0.6279296875 0.5805729166666667 0.007721354166666601 0.008059895833333405
0 0.488125 0.511875 0.01837239583333335 0.017460937499999957