0 0.4225260416666667 0.21028645833333334 0.024739583333333332 0.024739583333333332
0 0.6536458333333334 0.24934895833333334 0.028645833333333332 0.024739583333333332
0 0.3834635416666667 0.5260416666666666 0.061197916666666664 0.059895833333333336
0 0.296875 0.427734375 0.013020833333333334 0.016927083333333332
0 0.6061197916666666 0.376953125 0.016927083333333332 0.016927083333333332
0 0.21549479166666666 0.8834635416666666 0.032552083333333336 0.03515625
0 0.18033854166666666 0.9095052083333334 0.053385416666666664 0.055989583333333336
0 0.078125 0.9700520833333334 0.018229166666666668 0.015625
0 0.014973958333333334 0.5026041666666666 0.02734375 0.028645833333333332
0 0.5201822916666666 0.681640625 0.022135416666666668 0.022135416666666668
0 0.51171875 0.8352864583333334 0.018229166666666668 0.016927083333333332
0 0.7506510416666666 0.8411458333333334 0.022135416666666668 0.020833333333333332
0 0.23567708333333334 0.59765625 0.020833333333333332 0.018229166666666668
0 0.2708333333333333 0.673828125 0.0234375 0.022135416666666668
0 0.014322916666666666 0.7721354166666666 0.020833333333333332 0.026041666666666668
0 0.13151041666666666 0.7903645833333334 0.013020833333333334 0.013020833333333334
0 0.57421875 0.9127604166666666 0.015625 0.018229166666666668
0 0.6100260416666666 0.908203125 0.055989583333333336 0.055989583333333336
0 0.6907552083333334 0.7936197916666666 0.014322916666666666 0.014322916666666666
0 0.2421875 0.2779947916666667 0.020833333333333332 0.022135416666666668
0 0.6731770833333334 0.3391927083333333 0.06510416666666667 0.061197916666666664
0 0.6875 0.06966145833333333 0.015625 0.016927083333333332
0 0.7805989583333334 0.047526041666666664 0.01953125 0.016927083333333332
0 0.24283854166666666 0.015625 0.014322916666666666 0.015625
0 0.14908854166666666 0.049479166666666664 0.13932291666666666 0.09635416666666667
0 0.9602864583333334 0.5013020833333334 0.016927083333333332 0.015625
0 0.6165364583333334 0.4166666666666667 0.01171875 0.013020833333333334
0 0.3671875 0.45703125 0.015625 0.013020833333333334
0 0.6966145833333334 0.6516927083333334 0.015625 0.014322916666666666
0 0.869140625 0.751953125 0.048177083333333336 0.045572916666666664
0 0.7916666666666666 0.162109375 0.018229166666666668 0.01953125
0 0.8776041666666666 0.18229166666666666 0.015625 0.015625
0 0.84375 0.08854166666666667 0.057291666666666664 0.057291666666666664
0 0.7005208333333334 0.904296875 0.013020833333333334 0.01171875
0 0.5182291666666666 0.4850260416666667 0.015625 0.014322916666666666
0 0.9635416666666666 0.5904947916666666 0.0546875 0.061197916666666664
0 0.751953125 0.20833333333333334 0.014322916666666666 0.013020833333333334
0 0.4075520833333333 0.103515625 0.015625 0.014322916666666666
0 0.779296875 0.5104166666666666 0.11848958333333333 0.109375
0 0.027994791666666668 0.4739583333333333 0.016927083333333332 0.015625
0 0.9173177083333334 0.79296875 0.016927083333333332 0.015625
0 0.3658854166666667 0.8001302083333334 0.013020833333333334 0.01171875
0 0.8040364583333334 0.2916666666666667 0.014322916666666666 0.015625
0 0.666015625 0.4811197916666667 0.11067708333333333 0.11067708333333333
0 0.013671875 0.8294270833333334 0.016927083333333332 0.015625
0 0.8092447916666666 0.6549479166666666 0.014322916666666666 0.013020833333333334
0 0.625 0.9609375 0.013020833333333334 0.013020833333333334
0 0.08463541666666667 0.11002604166666667 0.15625 0.14713541666666666
0 0.3977864583333333 0.18294270833333334 0.014322916666666666 0.01171875
0 0.4049479166666667 0.166015625 0.2916666666666667 0.2825520833333333
0 0.7825520833333334 0.22395833333333334 0.013020833333333334 0.013020833333333334
0 0.7649739583333334 0.20833333333333334 0.01171875 0.010416666666666666
0 0.7389322916666666 0.2975260416666667 0.01171875 0.009114583333333334
0 0.9231770833333334 0.19466145833333334 0.010416666666666666 0.01171875
0 0.9309895833333334 0.008463541666666666 0.044270833333333336 0.014322916666666666
0 0.765625 0.03515625 0.013020833333333334 0.013020833333333334
0 0.4876302083333333 0.396484375 0.01171875 0.01171875
0 0.501953125 0.6803385416666666 0.014322916666666666 0.014322916666666666
0 0.654296875 0.6875 0.053385416666666664 0.046875
0 0.505859375 0.7161458333333334 0.01171875 0.013020833333333334
0 0.6256510416666666 0.6686197916666666 0.009114583333333334 0.009114583333333334
0 0.6002604166666666 0.7233072916666666 0.010416666666666666 0.009114583333333334
0 0.9303385416666666 0.6380208333333334 0.11588541666666667 0.14322916666666666
0 0.93359375 0.7415364583333334 0.049479166666666664 0.045572916666666664
0 0.8802083333333334 0.8658854166666666 0.026041666666666668 0.0234375
0 0.482421875 0.9453125 0.01171875 0.010416666666666666
0 0.06575520833333333 0.958984375 0.01171875 0.01171875
0 0.306640625 0.8346354166666666 0.01171875 0.010416666666666666
0 0.18489583333333334 0.8216145833333334 0.010416666666666666 0.010416666666666666
0 0.21809895833333334 0.6276041666666666 0.01171875 0.010416666666666666
0 0.4108072916666667 0.6627604166666666 0.037760416666666664 0.0390625
0 0.4140625 0.818359375 0.010416666666666666 0.009114583333333334
0 0.330078125 0.734375 0.01171875 0.010416666666666666