0 0.6927083333333334 0.47265625 0.044270833333333336 0.046875
0 0.89453125 0.888671875 0.033854166666666664 0.032552083333333336
0 0.2994791666666667 0.7473958333333334 0.044270833333333336 0.041666666666666664
0 0.13151041666666666 0.038411458333333336 0.028645833333333332 0.02734375
0 0.22265625 0.5436197916666666 0.052083333333333336 0.055989583333333336
0 0.09895833333333333 0.88671875 0.020833333333333332 0.020833333333333332
0 0.055338541666666664 0.5891927083333334 0.01953125 0.01953125
0 0.8157552083333334 0.7936197916666666 0.022135416666666668 0.022135416666666668
0 0.7805989583333334 0.9856770833333334 0.01953125 0.0234375
0 0.9798177083333334 0.9583333333333334 0.022135416666666668 0.020833333333333332
0 0.947265625 0.908203125 0.014322916666666666 0.016927083333333332
0 0.17838541666666666 0.22200520833333334 0.015625 0.016927083333333332
0 0.15299479166666666 0.19986979166666666 0.014322916666666666 0.014322916666666666
0 0.064453125 0.034505208333333336 0.014322916666666666 0.014322916666666666
0 0.9095052083333334 0.9401041666666666 0.01171875 0.010416666666666666
0 0.6067708333333334 0.7708333333333334 0.020833333333333332 0.020833333333333332
0 0.65234375 0.8313802083333334 0.013020833333333334 0.01171875
0 0.17708333333333334 0.19661458333333334 0.018229166666666668 0.015625
0 0.154296875 0.21940104166666666 0.014322916666666666 0.014322916666666666
0 0.08658854166666667 0.3899739583333333 0.014322916666666666 0.01171875