0 0.201171875 0.7454427083333334 0.03515625 0.037760416666666664
0 0.3919270833333333 0.7766927083333334 0.020833333333333332 0.024739583333333332
0 0.3450520833333333 0.162109375 0.052083333333333336 0.055989583333333336
0 0.814453125 0.4791666666666667 0.04296875 0.046875
0 0.6998697916666666 0.20768229166666666 0.01953125 0.01953125
0 0.8665364583333334 0.6770833333333334 0.06380208333333333 0.06510416666666667
0 0.045572916666666664 0.888671875 0.018229166666666668 0.016927083333333332
0 0.6751302083333334 0.09114583333333333 0.02734375 0.028645833333333332
0 0.8072916666666666 0.3522135416666667 0.0703125 0.07682291666666667
0 0.4830729166666667 0.2265625 0.018229166666666668 0.018229166666666668
0 0.671875 0.2766927083333333 0.033854166666666664 0.037760416666666664
0 0.6998697916666666 0.3684895833333333 0.014322916666666666 0.015625
0 0.765625 0.369140625 0.018229166666666668 0.016927083333333332
0 0.42578125 0.3209635416666667 0.09114583333333333 0.09765625
0 0.3444010416666667 0.3541666666666667 0.016927083333333332 0.018229166666666668
0 0.12565104166666666 0.80859375 0.01171875 0.010416666666666666
0 0.7897135416666666 0.8274739583333334 0.01171875 0.014322916666666666
0 0.978515625 0.7936197916666666 0.04296875 0.20703125
0 0.73828125 0.26171875 0.018229166666666668 0.013020833333333334
0 0.7311197916666666 0.10091145833333333 0.024739583333333332 0.029947916666666668