0 0.7076822916666666 0.9375 0.3606770833333333 0.125
0 0.646484375 0.4622395833333333 0.1953125 0.17057291666666666
0 0.958984375 0.6653645833333334 0.08203125 0.2109375
0 0.9700520833333334 0.05078125 0.059895833333333336 0.1015625
0 0.046223958333333336 0.57421875 0.09244791666666667 0.203125
0 0.146484375 0.3177083333333333 0.15234375 0.13541666666666666
0 0.083984375 0.9752604166666666 0.07161458333333333 0.049479166666666664
0 0.037760416666666664 0.888671875 0.057291666666666664 0.053385416666666664
0 0.11588541666666667 0.7220052083333334 0.052083333333333336 0.05078125
0 0.17317708333333334 0.7962239583333334 0.049479166666666664 0.05078125
0 0.216796875 0.552734375 0.036458333333333336 0.036458333333333336
0 0.2845052083333333 0.7454427083333334 0.033854166666666664 0.033854166666666664
0 0.18815104166666666 0.8561197916666666 0.033854166666666664 0.036458333333333336
0 0.4388020833333333 0.12369791666666667 0.055989583333333336 0.052083333333333336
0 0.2845052083333333 0.013671875 0.029947916666666668 0.02734375
0 0.010416666666666666 0.3893229166666667 0.020833333333333332 0.078125
0 0.87109375 0.2890625 0.2578125 0.265625
0 0.7825520833333334 0.3502604166666667 0.0546875 0.0546875
0 0.8919270833333334 0.4381510416666667 0.049479166666666664 0.048177083333333336
0 0.5110677083333334 0.5403645833333334 0.0390625 0.036458333333333336
0 0.4010416666666667 0.7272135416666666 0.057291666666666664 0.049479166666666664
0 0.4192708333333333 0.853515625 0.03125 0.03515625
0 0.5377604166666666 0.8274739583333334 0.040364583333333336 0.033854166666666664
0 0.5279947916666666 0.94921875 0.032552083333333336 0.03515625
0 0.6217447916666666 0.8463541666666666 0.029947916666666668 0.03125
0 0.6640625 0.6822916666666666 0.029947916666666668 0.037760416666666664
0 0.8834635416666666 0.5475260416666666 0.044270833333333336 0.053385416666666664
0 0.27734375 0.6223958333333334 0.052083333333333336 0.048177083333333336
0 0.4420572916666667 0.2682291666666667 0.06510416666666667 0.06640625
0 0.7819010416666666 0.6764322916666666 0.03125 0.02734375
0 0.857421875 0.8391927083333334 0.022135416666666668 0.028645833333333332