0 0.5091145833333334 0.013020833333333334 0.028645833333333332 0.026041666666666668
0 0.5821744791666665 0.3569010416666667 0.03523437499999993 0.03605468750000007
0 0.0931380208333333 0.1261979166666667 0.030312500000000003 0.033763020833333345
0 0.8206380208333334 0.20399739583333334 0.03720052083333325 0.03662760416666666
0 0.4205078125000001 0.19489583333333335 0.032760416666666625 0.03325520833333336
0 0.3619140625000001 0.8688541666666666 0.03151041666666673 0.032630208333333265
0 0.2143880208333333 0.16627604166666665 0.03761718749999998 0.037760416666666664
0 0.10593750000000002 0.7287369791666666 0.03300781249999999 0.03187500000000002
0 0.918984375 0.06606770833333335 0.03151041666666673 0.03102864583333333
0 0.21708333333333338 0.2878645833333333 0.04458333333333334 0.047200520833333336
0 0.25412760416666663 0.1965885416666667 0.04925781249999998 0.0523697916666667
0 0.605078125 0.7294140625000001 0.03850260416666673 0.041432291666666586
0 0.35921875 0.04721354166666666 0.03748697916666662 0.03690104166666667
0 0.6522395833333334 0.30671875 0.03429687499999997 0.04126302083333333
0 0.8960807291666667 0.4384114583333334 0.05010416666666669 0.04833333333333334
0 0.1484375 0.008463541666666666 0.036458333333333336 0.016927083333333332
0 0.7195963541666668 0.2801171875 0.03880208333333327 0.03925781249999997
0 0.8085156250000001 0.9254296875 0.05069010416666675 0.049934895833333215
0 0.026041666666666668 0.609375 0.052083333333333336 0.06770833333333333
0 0.8610546874999999 0.5758333333333333 0.05751302083333343 0.06243489583333339
0 0.7061197916666666 0.6674348958333334 0.04703124999999986 0.05359375000000003
0 0.2884114583333333 0.016927083333333332 0.05078125 0.033854166666666664
0 0.9830729166666666 0.23502604166666666 0.033854166666666664 0.040364583333333336
0 0.9915364583333334 0.2805989583333333 0.016927083333333332 0.045572916666666664
0 0.7357682291666666 0.47479166666666667 0.04420572916666673 0.044921875
0 0.9445833333333334 0.9597916666666667 0.04597656249999993 0.0466927083333332
0 0.8044661458333332 0.5603385416666667 0.04703124999999986 0.04925781250000005
0 0.035807291666666664 0.9283854166666666 0.07161458333333333 0.11979166666666667
0 0.8273697916666668 0.7004427083333334 0.06513020833333331 0.06584635416666658
0 0.38953124999999994 0.40372395833333324 0.07683593749999999 0.07451822916666669
0 0.15645833333333328 0.5771744791666666 0.08841145833333332 0.09623697916666663
0 0.9108984374999999 0.11339843749999996 0.06778645833333326 0.0741015625