0 0.6640625 0.3880208333333333 0.06510416666666667 0.0703125
0 0.7115885416666666 0.40234375 0.022135416666666668 0.0234375
0 0.3430989583333333 0.123046875 0.016927083333333332 0.016927083333333332
0 0.32421875 0.10221354166666667 0.013020833333333334 0.014322916666666666
0 0.23111979166666666 0.15690104166666666 0.11067708333333333 0.11588541666666667
0 0.2623697916666667 0.15494791666666666 0.014322916666666666 0.013020833333333334
0 0.33203125 0.52734375 0.078125 0.078125
0 0.2623697916666667 0.509765625 0.02734375 0.024739583333333332
0 0.5494791666666666 0.2981770833333333 0.018229166666666668 0.015625
0 0.912109375 0.3313802083333333 0.016927083333333332 0.01953125
0 0.9342447916666666 0.46484375 0.05859375 0.06510416666666667
0 0.6627604166666666 0.7897135416666666 0.0234375 0.022135416666666668
0 0.51171875 0.7669270833333334 0.018229166666666668 0.018229166666666668
0 0.478515625 0.9765625 0.032552083333333336 0.03125
0 0.2760416666666667 0.388671875 0.018229166666666668 0.016927083333333332
0 0.146484375 0.5384114583333334 0.032552083333333336 0.029947916666666668
0 0.057942708333333336 0.19791666666666666 0.05078125 0.052083333333333336
0 0.024088541666666668 0.4453125 0.040364583333333336 0.0390625
0 0.6087239583333334 0.18359375 0.08463541666666667 0.08072916666666667
0 0.244140625 0.91015625 0.032552083333333336 0.028645833333333332
0 0.349609375 0.8645833333333334 0.15494791666666666 0.16927083333333334
0 0.21158854166666666 0.3990885416666667 0.01953125 0.022135416666666668
0 0.24283854166666666 0.4134114583333333 0.014322916666666666 0.016927083333333332
0 0.154296875 0.6321614583333334 0.061197916666666664 0.07682291666666667
0 0.08138020833333333 0.5677083333333334 0.06901041666666667 0.0859375
0 0.5794270833333334 0.59375 0.0390625 0.0390625
0 0.580078125 0.982421875 0.016927083333333332 0.016927083333333332
0 0.4524739583333333 0.20247395833333334 0.09765625 0.11588541666666667
0 0.5729166666666666 0.9186197916666666 0.052083333333333336 0.053385416666666664
0 0.14453125 0.14518229166666666 0.013020833333333334 0.01171875
0 0.3763020833333333 0.3411458333333333 0.015625 0.015625
0 0.216796875 0.5970052083333334 0.04296875 0.045572916666666664
0 0.4407552083333333 0.5188802083333334 0.014322916666666666 0.014322916666666666
0 0.818359375 0.8483072916666666 0.014322916666666666 0.014322916666666666
0 0.8912760416666666 0.9622395833333334 0.01171875 0.013020833333333334
0 0.578125 0.8352864583333334 0.015625 0.014322916666666666
0 0.11263020833333333 0.4765625 0.01171875 0.010416666666666666
0 0.099609375 0.4928385416666667 0.01171875 0.01171875
0 0.15950520833333334 0.931640625 0.014322916666666666 0.014322916666666666