0 0.8072916666666666 0.5462239583333334 0.026041666666666668 0.022135416666666668
0 0.9954427083333334 0.033854166666666664 0.006510416666666667 0.018229166666666668
0 0.5865885416666666 0.05859375 0.022135416666666668 0.020833333333333332
0 0.763671875 0.388671875 0.03515625 0.037760416666666664
0 0.4602864583333333 0.5787760416666666 0.029947916666666668 0.032552083333333336
0 0.353515625 0.3541666666666667 0.03515625 0.036458333333333336
0 0.4479166666666667 0.451171875 0.0234375 0.022135416666666668
0 0.8567708333333334 0.5774739583333334 0.1640625 0.16276041666666666
0 0.9388020833333334 0.6419270833333334 0.013020833333333334 0.015625
0 0.888671875 0.12239583333333333 0.01171875 0.010416666666666666
0 0.634765625 0.4654947916666667 0.01953125 0.01953125
0 0.6048177083333334 0.5032552083333334 0.048177083333333336 0.055989583333333336
0 0.34375 0.521484375 0.033854166666666664 0.032552083333333336
0 0.17317708333333334 0.9049479166666666 0.026041666666666668 0.03125
0 0.21354166666666666 0.4869791666666667 0.0234375 0.026041666666666668
0 0.2708333333333333 0.2923177083333333 0.03125 0.029947916666666668
0 0.20638020833333334 0.24739583333333334 0.03515625 0.033854166666666664
0 0.12630208333333334 0.22981770833333334 0.09375 0.12369791666666667
0 0.8138020833333334 0.208984375 0.020833333333333332 0.01953125
0 0.8756510416666666 0.23177083333333334 0.014322916666666666 0.013020833333333334
0 0.845703125 0.2805989583333333 0.022135416666666668 0.01953125
0 0.85546875 0.9140625 0.020833333333333332 0.018229166666666668
0 0.505859375 0.2942708333333333 0.016927083333333332 0.018229166666666668
0 0.4134114583333333 0.3899739583333333 0.014322916666666666 0.016927083333333332
0 0.07096354166666667 0.7298177083333334 0.12369791666666667 0.13411458333333334
0 0.12955729166666666 0.018229166666666668 0.01953125 0.018229166666666668
0 0.2760416666666667 0.4505208333333333 0.018229166666666668 0.015625
0 0.5227864583333334 0.26953125 0.014322916666666666 0.018229166666666668
0 0.326171875 0.22721354166666666 0.01953125 0.016927083333333332
0 0.251953125 0.3567708333333333 0.016927083333333332 0.018229166666666668
0 0.7395833333333334 0.24348958333333334 0.013020833333333334 0.010416666666666666
0 0.24934895833333334 0.21940104166666666 0.06901041666666667 0.07942708333333333
0 0.5865885416666666 0.7890625 0.01171875 0.010416666666666666
0 0.6315104166666666 0.24674479166666666 0.041666666666666664 0.04296875
0 0.537109375 0.6002604166666666 0.01171875 0.015625
0 0.9427083333333334 0.9791666666666666 0.018229166666666668 0.020833333333333332
0 0.5162760416666666 0.7578125 0.014322916666666666 0.013020833333333334
0 0.400390625 0.7220052083333334 0.014322916666666666 0.01171875
0 0.3873697916666667 0.057942708333333336 0.009114583333333334 0.009114583333333334
0 0.3743489583333333 0.06640625 0.009114583333333334 0.010416666666666666
0 0.330078125 0.05078125 0.009114583333333334 0.010416666666666666
0 0.2805989583333333 0.12825520833333334 0.009114583333333334 0.009114583333333334
0 0.333984375 0.5885416666666666 0.02734375 0.026041666666666668
0 0.6184895833333334 0.4713541666666667 0.013020833333333334 0.013020833333333334
0 0.408203125 0.337890625 0.014322916666666666 0.014322916666666666
0 0.9205729166666666 0.9205729166666666 0.013020833333333334 0.013020833333333334
0 0.82421875 0.8359375 0.010416666666666666 0.010416666666666666
0 0.8665364583333334 0.24088541666666666 0.2643229166666667 0.4791666666666667
0 0.9680989583333334 0.171875 0.01171875 0.013020833333333334
0 0.8951822916666666 0.17513020833333334 0.014322916666666666 0.014322916666666666
0 0.8958333333333334 0.21875 0.013020833333333334 0.015625
0 0.83203125 0.24609375 0.036458333333333336 0.044270833333333336
0 0.9361979166666666 0.056640625 0.0078125 0.009114583333333334