0 0.4798177083333333 0.5631510416666666 0.022135416666666668 0.022135416666666668
0 0.4361979166666667 0.955078125 0.022135416666666668 0.0234375
0 0.9889322916666666 0.09700520833333333 0.022135416666666668 0.024739583333333332
0 0.054036458333333336 0.7467447916666666 0.01953125 0.01953125
0 0.271484375 0.591796875 0.02734375 0.026041666666666668
0 0.4889322916666667 0.650390625 0.028645833333333332 0.02734375
0 0.3756510416666667 0.6354166666666666 0.020833333333333332 0.020833333333333332
0 0.2962239583333333 0.9290364583333334 0.028645833333333332 0.028645833333333332
0 0.8743489583333334 0.32421875 0.02734375 0.02734375
0 0.8997395833333334 0.4186197916666667 0.020833333333333332 0.01953125
0 0.19596354166666666 0.8880208333333334 0.028645833333333332 0.03125
0 0.708984375 0.14192708333333334 0.028645833333333332 0.028645833333333332
0 0.5247395833333334 0.75390625 0.033854166666666664 0.028645833333333332
0 0.013671875 0.3118489583333333 0.02734375 0.045572916666666664
0 0.9850260416666666 0.314453125 0.029947916666666668 0.02734375
0 0.3001302083333333 0.7096354166666666 0.01953125 0.020833333333333332
0 0.9055989583333334 0.5390625 0.026041666666666668 0.026041666666666668
0 0.9720052083333334 0.18619791666666666 0.03125 0.032552083333333336
0 0.5325520833333334 0.4420572916666667 0.029947916666666668 0.03125
0 0.5481770833333334 0.5514322916666666 0.029947916666666668 0.02734375
0 0.13802083333333334 0.4947916666666667 0.024739583333333332 0.022135416666666668
0 0.17643229166666666 0.744140625 0.020833333333333332 0.020833333333333332
0 0.05859375 0.8971354166666666 0.037760416666666664 0.036458333333333336
0 0.5377604166666666 0.9817708333333334 0.01953125 0.018229166666666668
0 0.4153645833333333 0.8736979166666666 0.02734375 0.024739583333333332
0 0.4563802083333333 0.8385416666666666 0.036458333333333336 0.03125
0 0.4446614583333333 0.6302083333333334 0.037760416666666664 0.0390625
0 0.9954427083333334 0.978515625 0.009114583333333334 0.03515625
0 0.76171875 0.609375 0.040364583333333336 0.040364583333333336
0 0.4876302083333333 0.5358072916666666 0.020833333333333332 0.01953125
0 0.4296875 0.4713541666666667 0.040364583333333336 0.037760416666666664
0 0.650390625 0.53515625 0.036458333333333336 0.029947916666666668
0 0.51953125 0.9212239583333334 0.024739583333333332 0.01953125
0 0.9322916666666666 0.4713541666666667 0.029947916666666668 0.02734375
0 0.9720052083333334 0.6614583333333334 0.02734375 0.02734375
0 0.5989583333333334 0.8567708333333334 0.01953125 0.020833333333333332
0 0.6041666666666666 0.9876302083333334 0.01953125 0.01953125
0 0.22135416666666666 0.7890625 0.04296875 0.04296875
0 0.1875 0.791015625 0.022135416666666668 0.022135416666666668
0 0.921875 0.3450520833333333 0.09635416666666667 0.08854166666666667
0 0.064453125 0.5149739583333334 0.044270833333333336 0.032552083333333336
0 0.5846354166666666 0.9342447916666666 0.016927083333333332 0.016927083333333332
0 0.3268229166666667 0.3821614583333333 0.049479166666666664 0.049479166666666664
0 0.2942708333333333 0.38671875 0.041666666666666664 0.045572916666666664
0 0.18229166666666666 0.3444010416666667 0.05078125 0.05078125
0 0.5065104166666666 0.974609375 0.015625 0.016927083333333332