0 0.296875 0.3626302083333333 0.044270833333333336 0.048177083333333336
0 0.5540364583333334 0.3587239583333333 0.022135416666666668 0.01953125
0 0.5904947916666666 0.8658854166666666 0.01953125 0.018229166666666668
0 0.6158854166666666 0.8235677083333334 0.015625 0.02734375
0 0.6490885416666666 0.970703125 0.01953125 0.01953125
0 0.8313802083333334 0.8977864583333334 0.01953125 0.029947916666666668
0 0.587890625 0.2662760416666667 0.02734375 0.016927083333333332
0 0.5234375 0.22786458333333334 0.020833333333333332 0.020833333333333332
0 0.4694010416666667 0.4485677083333333 0.022135416666666668 0.022135416666666668
0 0.23958333333333334 0.7272135416666666 0.020833333333333332 0.022135416666666668
0 0.037109375 0.23177083333333334 0.01953125 0.013020833333333334
0 0.6432291666666666 0.5481770833333334 0.013020833333333334 0.015625
0 0.6770833333333334 0.6569010416666666 0.0234375 0.016927083333333332
0 0.7369791666666666 0.022786458333333332 0.020833333333333332 0.024739583333333332
0 0.31640625 0.8489583333333334 0.015625 0.015625
0 0.6686197916666666 0.3873697916666667 0.01953125 0.014322916666666666
0 0.3177083333333333 0.5358072916666666 0.013020833333333334 0.014322916666666666
0 0.22591145833333334 0.986328125 0.016927083333333332 0.016927083333333332
0 0.615234375 0.13020833333333334 0.016927083333333332 0.015625
0 0.6223958333333334 0.09244791666666667 0.020833333333333332 0.018229166666666668
0 0.841796875 0.20182291666666666 0.014322916666666666 0.013020833333333334
0 0.050130208333333336 0.5416666666666666 0.014322916666666666 0.015625