0 0.9244791666666666 0.2779947916666667 0.03125 0.037760416666666664
0 0.8763020833333334 0.2421875 0.0390625 0.046875
0 0.912109375 0.22721354166666666 0.01953125 0.016927083333333332
0 0.93359375 0.142578125 0.015625 0.022135416666666668
0 0.9479166666666666 0.10026041666666667 0.026041666666666668 0.028645833333333332
0 0.9544270833333334 0.5123697916666666 0.026041666666666668 0.024739583333333332
0 0.9186197916666666 0.5638020833333334 0.01953125 0.013020833333333334
0 0.8958333333333334 0.4811197916666667 0.052083333333333336 0.055989583333333336
0 0.8209635416666666 0.2936197916666667 0.032552083333333336 0.045572916666666664
0 0.7623697916666666 0.3444010416666667 0.01953125 0.022135416666666668
0 0.7174479166666666 0.5338541666666666 0.026041666666666668 0.028645833333333332
0 0.849609375 0.7838541666666666 0.024739583333333332 0.028645833333333332
0 0.814453125 0.8046875 0.01953125 0.013020833333333334
0 0.9440104166666666 0.6438802083333334 0.09635416666666667 0.12109375
0 0.5657552083333334 0.2669270833333333 0.022135416666666668 0.0234375
0 0.6790364583333334 0.12825520833333334 0.014322916666666666 0.024739583333333332
0 0.681640625 0.78515625 0.045572916666666664 0.052083333333333336
0 0.3828125 0.7317708333333334 0.033854166666666664 0.028645833333333332
0 0.2884114583333333 0.57421875 0.02734375 0.033854166666666664
0 0.435546875 0.15690104166666666 0.022135416666666668 0.032552083333333336
0 0.46875 0.2552083333333333 0.018229166666666668 0.018229166666666668
0 0.8854166666666666 0.055338541666666664 0.020833333333333332 0.022135416666666668
0 0.298828125 0.7955729166666666 0.022135416666666668 0.020833333333333332
0 0.5377604166666666 0.7630208333333334 0.052083333333333336 0.052083333333333336
0 0.6471354166666666 0.9837239583333334 0.015625 0.01953125
0 0.560546875 0.6223958333333334 0.05859375 0.06510416666666667
0 0.6647135416666666 0.5709635416666666 0.045572916666666664 0.07161458333333333
0 0.6575520833333334 0.232421875 0.020833333333333332 0.032552083333333336
0 0.712890625 0.669921875 0.06640625 0.061197916666666664
0 0.7682291666666666 0.08984375 0.018229166666666668 0.013020833333333334
0 0.873046875 0.2864583333333333 0.01953125 0.010416666666666666
0 0.4850260416666667 0.3736979166666667 0.07942708333333333 0.07552083333333333
0 0.6048177083333334 0.3619791666666667 0.022135416666666668 0.013020833333333334
0 0.3326822916666667 0.486328125 0.01953125 0.01953125
0 0.4388020833333333 0.5735677083333334 0.15625 0.18880208333333334
0 0.40625 0.6829427083333334 0.015625 0.016927083333333332
0 0.24609375 0.029947916666666668 0.018229166666666668 0.026041666666666668
0 0.271484375 0.4420572916666667 0.12369791666666667 0.11328125
0 0.20182291666666666 0.5091145833333334 0.018229166666666668 0.018229166666666668
0 0.2513020833333333 0.6731770833333334 0.0390625 0.036458333333333336
0 0.1953125 0.630859375 0.044270833333333336 0.048177083333333336
0 0.169921875 0.865234375 0.032552083333333336 0.029947916666666668
0 0.1015625 0.2747395833333333 0.013020833333333334 0.018229166666666668
0 0.07486979166666667 0.349609375 0.014322916666666666 0.014322916666666666
0 0.259765625 0.2610677083333333 0.01953125 0.01953125
0 0.16080729166666666 0.046875 0.01953125 0.018229166666666668
0 0.11979166666666667 0.3958333333333333 0.1015625 0.13020833333333334
0 0.19856770833333334 0.3072916666666667 0.14192708333333334 0.1484375
0 0.055338541666666664 0.2903645833333333 0.014322916666666666 0.013020833333333334
0 0.026041666666666668 0.375 0.044270833333333336 0.06510416666666667
0 0.451171875 0.095703125 0.3372395833333333 0.18098958333333334
0 0.5618489583333334 0.80859375 0.01171875 0.013020833333333334
0 0.8763020833333334 0.8606770833333334 0.0390625 0.044270833333333336
0 0.061197916666666664 0.6809895833333334 0.041666666666666664 0.0390625