0 0.018880208333333332 0.7434895833333334 0.03515625 0.044270833333333336
0 0.054036458333333336 0.875 0.05859375 0.052083333333333336
0 0.21875 0.66796875 0.13020833333333334 0.13020833333333334
0 0.4895833333333333 0.681640625 0.03125 0.029947916666666668
0 0.5240885416666666 0.9114583333333334 0.03515625 0.03125
0 0.5169270833333334 0.9661458333333334 0.015625 0.015625
0 0.673828125 0.9772135416666666 0.048177083333333336 0.032552083333333336
0 0.6419270833333334 0.7161458333333334 0.06510416666666667 0.057291666666666664
0 0.74609375 0.7024739583333334 0.06510416666666667 0.07421875
0 0.8489583333333334 0.66015625 0.036458333333333336 0.036458333333333336
0 0.4401041666666667 0.24479166666666666 0.0390625 0.052083333333333336
0 0.8697916666666666 0.775390625 0.026041666666666668 0.02734375
0 0.23828125 0.8600260416666666 0.24739583333333334 0.25390625
0 0.4733072916666667 0.8098958333333334 0.20963541666666666 0.15885416666666666
0 0.6236979166666666 0.814453125 0.020833333333333332 0.01953125
0 0.666015625 0.609375 0.016927083333333332 0.018229166666666668
0 0.404296875 0.3899739583333333 0.01953125 0.016927083333333332
0 0.11848958333333333 0.314453125 0.013020833333333334 0.014322916666666666
0 0.018229166666666668 0.08528645833333333 0.033854166666666664 0.045572916666666664
0 0.2923177083333333 0.037760416666666664 0.08203125 0.07552083333333333
0 0.5794270833333334 0.059244791666666664 0.0234375 0.01953125
0 0.6380208333333334 0.01171875 0.044270833333333336 0.0234375
0 0.71484375 0.275390625 0.026041666666666668 0.02734375
0 0.052734375 0.13411458333333334 0.032552083333333336 0.026041666666666668
0 0.5794270833333334 0.9765625 0.018229166666666668 0.015625
0 0.014322916666666666 0.6940104166666666 0.026041666666666668 0.07291666666666667
0 0.28515625 0.026692708333333332 0.018229166666666668 0.016927083333333332