0 0.6165364583333334 0.4720052083333333 0.053385416666666664 0.048177083333333336
0 0.5338541666666666 0.13736979166666666 0.013020833333333334 0.016927083333333332
0 0.5130208333333334 0.045572916666666664 0.015625 0.018229166666666668
0 0.5638020833333334 0.09830729166666667 0.21875 0.19401041666666666
0 0.6171875 0.2799479166666667 0.0234375 0.0234375
0 0.69921875 0.310546875 0.013020833333333334 0.014322916666666666
0 0.5442708333333334 0.4375 0.0390625 0.0390625
0 0.22200520833333334 0.4811197916666667 0.01953125 0.016927083333333332
0 0.21484375 0.7643229166666666 0.018229166666666668 0.0234375
0 0.2936197916666667 0.3111979166666667 0.016927083333333332 0.018229166666666668
0 0.2708333333333333 0.14908854166666666 0.018229166666666668 0.01953125
0 0.3424479166666667 0.4244791666666667 0.013020833333333334 0.018229166666666668
0 0.10416666666666667 0.1796875 0.028645833333333332 0.028645833333333332
0 0.2109375 0.20638020833333334 0.010416666666666666 0.01171875
0 0.11653645833333333 0.21223958333333334 0.014322916666666666 0.015625
0 0.13606770833333334 0.5286458333333334 0.016927083333333332 0.018229166666666668
0 0.037109375 0.2779947916666667 0.05859375 0.09505208333333333
0 0.020833333333333332 0.6041666666666666 0.015625 0.015625
0 0.031901041666666664 0.6022135416666666 0.06380208333333333 0.15494791666666666
0 0.9694010416666666 0.22330729166666666 0.01953125 0.01953125
0 0.8912760416666666 0.2649739583333333 0.014322916666666666 0.014322916666666666
0 0.927734375 0.16471354166666666 0.02734375 0.029947916666666668
0 0.8697916666666666 0.03125 0.018229166666666668 0.020833333333333332
0 0.955078125 0.4596354166666667 0.01953125 0.018229166666666668
0 0.943359375 0.6158854166666666 0.05078125 0.052083333333333336
0 0.6627604166666666 0.751953125 0.026041666666666668 0.024739583333333332
0 0.576171875 0.9010416666666666 0.053385416666666664 0.0625
0 0.79296875 0.8053385416666666 0.4114583333333333 0.3893229166666667
0 0.564453125 0.8424479166666666 0.024739583333333332 0.0234375
0 0.4524739583333333 0.931640625 0.06640625 0.06380208333333333
0 0.212890625 0.9641927083333334 0.016927083333333332 0.016927083333333332
0 0.21158854166666666 0.1015625 0.01171875 0.013020833333333334
0 0.822265625 0.006510416666666667 0.014322916666666666 0.010416666666666666
0 0.8548177083333334 0.16861979166666666 0.01171875 0.014322916666666666
0 0.6861979166666666 0.24479166666666666 0.010416666666666666 0.013020833333333334
0 0.732421875 0.18489583333333334 0.01171875 0.010416666666666666
0 0.5709635416666666 0.107421875 0.01171875 0.01171875
0 0.365234375 0.2701822916666667 0.04296875 0.048177083333333336
0 0.08984375 0.072265625 0.013020833333333334 0.014322916666666666
0 0.18684895833333334 0.3756510416666667 0.01171875 0.01171875
0 0.115234375 0.373046875 0.01171875 0.01171875
0 0.21484375 0.3645833333333333 0.010416666666666666 0.010416666666666666
0 0.23372395833333334 0.5651041666666666 0.01171875 0.013020833333333334
0 0.17838541666666666 0.5045572916666666 0.013020833333333334 0.01171875
0 0.25390625 0.5279947916666666 0.010416666666666666 0.009114583333333334
0 0.263671875 0.6158854166666666 0.01171875 0.013020833333333334
0 0.287109375 0.591796875 0.009114583333333334 0.009114583333333334
0 0.16471354166666666 0.498046875 0.18619791666666666 0.22526041666666666
0 0.008463541666666666 0.73046875 0.014322916666666666 0.013020833333333334
0 0.014322916666666666 0.775390625 0.013020833333333334 0.014322916666666666
0 0.134765625 0.990234375 0.01953125 0.016927083333333332
0 0.4641927083333333 0.7330729166666666 0.01171875 0.013020833333333334
0 0.9264322916666666 0.7962239583333334 0.014322916666666666 0.01171875
0 0.68359375 0.5989583333333334 0.013020833333333334 0.013020833333333334
0 0.7265625 0.6302083333333334 0.015625 0.018229166666666668
0 0.7239583333333334 0.365234375 0.013020833333333334 0.01171875
0 0.8391927083333334 0.552734375 0.009114583333333334 0.01171875
0 0.8020833333333334 0.4322916666666667 0.010416666666666666 0.013020833333333334