0 0.22786458333333334 0.6028645833333334 0.018229166666666668 0.020833333333333332
0 0.3815104166666667 0.6868489583333334 0.14322916666666666 0.15755208333333334
0 0.33984375 0.5846354166666666 0.078125 0.0703125
0 0.5201822916666666 0.7669270833333334 0.048177083333333336 0.044270833333333336
0 0.498046875 0.7024739583333334 0.016927083333333332 0.009114583333333334
0 0.55078125 0.8502604166666666 0.026041666666666668 0.026041666666666668
0 0.6184895833333334 0.8411458333333334 0.020833333333333332 0.018229166666666668
0 0.5690104166666666 0.74609375 0.015625 0.013020833333333334
0 0.580078125 0.62109375 0.01953125 0.013020833333333334
0 0.7194010416666666 0.748046875 0.055989583333333336 0.061197916666666664
0 0.6829427083333334 0.8359375 0.022135416666666668 0.026041666666666668
0 0.3834635416666667 0.4498697916666667 0.022135416666666668 0.01953125
0 0.3932291666666667 0.126953125 0.036458333333333336 0.037760416666666664
0 0.7727864583333334 0.376953125 0.05078125 0.061197916666666664
0 0.54296875 0.21809895833333334 0.041666666666666664 0.05078125
0 0.5540364583333334 0.06575520833333333 0.01953125 0.01953125
0 0.232421875 0.326171875 0.024739583333333332 0.01953125
0 0.23372395833333334 0.43359375 0.016927083333333332 0.013020833333333334
0 0.013671875 0.06380208333333333 0.01953125 0.0234375
0 0.08723958333333333 0.3489583333333333 0.171875 0.234375
0 0.1015625 0.7265625 0.1953125 0.2734375
0 0.4016927083333333 0.7786458333333334 0.05078125 0.052083333333333336
0 0.7109375 0.3346354166666667 0.026041666666666668 0.026041666666666668
0 0.7552083333333334 0.20572916666666666 0.0546875 0.052083333333333336
0 0.7395833333333334 0.2532552083333333 0.026041666666666668 0.029947916666666668
0 0.85546875 0.7981770833333334 0.028645833333333332 0.026041666666666668
0 0.638671875 0.044921875 0.05859375 0.048177083333333336
0 0.81640625 0.4368489583333333 0.036458333333333336 0.032552083333333336
0 0.3346354166666667 0.19921875 0.015625 0.013020833333333334
0 0.5397135416666666 0.5078125 0.016927083333333332 0.018229166666666668
0 0.4407552083333333 0.3684895833333333 0.05078125 0.052083333333333336
0 0.53515625 0.3098958333333333 0.24739583333333334 0.2734375
0 0.06640625 0.18229166666666666 0.033854166666666664 0.03125
0 0.90625 0.07552083333333333 0.03125 0.026041666666666668
0 0.9479166666666666 0.9088541666666666 0.09114583333333333 0.1171875
0 0.9479166666666666 0.041666666666666664 0.020833333333333332 0.015625
0 0.9401041666666666 0.11002604166666667 0.028645833333333332 0.022135416666666668
0 0.9641927083333334 0.06966145833333333 0.01953125 0.01953125
0 0.9661458333333334 0.14713541666666666 0.0546875 0.06510416666666667
0 0.6295572916666666 0.14322916666666666 0.040364583333333336 0.046875
0 0.7083333333333334 0.016276041666666668 0.020833333333333332 0.016927083333333332
0 0.3059895833333333 0.3958333333333333 0.018229166666666668 0.018229166666666668
0 0.2532552083333333 0.10416666666666667 0.03515625 0.033854166666666664
0 0.193359375 0.18489583333333334 0.040364583333333336 0.028645833333333332