0 0.791015625 0.15104166666666666 0.045572916666666664 0.041666666666666664
0 0.8626302083333334 0.042317708333333336 0.01953125 0.01953125
0 0.96484375 0.036458333333333336 0.015625 0.020833333333333332
0 0.8151041666666666 0.49609375 0.036458333333333336 0.0390625
0 0.826171875 0.578125 0.01953125 0.03125
0 0.546875 0.046875 0.06510416666666667 0.06770833333333333
0 0.466796875 0.3450520833333333 0.08203125 0.078125
0 0.5104166666666666 0.53125 0.020833333333333332 0.020833333333333332
0 0.921875 0.8385416666666666 0.028645833333333332 0.020833333333333332
0 0.9108072916666666 0.66015625 0.024739583333333332 0.020833333333333332
0 0.23372395833333334 0.4036458333333333 0.024739583333333332 0.026041666666666668
0 0.4388020833333333 0.23177083333333334 0.020833333333333332 0.018229166666666668
0 0.18033854166666666 0.5625 0.016927083333333332 0.026041666666666668
0 0.016276041666666668 0.13997395833333334 0.01953125 0.01953125
0 0.08528645833333333 0.72265625 0.061197916666666664 0.052083333333333336
0 0.2962239583333333 0.8365885416666666 0.01953125 0.01953125
0 0.4108072916666667 0.6158854166666666 0.016927083333333332 0.018229166666666668
0 0.3678385416666667 0.5462239583333334 0.01953125 0.01953125
0 0.8509114583333334 0.9212239583333334 0.04296875 0.045572916666666664
0 0.341796875 0.12434895833333333 0.01953125 0.014322916666666666
0 0.6686197916666666 0.24153645833333334 0.08723958333333333 0.08984375
0 0.2421875 0.87890625 0.015625 0.013020833333333334
0 0.11263020833333333 0.6412760416666666 0.01171875 0.014322916666666666
0 0.033203125 0.4147135416666667 0.06640625 0.10807291666666667
0 0.022135416666666668 0.7044270833333334 0.013020833333333334 0.013020833333333334
0 0.3014322916666667 0.9869791666666666 0.016927083333333332 0.013020833333333334
0 0.2936197916666667 0.041666666666666664 0.014322916666666666 0.013020833333333334
0 0.3444010416666667 0.039713541666666664 0.016927083333333332 0.016927083333333332
0 0.173828125 0.12760416666666666 0.014322916666666666 0.013020833333333334
0 0.15104166666666666 0.087890625 0.015625 0.01171875
0 0.8450520833333334 0.020833333333333332 0.015625 0.020833333333333332
0 0.9615885416666666 0.06575520833333333 0.016927083333333332 0.02734375