0 0.3072916666666667 0.6484375 0.03125 0.026041666666666668
0 0.2890625 0.60546875 0.15364583333333334 0.17708333333333334
0 0.08203125 0.8333333333333334 0.06510416666666667 0.059895833333333336
0 0.16015625 0.8723958333333334 0.078125 0.07291666666666667
0 0.189453125 0.78515625 0.01953125 0.026041666666666668
0 0.16341145833333334 0.9596354166666666 0.01953125 0.015625
0 0.09700520833333333 0.6549479166666666 0.022135416666666668 0.026041666666666668
0 0.2584635416666667 0.8014322916666666 0.024739583333333332 0.01953125
0 0.3333333333333333 0.8001302083333334 0.020833333333333332 0.01953125
0 0.142578125 0.5423177083333334 0.016927083333333332 0.024739583333333332
0 0.099609375 0.54296875 0.01953125 0.0234375
0 0.3723958333333333 0.6256510416666666 0.018229166666666668 0.01953125
0 0.3587239583333333 0.6966145833333334 0.07161458333333333 0.059895833333333336
0 0.5279947916666666 0.8229166666666666 0.11067708333333333 0.10677083333333333
0 0.5540364583333334 0.640625 0.07161458333333333 0.06770833333333333
0 0.5188802083333334 0.4752604166666667 0.02734375 0.033854166666666664
0 0.716796875 0.439453125 0.01953125 0.014322916666666666
0 0.8255208333333334 0.5149739583333334 0.026041666666666668 0.01953125
0 0.7578125 0.8046875 0.0234375 0.026041666666666668
0 0.822265625 0.8776041666666666 0.08463541666666667 0.08333333333333333
0 0.794921875 0.5950520833333334 0.01953125 0.015625
0 0.7662760416666666 0.5338541666666666 0.05859375 0.059895833333333336
0 0.8619791666666666 0.5735677083333334 0.09375 0.08463541666666667
0 0.4518229166666667 0.224609375 0.028645833333333332 0.02734375
0 0.6048177083333334 0.146484375 0.022135416666666668 0.02734375
0 0.7584635416666666 0.4375 0.03515625 0.0390625
0 0.8567708333333334 0.17838541666666666 0.0390625 0.028645833333333332
0 0.8997395833333334 0.2955729166666667 0.13802083333333334 0.11979166666666667
0 0.11979166666666667 0.298828125 0.08854166666666667 0.08463541666666667
0 0.024088541666666668 0.498046875 0.040364583333333336 0.040364583333333336
0 0.04296875 0.970703125 0.06510416666666667 0.05859375
0 0.021484375 0.4205729166666667 0.04296875 0.052083333333333336
0 0.28125 0.047526041666666664 0.046875 0.053385416666666664
0 0.123046875 0.057942708333333336 0.016927083333333332 0.022135416666666668
0 0.3203125 0.326171875 0.020833333333333332 0.01953125
0 0.326171875 0.23502604166666666 0.09765625 0.12369791666666667
0 0.5904947916666666 0.373046875 0.02734375 0.024739583333333332
0 0.623046875 0.2526041666666667 0.024739583333333332 0.018229166666666668
0 0.3736979166666667 0.4680989583333333 0.036458333333333336 0.04296875
0 0.912109375 0.025390625 0.01953125 0.016927083333333332