0 0.2942708333333333 0.9251302083333334 0.020833333333333332 0.01953125
0 0.89453125 0.77734375 0.0625 0.0625
0 0.8248697916666666 0.3880208333333333 0.024739583333333332 0.026041666666666668
0 0.8671875 0.349609375 0.013020833333333334 0.01171875
0 0.8053385416666666 0.494140625 0.01171875 0.010416666666666666
0 0.6549479166666666 0.6236979166666666 0.020833333333333332 0.022135416666666668
0 0.724609375 0.19791666666666666 0.014322916666666666 0.015625
0 0.9309895833333334 0.4694010416666667 0.009114583333333334 0.010416666666666666
0 0.8763020833333334 0.6490885416666666 0.01171875 0.01171875
0 0.16080729166666666 0.7766927083333334 0.013020833333333334 0.013020833333333334
0 0.8997395833333334 0.4947916666666667 0.009114583333333334 0.009114583333333334
0 0.421875 0.17578125 0.01171875 0.013020833333333334
0 0.2643229166666667 0.615234375 0.014322916666666666 0.014322916666666666
0 0.5768229166666666 0.7311197916666666 0.009114583333333334 0.009114583333333334