0 0.2708333333333333 0.08463541666666667 0.018229166666666668 0.010416666666666666
0 0.2513020833333333 0.26171875 0.015625 0.018229166666666668
0 0.15690104166666666 0.3424479166666667 0.029947916666666668 0.028645833333333332
0 0.08072916666666667 0.3828125 0.026041666666666668 0.0234375
0 0.6888020833333334 0.028645833333333332 0.0234375 0.0234375
0 0.6796875 0.056640625 0.0234375 0.022135416666666668
0 0.4654947916666667 0.3111979166666667 0.01953125 0.018229166666666668
0 0.3372395833333333 0.21809895833333334 0.018229166666666668 0.016927083333333332
0 0.8795572916666666 0.15169270833333334 0.024739583333333332 0.029947916666666668
0 0.828125 0.4147135416666667 0.015625 0.01953125
0 0.4544270833333333 0.359375 0.0546875 0.046875
0 0.3170572916666667 0.4850260416666667 0.016927083333333332 0.014322916666666666
0 0.11979166666666667 0.427734375 0.015625 0.014322916666666666
0 0.3033854166666667 0.7890625 0.046875 0.044270833333333336
0 0.3873697916666667 0.8125 0.07161458333333333 0.06510416666666667
0 0.4850260416666667 0.4420572916666667 0.01953125 0.016927083333333332
0 0.6881510416666666 0.4388020833333333 0.12109375 0.10677083333333333
0 0.3756510416666667 0.498046875 0.016927083333333332 0.014322916666666666
0 0.5768229166666666 0.681640625 0.020833333333333332 0.01953125
0 0.5104166666666666 0.62890625 0.057291666666666664 0.052083333333333336
0 0.673828125 0.5690104166666666 0.022135416666666668 0.020833333333333332
0 0.7610677083333334 0.6432291666666666 0.18359375 0.16927083333333334
0 0.5559895833333334 0.8919270833333334 0.020833333333333332 0.018229166666666668
0 0.3997395833333333 0.9811197916666666 0.018229166666666668 0.01953125
0 0.5677083333333334 0.87109375 0.018229166666666668 0.018229166666666668
0 0.7428385416666666 0.916015625 0.024739583333333332 0.022135416666666668
0 0.619140625 0.306640625 0.09244791666666667 0.09765625
0 0.9459635416666666 0.26171875 0.022135416666666668 0.018229166666666668
0 0.4466145833333333 0.9192708333333334 0.018229166666666668 0.015625
0 0.9811197916666666 0.384765625 0.016927083333333332 0.014322916666666666
0 0.5071614583333334 0.4453125 0.01953125 0.018229166666666668
0 0.5026041666666666 0.4309895833333333 0.018229166666666668 0.018229166666666668
0 0.5462239583333334 0.4127604166666667 0.06380208333333333 0.052083333333333336
0 0.51953125 0.6627604166666666 0.0546875 0.044270833333333336
0 0.765625 0.4641927083333333 0.013020833333333334 0.01171875
0 0.8743489583333334 0.5533854166666666 0.014322916666666666 0.013020833333333334
0 0.2513020833333333 0.341796875 0.013020833333333334 0.01171875
0 0.484375 0.541015625 0.010416666666666666 0.01171875
0 0.123046875 0.5638020833333334 0.01171875 0.010416666666666666