0 0.7161458333333334 0.51953125 0.0234375 0.0234375
0 0.8802083333333334 0.275390625 0.10677083333333333 0.12369791666666667
0 0.8763020833333334 0.234375 0.0390625 0.044270833333333336
0 0.865234375 0.095703125 0.014322916666666666 0.014322916666666666
0 0.8001302083333334 0.08854166666666667 0.014322916666666666 0.015625
0 0.5319010416666666 0.06315104166666667 0.016927083333333332 0.014322916666666666
0 0.65625 0.07291666666666667 0.033854166666666664 0.033854166666666664
0 0.927734375 0.5240885416666666 0.016927083333333332 0.016927083333333332
0 0.9010416666666666 0.8411458333333334 0.0234375 0.03125
0 0.5716145833333334 0.390625 0.0234375 0.0234375
0 0.443359375 0.3697916666666667 0.01953125 0.0234375
0 0.37890625 0.3854166666666667 0.078125 0.08333333333333333
0 0.3391927083333333 0.2513020833333333 0.01953125 0.026041666666666668
0 0.3248697916666667 0.3033854166666667 0.13411458333333334 0.14322916666666666
0 0.3352864583333333 0.041015625 0.053385416666666664 0.061197916666666664
0 0.2981770833333333 0.11067708333333333 0.015625 0.013020833333333334
0 0.2545572916666667 0.06315104166666667 0.01171875 0.01171875
0 0.205078125 0.018880208333333332 0.014322916666666666 0.016927083333333332
0 0.5833333333333334 0.006510416666666667 0.015625 0.010416666666666666
0 0.4563802083333333 0.705078125 0.022135416666666668 0.024739583333333332
0 0.41796875 0.6608072916666666 0.018229166666666668 0.016927083333333332
0 0.2877604166666667 0.66796875 0.018229166666666668 0.020833333333333332
0 0.408203125 0.7975260416666666 0.014322916666666666 0.014322916666666666
0 0.05078125 0.5338541666666666 0.018229166666666668 0.020833333333333332
0 0.4505208333333333 0.026041666666666668 0.0546875 0.049479166666666664
0 0.6510416666666666 0.8580729166666666 0.018229166666666668 0.018229166666666668
0 0.90234375 0.4303385416666667 0.013020833333333334 0.01171875
0 0.6588541666666666 0.4055989583333333 0.013020833333333334 0.01171875
0 0.3580729166666667 0.9537760416666666 0.015625 0.016927083333333332
0 0.2109375 0.294921875 0.041666666666666664 0.037760416666666664
0 0.23307291666666666 0.4114583333333333 0.010416666666666666 0.013020833333333334
0 0.4127604166666667 0.1484375 0.013020833333333334 0.013020833333333334
0 0.5397135416666666 0.08854166666666667 0.01171875 0.013020833333333334
0 0.9921875 0.4270833333333333 0.010416666666666666 0.013020833333333334
0 0.9850260416666666 0.19270833333333334 0.01171875 0.013020833333333334
0 0.8463541666666666 0.5188802083333334 0.010416666666666666 0.01171875
0 0.8502604166666666 0.3821614583333333 0.010416666666666666 0.01171875
0 0.7220052083333334 0.4427083333333333 0.01171875 0.010416666666666666
0 0.6328125 0.6510416666666666 0.013020833333333334 0.015625
0 0.12760416666666666 0.8828125 0.013020833333333334 0.013020833333333334
0 0.19661458333333334 0.4954427083333333 0.013020833333333334 0.01171875
0 0.059895833333333336 0.611328125 0.013020833333333334 0.014322916666666666
0 0.732421875 0.12174479166666667 0.055989583333333336 0.05078125
0 0.716796875 0.06380208333333333 0.19661458333333334 0.125
0 0.1953125 0.23046875 0.010416666666666666 0.010416666666666666
0 0.24544270833333334 0.21940104166666666 0.009114583333333334 0.009114583333333334
0 0.15169270833333334 0.2265625 0.009114583333333334 0.0078125
0 0.134765625 0.32421875 0.009114583333333334 0.0078125
0 0.19466145833333334 0.3548177083333333 0.009114583333333334 0.009114583333333334
0 0.1484375 0.4596354166666667 0.0078125 0.010416666666666666
0 0.17447916666666666 0.6087239583333334 0.010416666666666666 0.01171875
0 0.125 0.6243489583333334 0.010416666666666666 0.01171875
0 0.5618489583333334 0.4244791666666667 0.009114583333333334 0.0078125
0 0.4798177083333333 0.5227864583333334 0.01171875 0.01171875
0 0.44140625 0.5794270833333334 0.010416666666666666 0.010416666666666666
0 0.6627604166666666 0.67578125 0.013020833333333334 0.013020833333333334
0 0.7721354166666666 0.3151041666666667 0.010416666666666666 0.013020833333333334
0 0.7799479166666666 0.607421875 0.010416666666666666 0.01171875
0 0.951171875 0.896484375 0.009114583333333334 0.009114583333333334
0 0.94921875 0.9173177083333334 0.0078125 0.006510416666666667
0 0.8138020833333334 0.876953125 0.010416666666666666 0.009114583333333334
0 0.7057291666666666 0.8046875 0.010416666666666666 0.015625
0 0.6744791666666666 0.8971354166666666 0.010416666666666666 0.013020833333333334
0 0.736328125 0.9518229166666666 0.009114583333333334 0.010416666666666666
0 0.263671875 0.8072916666666666 0.009114583333333334 0.010416666666666666
0 0.23567708333333334 0.77734375 0.010416666666666666 0.010416666666666666
0 0.16080729166666666 0.947265625 0.009114583333333334 0.009114583333333334
0 0.19986979166666666 0.8932291666666666 0.006510416666666667 0.0078125
0 0.11979166666666667 0.8216145833333334 0.010416666666666666 0.010416666666666666
0 0.06966145833333333 0.8912760416666666 0.01171875 0.014322916666666666
0 0.00390625 0.8678385416666666 0.0078125 0.01953125
0 0.67578125 0.3352864583333333 0.0078125 0.006510416666666667
0 0.634765625 0.5787760416666666 0.006510416666666667 0.009114583333333334
0 0.5221354166666666 0.98828125 0.010416666666666666 0.010416666666666666
0 0.4296875 0.8704427083333334 0.013020833333333334 0.01171875