0 0.3216145833333333 0.2565104166666667 0.0234375 0.0234375
0 0.123046875 0.3287760416666667 0.029947916666666668 0.02734375
0 0.3815104166666667 0.6536458333333334 0.0390625 0.0390625
0 0.4212239583333333 0.7317708333333334 0.014322916666666666 0.0234375
0 0.4661458333333333 0.67578125 0.026041666666666668 0.020833333333333332
0 0.4244791666666667 0.36328125 0.018229166666666668 0.018229166666666668
0 0.6061197916666666 0.5924479166666666 0.045572916666666664 0.033854166666666664
0 0.701171875 0.591796875 0.05078125 0.048177083333333336
0 0.78515625 0.5813802083333334 0.052083333333333336 0.053385416666666664
0 0.8216145833333334 0.5397135416666666 0.026041666666666668 0.029947916666666668
0 0.8229166666666666 0.41015625 0.0234375 0.018229166666666668
0 0.8684895833333334 0.390625 0.0234375 0.020833333333333332
0 0.759765625 0.9453125 0.024739583333333332 0.013020833333333334
0 0.623046875 0.055338541666666664 0.053385416666666664 0.053385416666666664
0 0.759765625 0.13671875 0.01953125 0.018229166666666668
0 0.7350260416666666 0.2591145833333333 0.016927083333333332 0.020833333333333332
0 0.8639322916666666 0.166015625 0.01953125 0.024739583333333332
0 0.912109375 0.0234375 0.032552083333333336 0.026041666666666668
0 0.2643229166666667 0.95703125 0.013020833333333334 0.018229166666666668
0 0.09375 0.86328125 0.015625 0.013020833333333334
0 0.08528645833333333 0.8190104166666666 0.16276041666666666 0.2786458333333333
0 0.21614583333333334 0.5247395833333334 0.018229166666666668 0.013020833333333334
0 0.26953125 0.4986979166666667 0.19791666666666666 0.18229166666666666
0 0.2109375 0.6217447916666666 0.015625 0.024739583333333332
0 0.4596354166666667 0.5625 0.052083333333333336 0.052083333333333336
0 0.54296875 0.4192708333333333 0.0546875 0.049479166666666664
0 0.30859375 0.34765625 0.010416666666666666 0.015625
0 0.0234375 0.12955729166666666 0.013020833333333334 0.022135416666666668
0 0.083984375 0.14583333333333334 0.016927083333333332 0.0234375
0 0.1015625 0.28515625 0.013020833333333334 0.018229166666666668
0 0.26953125 0.18098958333333334 0.015625 0.018229166666666668
0 0.9348958333333334 0.8665364583333334 0.06510416666666667 0.05859375
0 0.7122395833333334 0.3548177083333333 0.015625 0.01171875
0 0.8151041666666666 0.022135416666666668 0.020833333333333332 0.013020833333333334
0 0.92578125 0.6451822916666666 0.044270833333333336 0.032552083333333336
0 0.8639322916666666 0.5696614583333334 0.014322916666666666 0.014322916666666666
0 0.17643229166666666 0.3834635416666667 0.01953125 0.016927083333333332
0 0.15755208333333334 0.12044270833333333 0.013020833333333334 0.014322916666666666
0 0.3658854166666667 0.010416666666666666 0.018229166666666668 0.013020833333333334
0 0.4368489583333333 0.0234375 0.05859375 0.0390625
0 0.7845052083333334 0.087890625 0.055989583333333336 0.053385416666666664
0 0.9713541666666666 0.4954427083333333 0.044270833333333336 0.11067708333333333
0 0.5149739583333334 0.2109375 0.01953125 0.0234375
0 0.5670572916666666 0.7779947916666666 0.01953125 0.014322916666666666
0 0.9029947916666666 0.3170572916666667 0.01171875 0.01953125
0 0.689453125 0.86328125 0.016927083333333332 0.013020833333333334
0 0.6080729166666666 0.3977864583333333 0.015625 0.01953125
0 0.61328125 0.2708333333333333 0.018229166666666668 0.013020833333333334
0 0.8151041666666666 0.18619791666666666 0.018229166666666668 0.013020833333333334
0 0.9544270833333334 0.2864583333333333 0.052083333333333336 0.0703125
0 0.9322916666666666 0.947265625 0.12239583333333333 0.09244791666666667