0 0.8541666666666666 0.9114583333333334 0.049479166666666664 0.0390625
0 0.81640625 0.13346354166666666 0.052083333333333336 0.05859375
0 0.7369791666666666 0.032552083333333336 0.036458333333333336 0.0390625
0 0.7141927083333334 0.16731770833333334 0.022135416666666668 0.022135416666666668
0 0.6145833333333334 0.04296875 0.020833333333333332 0.020833333333333332
0 0.576171875 0.3717447916666667 0.01953125 0.024739583333333332
0 0.87109375 0.658203125 0.026041666666666668 0.02734375
0 0.9733072916666666 0.5078125 0.01953125 0.013020833333333334
0 0.173828125 0.6966145833333334 0.022135416666666668 0.026041666666666668
0 0.2565104166666667 0.361328125 0.018229166666666668 0.01953125
0 0.572265625 0.23763020833333334 0.01171875 0.01953125
0 0.13932291666666666 0.009114583333333334 0.018229166666666668 0.013020833333333334
0 0.3079427083333333 0.3658854166666667 0.016927083333333332 0.018229166666666668
0 0.8736979166666666 0.708984375 0.015625 0.016927083333333332
0 0.935546875 0.9459635416666666 0.016927083333333332 0.016927083333333332
0 0.755859375 0.18880208333333334 0.014322916666666666 0.015625
0 0.4440104166666667 0.18098958333333334 0.015625 0.015625
0 0.5084635416666666 0.6243489583333334 0.014322916666666666 0.01171875
0 0.4322916666666667 0.814453125 0.013020833333333334 0.016927083333333332
0 0.16666666666666666 0.9830729166666666 0.013020833333333334 0.015625
0 0.162109375 0.23763020833333334 0.01171875 0.016927083333333332
0 0.109375 0.026041666666666668 0.010416666666666666 0.013020833333333334