0 0.3743489583333333 0.28515625 0.032552083333333336 0.033854166666666664
0 0.2649739583333333 0.17057291666666666 0.01953125 0.026041666666666668
0 0.048828125 0.17578125 0.01953125 0.0234375
0 0.07486979166666667 0.2669270833333333 0.01953125 0.015625
0 0.10677083333333333 0.06575520833333333 0.018229166666666668 0.016927083333333332
0 0.2669270833333333 0.03125 0.013020833333333334 0.018229166666666668
0 0.6490885416666666 0.435546875 0.032552083333333336 0.032552083333333336
0 0.4205729166666667 0.4420572916666667 0.018229166666666668 0.01953125
0 0.5403645833333334 0.51953125 0.026041666666666668 0.03125
0 0.5052083333333334 0.6041666666666666 0.03125 0.03125
0 0.5983072916666666 0.59375 0.014322916666666666 0.013020833333333334
0 0.0703125 0.7506510416666666 0.020833333333333332 0.024739583333333332
0 0.5208333333333334 0.7740885416666666 0.0234375 0.022135416666666668
0 0.8248697916666666 0.7994791666666666 0.022135416666666668 0.020833333333333332
0 0.890625 0.9140625 0.0234375 0.026041666666666668
0 0.7884114583333334 0.375 0.016927083333333332 0.018229166666666668
0 0.48828125 0.4322916666666667 0.013020833333333334 0.013020833333333334
0 0.024088541666666668 0.76953125 0.009114583333333334 0.013020833333333334
0 0.4466145833333333 0.80078125 0.018229166666666668 0.015625
0 0.7877604166666666 0.0703125 0.013020833333333334 0.0078125
0 0.328125 0.3046875 0.015625 0.013020833333333334
0 0.322265625 0.13736979166666666 0.014322916666666666 0.016927083333333332
0 0.8118489583333334 0.032552083333333336 0.014322916666666666 0.013020833333333334
0 0.23111979166666666 0.7428385416666666 0.014322916666666666 0.01171875
0 0.2955729166666667 0.8255208333333334 0.026041666666666668 0.0234375
0 0.6555989583333334 0.8444010416666666 0.014322916666666666 0.014322916666666666
0 0.775390625 0.15559895833333334 0.014322916666666666 0.01171875
0 0.6061197916666666 0.2890625 0.014322916666666666 0.015625
0 0.4348958333333333 0.3131510416666667 0.013020833333333334 0.01171875
0 0.6640625 0.3515625 0.010416666666666666 0.010416666666666666
0 0.107421875 0.13151041666666666 0.014322916666666666 0.010416666666666666