0 0.13802083333333334 0.4596354166666667 0.09114583333333333 0.09114583333333333
0 0.23372395833333334 0.59375 0.055989583333333336 0.052083333333333336
0 0.16796875 0.8196614583333334 0.06510416666666667 0.055989583333333336
0 0.0234375 0.669921875 0.026041666666666668 0.022135416666666668
0 0.033854166666666664 0.83203125 0.06510416666666667 0.09635416666666667
0 0.126953125 0.7180989583333334 0.024739583333333332 0.024739583333333332
0 0.055989583333333336 0.6145833333333334 0.018229166666666668 0.020833333333333332
0 0.560546875 0.9615885416666666 0.01953125 0.01953125
0 0.6022135416666666 0.8854166666666666 0.029947916666666668 0.033854166666666664
0 0.603515625 0.7916666666666666 0.016927083333333332 0.015625
0 0.6197916666666666 0.9283854166666666 0.052083333333333336 0.052083333333333336
0 0.708984375 0.9635416666666666 0.07421875 0.0703125
0 0.814453125 0.8912760416666666 0.05859375 0.055989583333333336
0 0.4420572916666667 0.3899739583333333 0.055989583333333336 0.04296875
0 0.5149739583333334 0.3541666666666667 0.29296875 0.2994791666666667
0 0.7330729166666666 0.5149739583333334 0.028645833333333332 0.032552083333333336
0 0.294921875 0.197265625 0.022135416666666668 0.024739583333333332
0 0.07096354166666667 0.6686197916666666 0.022135416666666668 0.024739583333333332
0 0.16080729166666666 0.869140625 0.040364583333333336 0.037760416666666664
0 0.18880208333333334 0.0625 0.0234375 0.026041666666666668
0 0.287109375 0.1171875 0.032552083333333336 0.03125
0 0.5084635416666666 0.3645833333333333 0.024739583333333332 0.026041666666666668
0 0.52734375 0.310546875 0.020833333333333332 0.024739583333333332
0 0.6321614583333334 0.16015625 0.032552083333333336 0.0390625
0 0.6764322916666666 0.11002604166666667 0.01953125 0.022135416666666668
0 0.4928385416666667 0.046223958333333336 0.024739583333333332 0.01953125
0 0.8118489583333334 0.5169270833333334 0.01953125 0.015625
0 0.248046875 0.7233072916666666 0.045572916666666664 0.045572916666666664
0 0.7688802083333334 0.287109375 0.01953125 0.01953125
0 0.9029947916666666 0.23763020833333334 0.08984375 0.07682291666666667
0 0.2890625 0.65234375 0.015625 0.013020833333333334
0 0.9544270833333334 0.6770833333333334 0.0390625 0.046875
0 0.2858072916666667 0.4381510416666667 0.03515625 0.032552083333333336
0 0.22916666666666666 0.5579427083333334 0.028645833333333332 0.029947916666666668
0 0.849609375 0.8684895833333334 0.014322916666666666 0.018229166666666668
0 0.9915364583333334 0.52734375 0.016927083333333332 0.018229166666666668
0 0.9908854166666666 0.6744791666666666 0.015625 0.018229166666666668
0 0.17122395833333334 0.055338541666666664 0.016927083333333332 0.01953125
0 0.7623697916666666 0.68359375 0.01171875 0.015625
0 0.884765625 0.3684895833333333 0.014322916666666666 0.013020833333333334
0 0.17578125 0.78515625 0.028645833333333332 0.0234375
0 0.2890625 0.8268229166666666 0.013020833333333334 0.013020833333333334
0 0.12044270833333333 0.3053385416666667 0.014322916666666666 0.014322916666666666