0 0.12565104166666666 0.11653645833333333 0.040364583333333336 0.048177083333333336
0 0.2584635416666667 0.053385416666666664 0.022135416666666668 0.020833333333333332
0 0.23177083333333334 0.3229166666666667 0.03125 0.026041666666666668
0 0.16145833333333334 0.4869791666666667 0.028645833333333332 0.0234375
0 0.201171875 0.5475260416666666 0.037760416666666664 0.04296875
0 0.3580729166666667 0.7350260416666666 0.0390625 0.04296875
0 0.4388020833333333 0.6197916666666666 0.03125 0.03125
0 0.5774739583333334 0.7154947916666666 0.032552083333333336 0.029947916666666668
0 0.1015625 0.8014322916666666 0.044270833333333336 0.045572916666666664
0 0.8502604166666666 0.326171875 0.033854166666666664 0.032552083333333336
0 0.7454427083333334 0.3782552083333333 0.022135416666666668 0.022135416666666668
0 0.8951822916666666 0.677734375 0.09765625 0.08463541666666667
0 0.9147135416666666 0.7415364583333334 0.045572916666666664 0.055989583333333336
0 0.72265625 0.7578125 0.026041666666666668 0.0234375
0 0.5514322916666666 0.8854166666666666 0.022135416666666668 0.018229166666666668
0 0.2513020833333333 0.9889322916666666 0.020833333333333332 0.016927083333333332
0 0.7024739583333334 0.904296875 0.016927083333333332 0.016927083333333332
0 0.8997395833333334 0.055989583333333336 0.013020833333333334 0.013020833333333334
0 0.9407552083333334 0.3912760416666667 0.01953125 0.01953125
0 0.9908854166666666 0.3391927083333333 0.010416666666666666 0.01953125
0 0.7389322916666666 0.6419270833333334 0.01953125 0.026041666666666668
0 0.8444010416666666 0.833984375 0.022135416666666668 0.01953125
0 0.056640625 0.5006510416666666 0.016927083333333332 0.016927083333333332
0 0.7141927083333334 0.96484375 0.08723958333333333 0.0703125
0 0.8287760416666666 0.23828125 0.040364583333333336 0.033854166666666664