0 0.32983072916666667 0.45654947916666666 0.013684895833333321 0.012486979166666709
0 0.15454427083333333 0.16138020833333333 0.015429687499999992 0.015078124999999998
0 0.4130859375 0.6938541666666667 0.009778645833333321 0.009192708333333263
0 0.35522135416666667 0.6889713541666667 0.01191406249999997 0.011158854166666584
0 0.18298177083333333 0.5522526041666667 0.011249999999999982 0.010989583333333405
0 0.525390625 0.6547916666666667 0.011158854166666732 0.010403645833333345
0 0.48462239583333333 0.41479166666666667 0.01542968750000003 0.013906249999999934
0 0.28735677083333333 0.8046875 0.014505208333333316 0.013736979166666607
0 0.5224609375 0.046536458333333336 0.018346354166666707 0.016783854166666667
0 0.45580729166666667 0.486328125 0.02033854166666667 0.01934895833333335
0 0.49634114583333333 0.1307421875 0.012239583333333304 0.011289062499999983
0 0.5219791666666667 0.09502604166666667 0.020299479166666707 0.01911458333333334
0 0.03197916666666666 0.6982421875 0.009414062499999995 0.009414062500000023
0 0.623046875 0.77734375 0.009557291666666709 0.00947916666666663
0 0.10651041666666666 0.25463541666666667 0.013476562499999992 0.013789062499999968
0 0.40111979166666667 0.29565104166666667 0.011328125000000059 0.010651041666666675
0 0.26904947916666666 0.18041666666666667 0.016015625000000016 0.014791666666666684
0 0.16858072916666667 0.3720703125 0.01994791666666666 0.01872395833333333
0 0.093203125 0.5473697916666667 0.016158854166666663 0.01524739583333338
0 0.7397526041666667 0.13696614583333333 0.009596354166666524 0.008945312500000005
0 0.701171875 0.8251953125 0.009192708333333263 0.00955729166666656
0 0.19470052083333333 0.27319010416666667 0.014622395833333357 0.014179687499999982
0 0.0517578125 0.6650390625 0.012669270833333338 0.01209635416666662
0 0.33471354166666667 0.5239322916666667 0.017578125 0.016458333333333314
0 0.853515625 0.31372395833333333 0.010989583333333405 0.011510416666666634
0 0.6806640625 0.63671875 0.011731770833333321 0.010898437500000005
0 0.40356770833333333 0.1259765625 0.015546875000000071 0.014114583333333338
0 0.7680729166666667 0.5249088541666667 0.00916666666666662 0.009127604166666655
0 0.06744791666666666 0.25537760416666666 0.011914062500000008 0.011510416666666634
0 0.6171875 0.08178385416666667 0.019062499999999982 0.017382812499999994
0 0.35376302083333333 0.509765625 0.012382812499999988 0.011640625000000071
0 0.25268229166666667 0.6240234375 0.01098958333333333 0.010950520833333291
0 0.5859375 0.720703125 0.024479166666666607 0.023867187499999904
0 0.17627604166666666 0.6235416666666667 0.01484374999999997 0.014335937499999988
0 0.8559635416666667 0.2032421875 0.01248697916666656 0.011601562500000032
0 0.2861328125 0.4423828125 0.011067708333333334 0.009856770833333398
0 0.11200520833333333 0.8530338541666667 0.01053385416666667 0.010898437499999858
0 0.8291015625 0.802734375 0.020885416666666618 0.020924479166666583
0 0.6704166666666667 0.43970052083333333 0.010989583333333405 0.01005208333333337
0 0.1131640625 0.08080729166666667 0.012825520833333326 0.012148437500000006
0 0.25415364583333333 0.5424869791666667 0.008919270833333362 0.008619791666666673
0 0.8833072916666667 0.884765625 0.011822916666666572 0.01209635416666662
0 0.69921875 0.7446354166666667 0.008476562499999988 0.008945312499999858
0 0.0184375 0.2783203125 0.011692708333333331 0.011822916666666647
0 0.47924479166666667 0.6694401041666667 0.009335937499999947 0.008450520833333345
0 0.3681640625 0.41944010416666666 0.01542968750000003 0.014335937499999988
0 0.17444010416666667 0.7221744791666667 0.0055468749999999884 0.0053906250000001306
0 0.08661458333333333 0.7172916666666667 0.016015625000000006 0.01583333333333344
0 0.5766666666666667 0.32373697916666666 0.010286458333333304 0.009895833333333362
0 0.03240885416666667 0.05684895833333333 0.011119791666666665 0.010690104166666678
0 0.49658854166666666 0.21436197916666666 0.020299479166666707 0.01898437499999998
0 0.21618489583333333 0.7895572916666667 0.01102864583333337 0.011158854166666584
0 0.0541015625 0.47876302083333333 0.019166666666666665 0.017044270833333375
0 0.052825520833333334 0.5756901041666667 0.024140625000000002 0.023697916666666725
0 0.09967447916666666 0.8125 0.008151041666666655 0.008736979166666714
0 0.6279296875 0.21045572916666666 0.009635416666666638 0.009192708333333336
0 0.235234375 0.053593749999999996 0.020768229166666652 0.019453124999999998
0 0.40967447916666666 0.3291015625 0.010325520833333268 0.010325520833333305
0 0.10576822916666667 0.6298828125 0.03252604166666665 0.031197916666666714
0 0.03522135416666667 0.6865234375 0.009231770833333328 0.008541666666666595
0 0.498046875 0.5078125 0.012057291666666655 0.011510416666666709
0 0.5932682291666667 0.27563802083333333 0.008815104166666643 0.00898437499999997
0 0.168828125 0.06009114583333333 0.011914062499999989 0.011601562499999996
0 0.435546875 0.1474609375 0.00947916666666663 0.009127604166666655
0 0.5297916666666667 0.6919010416666667 0.00575520833333328 0.005286458333333262
0 0.5649479166666667 0.6997135416666667 0.009127604166666655 0.008815104166666643
0 0.12817708333333333 0.5087890625 0.009479166666666669 0.008880208333333398
0 0.21911458333333333 0.89453125 0.02484374999999998 0.023151041666666632
0 0.49389322916666667 0.6752994791666667 0.005781250000000071 0.0055208333333333455
0 0.7563541666666667 0.8618229166666667 0.011380208333333345 0.011067708333333334
0 0.034479166666666665 0.026549479166666667 0.01049479166666667 0.009856770833333334
0 0.693359375 0.17639322916666667 0.03643229166666669 0.032838541666666644
0 0.8359375 0.857421875 0.005169270833333369 0.005677083333333203
0 0.40307291666666667 0.6245182291666667 0.01024739583333334 0.008854166666666607
0 0.4921875 0.591796875 0.010859375000000041 0.011419270833333309
0 0.6762760416666667 0.95703125 0.011692708333333357 0.011783854166666607
0 0.41430989583333333 0.5463932291666667 0.018190104166666703 0.014622395833333357
0 0.666015625 0.984375 0.014283854166666702 0.014335937499999988
0 0.2919921875 0.5283203125 0.010781249999999964 0.009596354166666673
0 0.9052734375 0.9301822916666667 0.005065104166666797 0.005755208333333428
0 0.2088671875 0.18005208333333333 0.012968749999999973 0.013164062500000018
0 0.03302083333333333 0.7641666666666667 0.009192708333333336 0.009635416666666785
0 0.5493229166666667 0.8452213541666667 0.020963541666666696 0.019986979166666547
0 0.8681640625 0.080625 0.00916666666666662 0.009231770833333338
0 0.04076822916666666 0.8852604166666667 0.005520833333333336 0.005481770833333381
0 0.8193359375 0.3720703125 0.009934895833333476 0.009973958333333291
0 0.8276432291666667 0.44483072916666666 0.00929687500000013 0.008880208333333398
0 0.03790364583333333 0.012630208333333332 0.009934895833333332 0.009635416666666665
0 0.6362369791666667 0.43236979166666667 0.2180208333333334 0.1989713541666667
0 0.07092447916666667 0.72265625 0.012578124999999996 0.013333333333333345
0 0.2421875 0.44873697916666666 0.00947916666666663 0.009335937499999947
0 0.8232421875 0.9262760416666667 0.03917968749999989 0.03583333333333331
0 0.30688802083333333 0.21130208333333333 0.008919270833333362 0.008919270833333362
0 0.36694010416666667 0.17920572916666666 0.008776041666666679 0.008515625000000027
0 0.6201171875 0.1904296875 0.019374999999999993 0.023281249999999993
0 0.34447916666666667 0.38989583333333333 0.009674479166666602 0.008945312500000005
0 0.29126302083333333 0.049127604166666665 0.01001302083333333 0.010455729166666669
0 0.3623046875 0.2215625 0.009713541666666714 0.008776041666666679
0 0.7626953125 0.20276041666666667 0.010013020833333405 0.009739583333333357
0 0.0190625 0.1541796875 0.010130208333333335 0.00955729166666667
0 0.3310546875 0.4130859375 0.010208333333333338 0.009414062500000023
0 0.20727864583333333 0.7807682291666667 0.01102864583333337 0.01209635416666662
0 0.240234375 0.1385546875 0.005651041666666634 0.005364583333333339
0 0.521484375 0.44701822916666667 0.046718749999999996 0.04848958333333334
0 0.44555989583333333 0.5556640625 0.107421875 0.11675781249999995
0 0.15783854166666667 0.6792057291666667 0.011289062499999983 0.010898437499999858
0 0.5234375 0.224609375 0.0856901041666666 0.07934895833333333
0 0.37329427083333333 0.2197265625 0.009817708333333286 0.008880208333333325
0 0.9653385416666667 0.03979166666666666 0.010169270833333263 0.010494791666666664
0 0.3916015625 0.42065104166666667 0.08312500000000005 0.07451822916666669
0 0.24890625 0.1630859375 0.009335937500000021 0.008372395833333343
0 0.27319010416666667 0.04192708333333334 0.011510416666666634 0.011197916666666663
0 0.798828125 0.6040104166666667 0.023190104166666597 0.021236979166666597
0 0.9974088541666667 0.161015625 0.00518229166666669 0.01049479166666667
0 0.86328125 0.49779947916666667 0.04858072916666659 0.05261718749999996
0 0.027955729166666665 0.9013671875 0.00854166666666667 0.00929687500000013
0 0.9829166666666667 0.9721744791666667 0.011640625000000071 0.011471354166666595
0 0.28540364583333333 0.8989322916666667 0.04610677083333329 0.03949218749999991
0 0.1895703125 0.7255859375 0.058658854166666684 0.05736979166666659
0 0.29467447916666667 0.6821354166666667 0.06647135416666668 0.06210937500000006
0 0.20348958333333333 0.6508854166666667 0.009778645833333321 0.009453124999999988
0 0.5346744791666667 0.8276432291666667 0.022929687500000018 0.0224609375
0 0.34936197916666667 0.013476562499999999 0.009296874999999982 0.008541666666666664
0 0.28247395833333333 0.029986979166666667 0.005013020833333363 0.004895833333333331
0 0.99640625 0.120546875 0.0071744791666666545 0.014062500000000014
0 0.5180729166666667 0.94921875 0.008919270833333362 0.00947916666666663
0 0.9968619791666667 0.29712239583333333 0.006263020833333262 0.013072916666666693
0 0.5961979166666667 0.07708333333333334 0.09856770833333339 0.10088541666666666
0 0.056549479166666666 0.2890625 0.010820312500000004 0.01147135416666667
0 0.9311588541666667 0.9267578125 0.004335937499999905 0.005364583333333191
0 0.23877604166666666 0.03522135416666667 0.01045572916666663 0.009192708333333336
0 0.0219921875 0.5356510416666667 0.008736979166666667 0.008710937500000071
0 0.9419010416666667 0.794921875 0.017643229166666607 0.017916666666666654
0 0.9248046875 0.7963932291666667 0.024270833333333464 0.022578124999999893
0 0.8330078125 0.9809635416666667 0.013372395833333309 0.012773437499999929
0 0.9321354166666667 0.953125 0.003463541666666773 0.0045703124999999884
0 0.9976302083333333 0.40356770833333333 0.004739583333333464 0.01024739583333334
0 0.30444010416666667 0.53125 0.23096354166666666 0.1940885416666666