0 0.21744791666666666 0.8079427083333334 0.07552083333333333 0.07161458333333333
0 0.43359375 0.98828125 0.026041666666666668 0.020833333333333332
0 0.240234375 0.8802083333333334 0.42578125 0.22135416666666666
0 0.053385416666666664 0.64453125 0.09895833333333333 0.13541666666666666
0 0.10807291666666667 0.6048177083333334 0.026041666666666668 0.01953125
0 0.06380208333333333 0.529296875 0.026041666666666668 0.02734375
0 0.15690104166666666 0.578125 0.01953125 0.020833333333333332
0 0.16861979166666666 0.40625 0.055989583333333336 0.0625
0 0.056640625 0.34765625 0.014322916666666666 0.015625
0 0.5188802083333334 0.638671875 0.024739583333333332 0.01953125
0 0.193359375 0.294921875 0.040364583333333336 0.05078125
0 0.173828125 0.287109375 0.014322916666666666 0.01953125
0 0.3391927083333333 0.169921875 0.032552083333333336 0.01953125
0 0.38671875 0.2766927083333333 0.041666666666666664 0.037760416666666664
0 0.2975260416666667 0.302734375 0.01953125 0.014322916666666666
0 0.7200520833333334 0.880859375 0.06510416666666667 0.06640625
0 0.8561197916666666 0.794921875 0.029947916666666668 0.032552083333333336
0 0.5970052083333334 0.5279947916666666 0.01953125 0.01953125
0 0.5930989583333334 0.4856770833333333 0.01953125 0.026041666666666668
0 0.55078125 0.18294270833333334 0.0390625 0.032552083333333336
0 0.642578125 0.2858072916666667 0.037760416666666664 0.029947916666666668
0 0.4915364583333333 0.3098958333333333 0.016927083333333332 0.013020833333333334
0 0.23567708333333334 0.537109375 0.018229166666666668 0.014322916666666666
0 0.0859375 0.038411458333333336 0.020833333333333332 0.022135416666666668
0 0.6471354166666666 0.9856770833333334 0.015625 0.013020833333333334
0 0.0546875 0.07161458333333333 0.08854166666666667 0.109375
0 0.853515625 0.46484375 0.01953125 0.015625
0 0.916015625 0.42578125 0.037760416666666664 0.036458333333333336
0 0.9811197916666666 0.4166666666666667 0.024739583333333332 0.020833333333333332
0 0.7467447916666666 0.16276041666666666 0.06640625 0.0703125
0 0.5670572916666666 0.248046875 0.01953125 0.01953125
0 0.775390625 0.016927083333333332 0.01953125 0.013020833333333334
0 0.8313802083333334 0.69921875 0.05859375 0.0546875
0 0.6484375 0.4010416666666667 0.013020833333333334 0.013020833333333334
0 0.39453125 0.6158854166666666 0.013020833333333334 0.013020833333333334
0 0.642578125 0.11328125 0.024739583333333332 0.015625
0 0.892578125 0.12369791666666667 0.05859375 0.046875
0 0.974609375 0.035807291666666664 0.014322916666666666 0.014322916666666666
0 0.09895833333333333 0.2630208333333333 0.078125 0.078125
0 0.4498697916666667 0.3815104166666667 0.016927083333333332 0.018229166666666668
0 0.263671875 0.353515625 0.01171875 0.014322916666666666