0 0.5462239583333334 0.19270833333333334 0.022135416666666668 0.026041666666666668
0 0.033854166666666664 0.004557291666666667 0.018229166666666668 0.006510416666666667
0 0.05859375 0.4134114583333333 0.020833333333333332 0.022135416666666668
0 0.388671875 0.236328125 0.037760416666666664 0.03515625
0 0.5787760416666666 0.5397135416666666 0.032552083333333336 0.029947916666666668
0 0.3541666666666667 0.646484375 0.036458333333333336 0.03515625
0 0.451171875 0.5520833333333334 0.022135416666666668 0.0234375
0 0.5774739583333334 0.14322916666666666 0.16276041666666666 0.1640625
0 0.6419270833333334 0.061197916666666664 0.015625 0.013020833333333334
0 0.12239583333333333 0.111328125 0.010416666666666666 0.01171875
0 0.4654947916666667 0.365234375 0.01953125 0.01953125
0 0.5032552083333334 0.3951822916666667 0.055989583333333336 0.048177083333333336
0 0.521484375 0.65625 0.032552083333333336 0.033854166666666664
0 0.9049479166666666 0.8268229166666666 0.03125 0.026041666666666668
0 0.4869791666666667 0.7864583333333334 0.026041666666666668 0.0234375
0 0.2923177083333333 0.7291666666666666 0.029947916666666668 0.03125
0 0.24739583333333334 0.7936197916666666 0.033854166666666664 0.03515625
0 0.22981770833333334 0.8736979166666666 0.12369791666666667 0.09375
0 0.208984375 0.18619791666666666 0.01953125 0.020833333333333332
0 0.23177083333333334 0.12434895833333333 0.013020833333333334 0.014322916666666666
0 0.2805989583333333 0.154296875 0.01953125 0.022135416666666668
0 0.9140625 0.14453125 0.018229166666666668 0.020833333333333332
0 0.2942708333333333 0.494140625 0.018229166666666668 0.016927083333333332
0 0.3899739583333333 0.5865885416666666 0.016927083333333332 0.014322916666666666
0 0.7298177083333334 0.9290364583333334 0.13411458333333334 0.12369791666666667
0 0.018229166666666668 0.8704427083333334 0.018229166666666668 0.01953125
0 0.4505208333333333 0.7239583333333334 0.015625 0.018229166666666668
0 0.26953125 0.4772135416666667 0.018229166666666668 0.014322916666666666
0 0.22721354166666666 0.673828125 0.016927083333333332 0.01953125
0 0.3567708333333333 0.748046875 0.018229166666666668 0.016927083333333332
0 0.24348958333333334 0.2604166666666667 0.010416666666666666 0.013020833333333334
0 0.21940104166666666 0.7506510416666666 0.07942708333333333 0.06901041666666667
0 0.7890625 0.4134114583333333 0.010416666666666666 0.01171875
0 0.24674479166666666 0.3684895833333333 0.04296875 0.041666666666666664
0 0.6002604166666666 0.462890625 0.015625 0.01171875
0 0.9791666666666666 0.057291666666666664 0.020833333333333332 0.018229166666666668
0 0.7578125 0.4837239583333333 0.013020833333333334 0.014322916666666666
0 0.7220052083333334 0.599609375 0.01171875 0.014322916666666666
0 0.057942708333333336 0.6126302083333334 0.009114583333333334 0.009114583333333334
0 0.06640625 0.6256510416666666 0.010416666666666666 0.009114583333333334
0 0.05078125 0.669921875 0.010416666666666666 0.009114583333333334
0 0.12825520833333334 0.7194010416666666 0.009114583333333334 0.009114583333333334
0 0.5885416666666666 0.666015625 0.026041666666666668 0.02734375
0 0.4713541666666667 0.3815104166666667 0.013020833333333334 0.013020833333333334
0 0.337890625 0.591796875 0.014322916666666666 0.014322916666666666
0 0.9205729166666666 0.07942708333333333 0.013020833333333334 0.013020833333333334
0 0.8359375 0.17578125 0.010416666666666666 0.010416666666666666
0 0.24088541666666666 0.13346354166666666 0.4791666666666667 0.2643229166666667
0 0.171875 0.031901041666666664 0.013020833333333334 0.01171875
0 0.17513020833333334 0.10481770833333333 0.014322916666666666 0.014322916666666666
0 0.21875 0.10416666666666667 0.015625 0.013020833333333334
0 0.24609375 0.16796875 0.044270833333333336 0.036458333333333336
0 0.056640625 0.06380208333333333 0.009114583333333334 0.0078125