0 0.7688802083333334 0.3470052083333333 0.02734375 0.02734375
0 0.435546875 0.3450520833333333 0.024739583333333332 0.026041666666666668
0 0.3756510416666667 0.4837239583333333 0.032552083333333336 0.032552083333333336
0 0.3854166666666667 0.7610677083333334 0.09635416666666667 0.09765625
0 0.09440104166666667 0.2903645833333333 0.02734375 0.026041666666666668
0 0.3548177083333333 0.02734375 0.014322916666666666 0.018229166666666668
0 0.3216145833333333 0.032552083333333336 0.07552083333333333 0.0625
0 0.4505208333333333 0.0390625 0.020833333333333332 0.020833333333333332
0 0.5729166666666666 0.3528645833333333 0.026041666666666668 0.026041666666666668
0 0.96484375 0.501953125 0.013020833333333334 0.014322916666666666
0 0.7408854166666666 0.8391927083333334 0.026041666666666668 0.022135416666666668
0 0.734375 0.7180989583333334 0.028645833333333332 0.029947916666666668
0 0.2884114583333333 0.576171875 0.01953125 0.01953125
0 0.16276041666666666 0.5618489583333334 0.046875 0.048177083333333336
0 0.19140625 0.6223958333333334 0.06770833333333333 0.06770833333333333
0 0.150390625 0.197265625 0.037760416666666664 0.04296875
0 0.20247395833333334 0.14322916666666666 0.045572916666666664 0.049479166666666664
0 0.08333333333333333 0.2623697916666667 0.16666666666666666 0.19140625
0 0.4036458333333333 0.2610677083333333 0.2838541666666667 0.3033854166666667
0 0.040364583333333336 0.5963541666666666 0.013020833333333334 0.013020833333333334
0 0.012369791666666666 0.783203125 0.014322916666666666 0.014322916666666666
0 0.7630208333333334 0.9752604166666666 0.046875 0.049479166666666664
0 0.7981770833333334 0.7727864583333334 0.018229166666666668 0.01953125
0 0.8111979166666666 0.8157552083333334 0.015625 0.014322916666666666
0 0.9427083333333334 0.86328125 0.015625 0.013020833333333334
0 0.9498697916666666 0.4505208333333333 0.014322916666666666 0.013020833333333334
0 0.9231770833333334 0.06510416666666667 0.015625 0.010416666666666666
0 0.5455729166666666 0.07356770833333333 0.015625 0.014322916666666666
0 0.025390625 0.11393229166666667 0.016927083333333332 0.014322916666666666
0 0.9290364583333334 0.7786458333333334 0.014322916666666666 0.013020833333333334
0 0.8235677083333334 0.7623697916666666 0.014322916666666666 0.014322916666666666
0 0.8274739583333334 0.2578125 0.01953125 0.020833333333333332
0 0.3697916666666667 0.8756510416666666 0.013020833333333334 0.014322916666666666
0 0.28125 0.8470052083333334 0.010416666666666666 0.009114583333333334
0 0.853515625 0.5032552083333334 0.01171875 0.01171875
0 0.224609375 0.9602864583333334 0.08984375 0.07942708333333333
0 0.06966145833333333 0.9114583333333334 0.01171875 0.010416666666666666
0 0.044270833333333336 0.236328125 0.010416666666666666 0.01171875