0 0.3450520833333333 0.6692708333333334 0.018229166666666668 0.018229166666666668
0 0.232421875 0.9075520833333334 0.07421875 0.06770833333333333
0 0.19921875 0.9596354166666666 0.020833333333333332 0.018229166666666668
0 0.2708333333333333 0.923828125 0.018229166666666668 0.022135416666666668
0 0.7662760416666666 0.7643229166666666 0.029947916666666668 0.028645833333333332
0 0.8619791666666666 0.8828125 0.026041666666666668 0.026041666666666668
0 0.7174479166666666 0.8528645833333334 0.013020833333333334 0.015625
0 0.4192708333333333 0.9147135416666666 0.015625 0.015625
0 0.76171875 0.7194010416666666 0.015625 0.015625
0 0.7174479166666666 0.8548177083333334 0.010416666666666666 0.010416666666666666
0 0.16536458333333334 0.5631510416666666 0.016927083333333332 0.015625
0 0.84375 0.9049479166666666 0.010416666666666666 0.010416666666666666
0 0.009114583333333334 0.7408854166666666 0.016927083333333332 0.024739583333333332
0 0.619140625 0.7643229166666666 0.016927083333333332 0.016927083333333332
0 0.23307291666666666 0.7552083333333334 0.009114583333333334 0.009114583333333334
0 0.4322916666666667 0.658203125 0.01171875 0.01171875
0 0.8919270833333334 0.9479166666666666 0.009114583333333334 0.009114583333333334