0 0.32764322916666666 0.46533854166666666 0.01024739583333334 0.009739583333333357
0 0.052434895833333335 0.8471744791666667 0.012057291666666673 0.011197916666666549
0 0.1700390625 0.0599609375 0.011158854166666657 0.010403645833333327
0 0.85546875 0.34252604166666667 0.014622395833333357 0.013372395833333309
0 0.7934635416666667 0.35596354166666666 0.01455729166666675 0.01307291666666662
0 0.07666666666666667 0.728515625 0.00977864583333334 0.010013020833333405
0 0.07903645833333334 0.6713932291666667 0.010781250000000001 0.010572916666666599
0 0.4453125 0.29809895833333333 0.013632812500000036 0.012669270833333357
0 0.07397135416666667 0.2646484375 0.014179687500000001 0.012721354166666643
0 0.28052083333333333 0.11395833333333333 0.009192708333333336 0.00881510416666668
0 0.5756901041666667 0.5180729166666667 0.009231770833333375 0.008776041666666679
0 0.44018229166666667 0.599609375 0.013281250000000059 0.012382812499999988
0 0.12463541666666667 0.038450520833333335 0.026653645833333333 0.023776041666666674
0 0.221796875 0.36084635416666666 0.016523437499999998 0.015013020833333298
0 0.876953125 0.8920963541666667 0.01209635416666662 0.010898437499999858
0 0.5395572916666667 0.17151041666666667 0.014947916666666691 0.013528645833333316
0 0.10052083333333334 0.050416666666666665 0.009856770833333325 0.009635416666666674
0 0.5327213541666667 0.6440494791666667 0.00575520833333328 0.005325520833333375
0 0.03912760416666667 0.384765625 0.008945312499999997 0.008619791666666673
0 0.25463541666666667 0.39282552083333333 0.0055468749999999884 0.005325520833333375
0 0.5454166666666667 0.27416666666666667 0.013736979166666607 0.013072916666666693
0 0.04803385416666667 0.41796875 0.005546875000000007 0.005325520833333375
0 0.0330859375 0.7368229166666667 0.005260416666666666 0.00565104166666656
0 0.5673828125 0.2130078125 0.008880208333333398 0.008776041666666679
0 0.8935546875 0.626953125 0.012148437499999906 0.010572916666666673
0 0.08166666666666667 0.78515625 0.004830729166666668 0.005169270833333369
0 0.30078125 0.22485677083333333 0.01929687499999999 0.017916666666666654
0 0.8823307291666667 0.564453125 0.00967447916666675 0.009088541666666691
0 0.10430989583333333 0.36205729166666667 0.018229166666666668 0.016718750000000043
0 0.06197916666666667 0.7353515625 0.008984375000000008 0.00888020833333325
0 0.44897135416666667 0.2294921875 0.009062500000000048 0.008880208333333325
0 0.810546875 0.6069401041666667 0.011328125000000059 0.010651041666666602
0 0.06756510416666667 0.18591145833333333 0.008736979166666659 0.008320312499999982
0 0.8583984375 0.25342447916666666 0.013906250000000083 0.013281249999999986
0 0.7788151041666667 0.33350260416666666 0.012526041666666524 0.012096354166666656
0 0.234375 0.010247395833333334 0.01024739583333334 0.009635416666666667
0 0.8676822916666667 0.9091796875 0.011692708333333357 0.010690104166666714
0 0.044921875 0.7661197916666667 0.0048307291666666585 0.004778645833333428
0 0.9169921875 0.06427083333333333 0.02266927083333344 0.020598958333333323
0 0.9799869791666667 0.45873697916666667 0.026549479166666796 0.02460937499999997
0 0.33618489583333333 0.26709635416666666 0.016979166666666656 0.01640625000000003
0 0.0762890625 0.0966796875 0.005755208333333335 0.005390624999999982
0 0.008984375000000001 0.55078125 0.005585937499999999 0.005325520833333375
0 0.22204427083333333 0.7841796875 0.01911458333333334 0.017851562500000046
0 0.023098958333333332 0.6044921875 0.004973958333333334 0.005169270833333369
0 0.43139322916666667 0.7895572916666667 0.011289062499999947 0.011067708333333334
0 0.5463932291666667 0.6333072916666667 0.009557291666666709 0.008854166666666607
0 0.18591145833333333 0.595703125 0.004622395833333348 0.004804687500000071
0 0.27393229166666666 0.6875 0.004778645833333354 0.0045703124999999884
0 0.08037760416666666 0.6079166666666667 0.0052604166666666745 0.005585937499999953
0 0.07739583333333333 0.0476953125 0.005624999999999991 0.005065104166666667
0 0.7958984375 0.030377604166666666 0.013684895833333321 0.012239583333333331
0 0.9223697916666667 0.28515625 0.01045572916666663 0.010729166666666679
0 0.9619140625 0.49609375 0.01036458333333338 0.009596354166666673
0 0.051848958333333334 0.5400390625 0.0052604166666666745 0.004622395833333274
0 0.46143229166666666 0.18115885416666666 0.009414062500000023 0.009088541666666691
0 0.32544270833333333 0.05489583333333333 0.008919270833333362 0.008736979166666659
0 0.37134114583333333 0.41065104166666666 0.018190104166666703 0.01652343750000007
0 0.33959635416666667 0.646484375 0.026419270833333324 0.023906250000000018
0 0.41967447916666667 0.6474609375 0.005390624999999982 0.005390624999999982
0 0.7075260416666667 0.7661197916666667 0.011914062500000119 0.011158854166666584
0 0.03326822916666667 0.32446614583333333 0.004973958333333334 0.004856770833333357
0 0.019244791666666667 0.7944401041666667 0.008919270833333331 0.00819010416666662
0 0.5595703125 0.7377994791666667 0.016848958333333403 0.01710937500000013
0 0.9794921875 0.0393359375 0.013424479166666595 0.01205729166666667
0 0.482421875 0.5341796875 0.005325520833333375 0.005286458333333262
0 0.5776432291666667 0.55859375 0.005039062500000006 0.005013020833333363
0 0.2088671875 0.6938541666666667 0.005260416666666694 0.005286458333333262
0 0.29760416666666667 0.008671875 0.010729166666666679 0.009557291666666667
0 0.8950260416666667 0.2724609375 0.012239583333333451 0.011249999999999982
0 0.25072916666666667 0.27611979166666667 0.005013020833333363 0.0055208333333333455
0 0.6342838541666667 0.38916666666666666 0.009674479166666602 0.009778645833333321
0 0.38208333333333333 0.6538151041666667 0.004830729166666714 0.00420572916666669
0 0.3017578125 0.053098958333333335 0.00947916666666663 0.00977864583333334
0 0.07751302083333333 0.5595703125 0.0054817708333333255 0.0051953125000000116
0 0.8984375 0.26440104166666667 0.05625000000000006 0.0560286458333333
0 0.22106770833333333 0.44971354166666666 0.004427083333333304 0.004309895833333262
0 0.10303385416666666 0.27295572916666666 0.008880208333333325 0.00873697916666664
0 0.8388671875 0.018190104166666665 0.03494791666666656 0.0302734375
0 0.42407552083333333 0.46069010416666667 0.004427083333333304 0.004531250000000024
0 0.26977864583333333 0.5966796875 0.09845052083333335 0.0915494791666666
0 0.4130859375 0.22765625 0.009635416666666638 0.008580729166666634
0 0.011731770833333334 0.25756510416666667 0.010013020833333336 0.009557291666666634
0 0.31885416666666666 0.43091145833333333 0.004622395833333348 0.004453124999999947
0 0.853515625 0.7983463541666667 0.024479166666666607 0.023151041666666632
0 0.06438802083333334 0.869140625 0.01049479166666667 0.00985677083333325
0 0.14098958333333333 0.30518229166666666 0.008033854166666651 0.009062499999999973
0 0.6254947916666667 0.9135807291666667 0.04569010416666671 0.04281250000000014
0 0.22240885416666667 0.10669270833333333 0.008476562499999988 0.009023437500000009
0 0.053802083333333334 0.23755208333333333 0.004739583333333334 0.004856770833333357
0 0.5249088541666667 0.33545572916666666 0.010690104166666714 0.009856770833333361
0 0.05954427083333333 0.08123697916666667 0.004804687499999997 0.004895833333333331
0 0.9467838541666667 0.0494140625 0.011380208333333345 0.01368489583333334
0 0.1680859375 0.9321354166666667 0.023281249999999993 0.018697916666666536
0 0.0108203125 0.39623697916666667 0.004479166666666667 0.004830729166666714
0 0.023072916666666665 0.17346354166666667 0.0043619791666666685 0.004309895833333337
0 0.90234375 0.02641927083333333 0.013593750000000071 0.014557291666666666
0 0.267578125 0.5493229166666667 0.009778645833333321 0.008281250000000018
0 0.6274479166666667 0.6840885416666667 0.013125000000000053 0.01218749999999987
0 0.010455729166666665 0.01609375 0.012005208333333336 0.009635416666666665
0 0.30615885416666666 0.830078125 0.11339843750000005 0.10303385416666681
0 0.33203125 0.2568359375 0.010729166666666679 0.00981770833333336
0 0.42895833333333333 0.09588541666666667 0.011966145833333405 0.012864583333333327
0 0.87109375 0.48998697916666667 0.010572916666666524 0.010820312499999929
0 0.28540364583333333 0.4443359375 0.009062499999999973 0.008710937500000071
0 0.6748046875 0.7666015625 0.1669921875 0.1716276041666666
0 0.10229166666666667 0.9654557291666667 0.09552083333333335 0.0690885416666666
0 0.41626302083333333 0.9379947916666667 0.04812500000000005 0.04312499999999986
0 0.6782291666666667 0.31885416666666666 0.015898437500000046 0.011822916666666647
0 0.9047916666666667 0.8266666666666667 0.08270833333333331 0.0738541666666667
0 0.9658072916666667 0.15795572916666667 0.06838541666666664 0.09075520833333332
0 0.007604166666666666 0.053411458333333335 0.004856770833333334 0.004687499999999993
0 0.3056640625 0.8291015625 0.013164062500000018 0.013632812500000036
0 0.9365234375 0.03119791666666667 0.011067708333333334 0.011197916666666669
0 0.38208333333333333 0.9536197916666667 0.00809895833333337 0.009192708333333263
0 0.9967447916666666 0.6067708333333334 0.006510416666666667 0.013020833333333334
0 0.0499609375 0.9858463541666667 0.012330729166666665 0.015364583333333274
0 0.008984375000000001 0.9233463541666667 0.009518229166666664 0.009518229166666595
0 0.6767578125 0.1767578125 0.3435026041666666 0.29809895833333333
0 0.6157291666666667 0.849609375 0.011067708333333334 0.011419270833333309