0 0.3216145833333333 0.5638020833333334 0.10677083333333333 0.1171875
0 0.2877604166666667 0.5592447916666666 0.018229166666666668 0.016927083333333332
0 0.11328125 0.8177083333333334 0.041666666666666664 0.0390625
0 0.06901041666666667 0.7265625 0.026041666666666668 0.013020833333333334
0 0.059244791666666664 0.8919270833333334 0.01953125 0.020833333333333332
0 0.06315104166666667 0.9609375 0.040364583333333336 0.052083333333333336
0 0.201171875 0.8235677083333334 0.022135416666666668 0.024739583333333332
0 0.22591145833333334 0.3157552083333333 0.02734375 0.037760416666666664
0 0.4388020833333333 0.693359375 0.028645833333333332 0.02734375
0 0.240234375 0.8860677083333334 0.016927083333333332 0.01953125
0 0.26953125 0.826171875 0.015625 0.016927083333333332
0 0.3723958333333333 0.43359375 0.020833333333333332 0.026041666666666668
0 0.4186197916666667 0.5345052083333334 0.01953125 0.01953125
0 0.5071614583333334 0.5833333333333334 0.022135416666666668 0.026041666666666668
0 0.6334635416666666 0.51171875 0.24088541666666666 0.2734375
0 0.6341145833333334 0.3548177083333333 0.06770833333333333 0.06380208333333333
0 0.6126302083333334 0.4231770833333333 0.01953125 0.020833333333333332
0 0.3880208333333333 0.31640625 0.013020833333333334 0.013020833333333334
0 0.4856770833333333 0.3671875 0.013020833333333334 0.0234375
0 0.6178385416666666 0.048828125 0.055989583333333336 0.037760416666666664
0 0.921875 0.4329427083333333 0.0390625 0.040364583333333336
0 0.876953125 0.556640625 0.024739583333333332 0.024739583333333332
0 0.76171875 0.8190104166666666 0.18489583333333334 0.19010416666666666
0 0.8678385416666666 0.5703125 0.16276041666666666 0.1953125
0 0.4993489583333333 0.77734375 0.014322916666666666 0.015625
0 0.369140625 0.7805989583333334 0.014322916666666666 0.016927083333333332
0 0.833984375 0.208984375 0.01953125 0.01953125
0 0.8248697916666666 0.25 0.01953125 0.015625