0 0.5123697916666666 0.208984375 0.11588541666666667 0.11848958333333333
0 0.4368489583333333 0.166015625 0.01953125 0.01953125
0 0.375 0.150390625 0.14322916666666666 0.13411458333333334
0 0.4485677083333333 0.4557291666666667 0.05859375 0.0546875
0 0.3912760416666667 0.4986979166666667 0.022135416666666668 0.0234375
0 0.3763020833333333 0.4368489583333333 0.018229166666666668 0.016927083333333332
0 0.3072916666666667 0.4720052083333333 0.09895833333333333 0.08984375
0 0.17317708333333334 0.3352864583333333 0.044270833333333336 0.03515625
0 0.18424479166666666 0.3977864583333333 0.08463541666666667 0.07682291666666667
0 0.185546875 0.626953125 0.037760416666666664 0.03515625
0 0.3938802083333333 0.732421875 0.040364583333333336 0.037760416666666664
0 0.037760416666666664 0.2571614583333333 0.015625 0.016927083333333332
0 0.05078125 0.6861979166666666 0.09895833333333333 0.109375
0 0.3404947916666667 0.8053385416666666 0.01953125 0.016927083333333332
0 0.4134114583333333 0.84375 0.014322916666666666 0.015625
0 0.326171875 0.9244791666666666 0.01953125 0.018229166666666668
0 0.9225260416666666 0.11328125 0.02734375 0.028645833333333332
0 0.94921875 0.287109375 0.07552083333333333 0.07421875
0 0.7682291666666666 0.759765625 0.03125 0.029947916666666668
0 0.7545572916666666 0.3502604166666667 0.014322916666666666 0.015625
0 0.4973958333333333 0.3671875 0.08072916666666667 0.0703125
0 0.18424479166666666 0.55078125 0.014322916666666666 0.015625
0 0.7076822916666666 0.43359375 0.06640625 0.0703125
0 0.6803385416666666 0.5924479166666666 0.055989583333333336 0.09114583333333333
0 0.9772135416666666 0.984375 0.032552083333333336 0.03125
0 0.6888020833333334 0.8645833333333334 0.015625 0.015625
0 0.7408854166666666 0.19140625 0.044270833333333336 0.049479166666666664
0 0.7265625 0.10872395833333333 0.013020833333333334 0.016927083333333332
0 0.9876302083333334 0.3645833333333333 0.01171875 0.018229166666666668
0 0.86328125 0.7311197916666666 0.020833333333333332 0.016927083333333332
0 0.009765625 0.4075520833333333 0.01171875 0.010416666666666666
0 0.1015625 0.318359375 0.013020833333333334 0.01171875
0 0.166015625 0.5716145833333334 0.016927083333333332 0.015625
0 0.012369791666666666 0.9368489583333334 0.01171875 0.014322916666666666
0 0.265625 0.693359375 0.013020833333333334 0.01171875
0 0.203125 0.732421875 0.010416666666666666 0.01171875
0 0.3170572916666667 0.6653645833333334 0.009114583333333334 0.010416666666666666
0 0.3307291666666667 0.9661458333333334 0.010416666666666666 0.013020833333333334
0 0.4283854166666667 0.83984375 0.0078125 0.010416666666666666
0 0.7819010416666666 0.9303385416666666 0.055989583333333336 0.048177083333333336
0 0.921875 0.607421875 0.08854166666666667 0.07682291666666667
0 0.9576822916666666 0.4720052083333333 0.03515625 0.029947916666666668
0 0.9446614583333334 0.5299479166666666 0.014322916666666666 0.015625
0 0.30078125 0.17317708333333334 0.018229166666666668 0.018229166666666668
0 0.3828125 0.18880208333333334 0.010416666666666666 0.013020833333333334
0 0.4498697916666667 0.018229166666666668 0.022135416666666668 0.026041666666666668
0 0.4361979166666667 0.259765625 0.013020833333333334 0.01171875
0 0.5735677083333334 0.3294270833333333 0.009114583333333334 0.010416666666666666
0 0.5598958333333334 0.4309895833333333 0.0078125 0.010416666666666666
0 0.9759114583333334 0.041015625 0.048177083333333336 0.045572916666666664