0 0.03549479166666667 0.6958072916666667 0.010781250000000001 0.010611979166666785
0 0.9770572916666667 0.306640625 0.009713541666666714 0.00971354166666664
0 0.9389713541666667 0.5297916666666667 0.016158854166666774 0.015963541666666654
0 0.7319401041666667 0.7080078125 0.009062500000000048 0.009817708333333286
0 0.705078125 0.16149739583333333 0.011289062500000094 0.010729166666666679
0 0.019765625 0.6240234375 0.023776041666666674 0.02433593750000007
0 0.04147135416666667 0.8544921875 0.010286458333333337 0.010247395833333192
0 0.271484375 0.5561588541666667 0.04326822916666669 0.03985677083333335
0 0.2362109375 0.30786458333333333 0.009414062500000023 0.009414062500000023
0 0.41283854166666667 0.0544140625 0.008216145833333263 0.00858072916666667
0 0.040625 0.07251302083333333 0.03833333333333334 0.03683593749999999
0 0.07880208333333334 0.9267578125 0.03634114583333334 0.03527343749999989
0 0.6469791666666667 0.6665104166666667 0.030911458333333346 0.03192708333333331
0 0.12963541666666667 0.7104557291666667 0.01098958333333333 0.011289062500000094
0 0.10876302083333333 0.2900390625 0.011289062499999983 0.01098958333333333
0 0.5654296875 0.01390625 0.022252604166666707 0.02174479166666667
0 0.94921875 0.9585026041666667 0.012526041666666524 0.013124999999999906
0 0.017643229166666666 0.44604166666666667 0.013372395833333335 0.013333333333333345
0 0.3447265625 0.0594140625 0.011549479166666673 0.011419270833333328
0 0.03125 0.29151041666666666 0.012773437500000004 0.012421875000000027
0 0.09484375 0.09619791666666666 0.01467447916666668 0.014947916666666653
0 0.08630208333333333 0.5078125 0.009713541666666667 0.009895833333333362
0 0.06647135416666666 0.41162760416666666 0.010208333333333338 0.010533854166666709
0 0.44897135416666667 0.21436197916666666 0.012864583333333327 0.013216145833333304
0 0.9541015625 0.36108072916666667 0.010091145833333334 0.010130208333333298
0 0.39307291666666666 0.058893229166666665 0.008776041666666679 0.009062499999999992
0 0.34326822916666666 0.49951822916666666 0.009023437499999934 0.00898437499999997
0 0.4140625 0.1806640625 0.008671874999999959 0.009166666666666693
0 0.45434895833333333 0.37670572916666667 0.00947916666666663 0.010286458333333304
0 0.13903645833333333 0.011119791666666665 0.00927083333333334 0.009453124999999998
0 0.7895572916666667 0.48462239583333333 0.021367187500000107 0.0205989583333334
0 0.5893619791666667 0.98828125 0.011549479166666673 0.01036458333333338
0 0.39721354166666667 0.46947916666666667 0.015598958333333357 0.01513020833333334
0 0.03204427083333333 0.7915104166666667 0.011692708333333338 0.01218749999999987
0 0.39233072916666667 0.12139322916666667 0.010820312499999929 0.010364583333333344
0 0.12622395833333333 0.8696354166666667 0.011875000000000005 0.011692708333333357
0 0.11419270833333334 0.10669270833333333 0.014010416666666655 0.01321614583333334
0 0.37134114583333333 0.45434895833333333 0.012968750000000048 0.012578124999999959
0 0.8994140625 0.6479557291666667 0.009062500000000048 0.009375000000000059
0 0.28930989583333333 0.09552083333333333 0.009557291666666634 0.009335937499999983
0 0.900390625 0.47143229166666667 0.009127604166666655 0.010013020833333405
0 0.859375 0.28369791666666666 0.0743359374999999 0.07183593750000002
0 0.9462890625 0.44190104166666666 0.010091145833333334 0.01024739583333334
0 0.908203125 0.33325520833333333 0.0224609375 0.022109375000000025
0 0.8984375 0.7890625 0.009335937500000094 0.009895833333333215
0 0.44408854166666667 0.26049479166666667 0.02433593750000007 0.03332031249999997
0 0.31885416666666666 0.26830729166666667 0.007838541666666643 0.008450520833333345
0 0.16260416666666666 0.41015625 0.008880208333333325 0.009231770833333375
0 0.36450520833333333 0.010533854166666667 0.008320312499999982 0.008372395833333332
0 0.8169010416666667 0.392578125 0.009335937500000094 0.009778645833333321
0 0.3583984375 0.25463541666666667 0.007643229166666672 0.008281250000000018