0 0.3359375 0.17122395833333334 0.03125 0.032552083333333336
0 0.5540364583333334 0.9244791666666666 0.016927083333333332 0.013020833333333334
0 0.4127604166666667 0.4778645833333333 0.018229166666666668 0.015625
0 0.341796875 0.30859375 0.022135416666666668 0.018229166666666668
0 0.888671875 0.11653645833333333 0.05859375 0.053385416666666664
0 0.7890625 0.8782552083333334 0.0234375 0.022135416666666668
0 0.904296875 0.87890625 0.024739583333333332 0.026041666666666668
0 0.8509114583333334 0.8665364583333334 0.016927083333333332 0.014322916666666666
0 0.5859375 0.73828125 0.015625 0.015625
0 0.484375 0.9798177083333334 0.013020833333333334 0.01171875
0 0.404296875 0.6529947916666666 0.01171875 0.014322916666666666
0 0.21028645833333334 0.7838541666666666 0.014322916666666666 0.018229166666666668
0 0.10416666666666667 0.9348958333333334 0.026041666666666668 0.0234375
0 0.115234375 0.689453125 0.016927083333333332 0.016927083333333332
0 0.046875 0.708984375 0.013020833333333334 0.01171875
0 0.259765625 0.8841145833333334 0.016927083333333332 0.015625
0 0.2708333333333333 0.599609375 0.015625 0.014322916666666666
0 0.20572916666666666 0.49609375 0.013020833333333334 0.010416666666666666
0 0.4973958333333333 0.224609375 0.013020833333333334 0.01171875
0 0.6673177083333334 0.6080729166666666 0.01171875 0.010416666666666666
0 0.8352864583333334 0.4583333333333333 0.024739583333333332 0.0234375
0 0.939453125 0.546875 0.016927083333333332 0.013020833333333334
0 0.572265625 0.060546875 0.01953125 0.016927083333333332
0 0.544921875 0.5865885416666666 0.01171875 0.009114583333333334
0 0.986328125 0.5807291666666666 0.014322916666666666 0.010416666666666666
0 0.15950520833333334 0.734375 0.014322916666666666 0.015625
0 0.271484375 0.8294270833333334 0.014322916666666666 0.010416666666666666
0 0.8502604166666666 0.9947916666666666 0.013020833333333334 0.0078125
0 0.8548177083333334 0.9069010416666666 0.014322916666666666 0.01171875
0 0.1015625 0.72265625 0.010416666666666666 0.010416666666666666
0 0.3671875 0.2897135416666667 0.015625 0.016927083333333332
0 0.05859375 0.7916666666666666 0.013020833333333334 0.013020833333333334
0 0.9739583333333334 0.7265625 0.0234375 0.03125
0 0.333984375 0.8606770833333334 0.014322916666666666 0.013020833333333334
0 0.4322916666666667 0.7571614583333334 0.013020833333333334 0.01171875
0 0.9225260416666666 0.58203125 0.009114583333333334 0.010416666666666666
0 0.9622395833333334 0.5592447916666666 0.010416666666666666 0.01171875
0 0.9895833333333334 0.6770833333333334 0.013020833333333334 0.018229166666666668
0 0.9895833333333334 0.6399739583333334 0.013020833333333334 0.01171875
0 0.654296875 0.244140625 0.01171875 0.009114583333333334
0 0.4466145833333333 0.3268229166666667 0.010416666666666666 0.010416666666666666
0 0.76953125 0.576171875 0.010416666666666666 0.01171875
0 0.7024739583333334 0.546875 0.006510416666666667 0.0078125
0 0.28515625 0.6158854166666666 0.010416666666666666 0.010416666666666666
0 0.3131510416666667 0.5572916666666666 0.01171875 0.013020833333333334
0 0.6940104166666666 0.435546875 0.0078125 0.009114583333333334
0 0.7115885416666666 0.4973958333333333 0.009114583333333334 0.010416666666666666
0 0.7415364583333334 0.3118489583333333 0.009114583333333334 0.009114583333333334
0 0.8860677083333334 0.5787760416666666 0.006510416666666667 0.006510416666666667
0 0.8951822916666666 0.6940104166666666 0.006510416666666667 0.0078125
0 0.7864583333333334 0.6595052083333334 0.0078125 0.006510416666666667
0 0.9108072916666666 0.9140625 0.009114583333333334 0.010416666666666666
0 0.8359375 0.9290364583333334 0.010416666666666666 0.009114583333333334
0 0.13020833333333334 0.7252604166666666 0.010416666666666666 0.013020833333333334
0 0.15104166666666666 0.71484375 0.010416666666666666 0.010416666666666666
0 0.038411458333333336 0.5885416666666666 0.009114583333333334 0.0078125
0 0.12825520833333334 0.6549479166666666 0.009114583333333334 0.0078125
0 0.12825520833333334 0.4401041666666667 0.009114583333333334 0.013020833333333334
0 0.177734375 0.548828125 0.009114583333333334 0.01171875
0 0.14778645833333334 0.17708333333333334 0.01171875 0.010416666666666666
0 0.033854166666666664 0.18880208333333334 0.010416666666666666 0.010416666666666666
0 0.20442708333333334 0.5579427083333334 0.010416666666666666 0.010416666666666666
0 0.20833333333333334 0.014973958333333334 0.013020833333333334 0.018229166666666668
0 0.20377604166666666 0.11848958333333333 0.014322916666666666 0.015625
0 0.15299479166666666 0.771484375 0.01171875 0.01171875
0 0.5690104166666666 0.9947916666666666 0.010416666666666666 0.009114583333333334
0 0.23958333333333334 0.2513020833333333 0.009114583333333334 0.009114583333333334
0 0.4147135416666667 0.158203125 0.010416666666666666 0.010416666666666666
0 0.98046875 0.7076822916666666 0.01953125 0.01953125
0 0.16276041666666666 0.9869791666666666 0.014322916666666666 0.014322916666666666
0 0.24544270833333334 0.3717447916666667 0.01171875 0.01171875
0 0.9641927083333334 0.5572916666666666 0.010416666666666666 0.010416666666666666
0 0.6510416666666666 0.66796875 0.009114583333333334 0.009114583333333334
0 0.8424479166666666 0.23177083333333334 0.010416666666666666 0.010416666666666666
0 0.103515625 0.16471354166666666 0.010416666666666666 0.010416666666666666
0 0.7877604166666666 0.6588541666666666 0.009114583333333334 0.0078125
0 0.09505208333333333 0.47265625 0.010416666666666666 0.010416666666666666
0 0.4830729166666667 0.9361979166666666 0.009114583333333334 0.0078125
0 0.6236979166666666 0.2591145833333333 0.016927083333333332 0.016927083333333332
0 0.275390625 0.19010416666666666 0.010416666666666666 0.010416666666666666
0 0.44921875 0.3255208333333333 0.006510416666666667 0.006510416666666667
0 0.9876302083333334 0.5787760416666666 0.01171875 0.01171875
0 0.40625 0.16731770833333334 0.009114583333333334 0.009114583333333334
0 0.564453125 0.2838541666666667 0.010416666666666666 0.010416666666666666
0 0.7408854166666666 0.3841145833333333 0.009114583333333334 0.009114583333333334
0 0.7825520833333334 0.3860677083333333 0.01171875 0.010416666666666666
0 0.6106770833333334 0.6041666666666666 0.009114583333333334 0.009114583333333334
0 0.3001302083333333 0.10481770833333333 0.009114583333333334 0.009114583333333334
0 0.357421875 0.4270833333333333 0.009114583333333334 0.009114583333333334
0 0.9010416666666666 0.927734375 0.010416666666666666 0.010416666666666666
0 0.8834635416666666 0.18098958333333334 0.009114583333333334 0.009114583333333334
0 0.3020833333333333 0.2884114583333333 0.010416666666666666 0.010416666666666666
0 0.4583333333333333 0.8118489583333334 0.009114583333333334 0.009114583333333334
0 0.17643229166666666 0.6484375 0.006510416666666667 0.005208333333333333
0 0.537109375 0.6497395833333334 0.006510416666666667 0.005208333333333333
0 0.7643229166666666 0.6100260416666666 0.006510416666666667 0.005208333333333333
0 0.2578125 0.09635416666666667 0.006510416666666667 0.005208333333333333
0 0.4928385416666667 0.8567708333333334 0.006510416666666667 0.006510416666666667
0 0.7916666666666666 0.2721354166666667 0.009114583333333334 0.0078125