0 0.23307291666666666 0.8229166666666666 0.0546875 0.057291666666666664
0 0.08268229166666667 0.4661458333333333 0.04296875 0.044270833333333336
0 0.011067708333333334 0.9869791666666666 0.014322916666666666 0.015625
0 0.3352864583333333 0.9576822916666666 0.016927083333333332 0.01953125
0 0.3541666666666667 0.9609375 0.018229166666666668 0.020833333333333332
0 0.4420572916666667 0.92578125 0.01171875 0.013020833333333334
0 0.517578125 0.9212239583333334 0.01171875 0.016927083333333332
0 0.4388020833333333 0.611328125 0.018229166666666668 0.01953125
0 0.19921875 0.5891927083333334 0.013020833333333334 0.016927083333333332
0 0.2565104166666667 0.5071614583333334 0.013020833333333334 0.01171875
0 0.31640625 0.3697916666666667 0.013020833333333334 0.013020833333333334
0 0.053385416666666664 0.19466145833333334 0.015625 0.016927083333333332
0 0.083984375 0.18619791666666666 0.029947916666666668 0.028645833333333332
0 0.20833333333333334 0.224609375 0.013020833333333334 0.01953125
0 0.2747395833333333 0.3522135416666667 0.1640625 0.17578125
0 0.2701822916666667 0.509765625 0.12890625 0.13411458333333334
0 0.3470052083333333 0.051432291666666664 0.024739583333333332 0.02734375
0 0.42578125 0.25 0.015625 0.018229166666666668
0 0.4459635416666667 0.2591145833333333 0.014322916666666666 0.018229166666666668
0 0.6979166666666666 0.142578125 0.0546875 0.05859375
0 0.728515625 0.11067708333333333 0.01953125 0.013020833333333334
0 0.6998697916666666 0.20638020833333334 0.01953125 0.022135416666666668
0 0.7200520833333334 0.2890625 0.015625 0.015625
0 0.9388020833333334 0.6673177083333334 0.026041666666666668 0.029947916666666668
0 0.8170572916666666 0.9231770833333334 0.045572916666666664 0.049479166666666664
0 0.8951822916666666 0.337890625 0.05859375 0.06380208333333333
0 0.89453125 0.4856770833333333 0.20833333333333334 0.23958333333333334
0 0.06770833333333333 0.6959635416666666 0.013020833333333334 0.014322916666666666
0 0.7298177083333334 0.3600260416666667 0.01171875 0.014322916666666666
0 0.6302083333333334 0.5455729166666666 0.010416666666666666 0.013020833333333334
0 0.8919270833333334 0.13997395833333334 0.013020833333333334 0.01953125
0 0.828125 0.6634114583333334 0.140625 0.12630208333333334
0 0.05078125 0.8268229166666666 0.09895833333333333 0.16666666666666666
0 0.22591145833333334 0.5963541666666666 0.009114583333333334 0.010416666666666666
0 0.400390625 0.7571614583333334 0.01171875 0.01171875
0 0.7890625 0.2727864583333333 0.010416666666666666 0.01171875