0 0.23828125 0.3229166666666667 0.026041666666666668 0.03125
0 0.2923177083333333 0.20833333333333334 0.016927083333333332 0.013020833333333334
0 0.3684895833333333 0.3072916666666667 0.06510416666666667 0.06770833333333333
0 0.3235677083333333 0.400390625 0.024739583333333332 0.01953125
0 0.24088541666666666 0.45703125 0.041666666666666664 0.028645833333333332
0 0.3229166666666667 0.517578125 0.026041666666666668 0.032552083333333336
0 0.7545572916666666 0.19856770833333334 0.016927083333333332 0.01953125
0 0.69921875 0.3528645833333333 0.0234375 0.015625
0 0.7819010416666666 0.478515625 0.01953125 0.01953125
0 0.19270833333333334 0.6477864583333334 0.013020833333333334 0.01953125
0 0.2643229166666667 0.57421875 0.013020833333333334 0.013020833333333334
0 0.3528645833333333 0.6451822916666666 0.020833333333333332 0.014322916666666666
0 0.4772135416666667 0.6002604166666666 0.01953125 0.015625
0 0.3606770833333333 0.935546875 0.041666666666666664 0.03515625
0 0.14713541666666666 0.8723958333333334 0.0390625 0.0390625
0 0.4778645833333333 0.9049479166666666 0.0234375 0.026041666666666668
0 0.0390625 0.9375 0.015625 0.013020833333333334
0 0.908203125 0.74609375 0.15234375 0.17447916666666666
0 0.9225260416666666 0.51171875 0.01953125 0.018229166666666668
0 0.8411458333333334 0.5403645833333334 0.018229166666666668 0.013020833333333334
0 0.54296875 0.740234375 0.015625 0.016927083333333332
0 0.359375 0.88671875 0.020833333333333332 0.015625
0 0.16536458333333334 0.9700520833333334 0.0625 0.0390625
0 0.931640625 0.9830729166666666 0.032552083333333336 0.026041666666666668
0 0.5247395833333334 0.3235677083333333 0.013020833333333334 0.01953125
0 0.8763020833333334 0.2975260416666667 0.10416666666666667 0.10807291666666667
0 0.6979166666666666 0.08854166666666667 0.1640625 0.16145833333333334
0 0.4791666666666667 0.4602864583333333 0.052083333333333336 0.06901041666666667
0 0.6555989583333334 0.7044270833333334 0.16796875 0.16666666666666666
0 0.7141927083333334 0.6393229166666666 0.014322916666666666 0.015625
0 0.08854166666666667 0.042317708333333336 0.013020833333333334 0.01953125
0 0.6516927083333334 0.9251302083333334 0.08463541666666667 0.07942708333333333
0 0.1484375 0.4010416666666667 0.013020833333333334 0.018229166666666668
0 0.474609375 0.24934895833333334 0.13411458333333334 0.16796875
0 0.18294270833333334 0.5240885416666666 0.01953125 0.01953125
0 0.07877604166666667 0.5904947916666666 0.14973958333333334 0.3450520833333333
0 0.9544270833333334 0.5891927083333334 0.013020833333333334 0.01953125
0 0.8522135416666666 0.6217447916666666 0.022135416666666668 0.01953125
0 0.4544270833333333 0.5403645833333334 0.09114583333333333 0.06510416666666667
0 0.22786458333333334 0.020182291666666668 0.015625 0.014322916666666666
0 0.3821614583333333 0.005208333333333333 0.014322916666666666 0.0078125
0 0.2610677083333333 0.251953125 0.01953125 0.009114583333333334