0 0.30078125 0.439453125 0.0390625 0.037760416666666664
0 0.3072916666666667 0.6048177083333334 0.026041666666666668 0.022135416666666668
0 0.4205729166666667 0.8782552083333334 0.057291666666666664 0.05859375
0 0.3326822916666667 0.7864583333333334 0.024739583333333332 0.020833333333333332
0 0.12109375 0.259765625 0.028645833333333332 0.029947916666666668
0 0.13411458333333334 0.23111979166666666 0.0625 0.053385416666666664
0 0.9329427083333334 0.3365885416666667 0.11588541666666667 0.13671875
0 0.9615885416666666 0.3125 0.01953125 0.015625
0 0.78125 0.58203125 0.015625 0.0234375
0 0.78125 0.650390625 0.015625 0.022135416666666668
0 0.642578125 0.8912760416666666 0.07161458333333333 0.061197916666666664
0 0.6822916666666666 0.9388020833333334 0.057291666666666664 0.06510416666666667
0 0.3430989583333333 0.9505208333333334 0.13671875 0.08333333333333333
0 0.059895833333333336 0.2819010416666667 0.013020833333333334 0.01171875
0 0.9759114583333334 0.8697916666666666 0.032552083333333336 0.052083333333333336