0 0.4049479166666667 0.06966145833333333 0.013020833333333334 0.01953125
0 0.4069010416666667 0.06966145833333333 0.048177083333333336 0.05859375
0 0.09244791666666667 0.19075520833333334 0.078125 0.06640625
0 0.1015625 0.27734375 0.12109375 0.09895833333333333
0 0.23828125 0.140625 0.028645833333333332 0.028645833333333332
0 0.3255208333333333 0.11848958333333333 0.028645833333333332 0.0390625
0 0.4934895833333333 0.486328125 0.018229166666666668 0.01953125
0 0.7239583333333334 0.4388020833333333 0.026041666666666668 0.028645833333333332
0 0.7076822916666666 0.5794270833333334 0.01953125 0.0234375
0 0.505859375 0.7200520833333334 0.11067708333333333 0.1015625
0 0.37109375 0.83203125 0.11979166666666667 0.109375
0 0.2975260416666667 0.6653645833333334 0.12369791666666667 0.1171875
0 0.8678385416666666 0.69140625 0.13151041666666666 0.14322916666666666
0 0.71484375 0.8020833333333334 0.059895833333333336 0.06510416666666667
0 0.045572916666666664 0.7083333333333334 0.08072916666666667 0.08333333333333333
0 0.095703125 0.5221354166666666 0.032552083333333336 0.0390625
0 0.7376302083333334 0.3177083333333333 0.15755208333333334 0.1875
0 0.6881510416666666 0.6165364583333334 0.032552083333333336 0.032552083333333336
0 0.73046875 0.022135416666666668 0.03125 0.028645833333333332
0 0.6380208333333334 0.9791666666666666 0.0859375 0.041666666666666664
0 0.030598958333333332 0.9485677083333334 0.05859375 0.08463541666666667
0 0.841796875 0.9908854166666666 0.015625 0.013020833333333334
0 0.24088541666666666 0.8841145833333334 0.028645833333333332 0.03125
0 0.80078125 0.20377604166666666 0.015625 0.014322916666666666
0 0.06901041666666667 0.4635416666666667 0.010416666666666666 0.013020833333333334
0 0.74609375 0.16341145833333334 0.016927083333333332 0.014322916666666666
0 0.9348958333333334 0.287109375 0.013020833333333334 0.013020833333333334
0 0.9420572916666666 0.5911458333333334 0.014322916666666666 0.013020833333333334
0 0.3046875 0.20833333333333334 0.01171875 0.01171875
0 0.6751302083333334 0.8372395833333334 0.01171875 0.01171875
0 0.3899739583333333 0.5279947916666666 0.013020833333333334 0.013020833333333334
0 0.4329427083333333 0.705078125 0.014322916666666666 0.014322916666666666
0 0.20052083333333334 0.7057291666666666 0.010416666666666666 0.010416666666666666
0 0.034505208333333336 0.3098958333333333 0.033854166666666664 0.032552083333333336
0 0.57421875 0.5833333333333334 0.014322916666666666 0.013020833333333334
0 0.14778645833333334 0.6080729166666666 0.016927083333333332 0.015625
0 0.09440104166666667 0.29296875 0.026041666666666668 0.026041666666666668
0 0.9296875 0.5182291666666666 0.016927083333333332 0.015625
0 0.2766927083333333 0.8736979166666666 0.014322916666666666 0.014322916666666666
0 0.67578125 0.6588541666666666 0.014322916666666666 0.014322916666666666
0 0.7272135416666666 0.193359375 0.013020833333333334 0.013020833333333334
0 0.4140625 0.3639322916666667 0.036458333333333336 0.036458333333333336
0 0.14908854166666666 0.3287760416666667 0.018229166666666668 0.016927083333333332
0 0.328125 0.3743489583333333 0.022135416666666668 0.020833333333333332
0 0.5319010416666666 0.9524739583333334 0.013020833333333334 0.013020833333333334
0 0.07291666666666667 0.466796875 0.01171875 0.01171875
0 0.7955729166666666 0.4680989583333333 0.022135416666666668 0.022135416666666668
0 0.498046875 0.125 0.024739583333333332 0.022135416666666668
0 0.5891927083333334 0.8483072916666666 0.01171875 0.01171875
0 0.248046875 0.578125 0.01171875 0.01171875
0 0.4466145833333333 0.25390625 0.01171875 0.01171875
0 0.7350260416666666 0.8580729166666666 0.01171875 0.01171875
0 0.24934895833333334 0.5052083333333334 0.01171875 0.010416666666666666
0 0.4609375 0.4446614583333333 0.01171875 0.010416666666666666
0 0.4192708333333333 0.16731770833333334 0.013020833333333334 0.013020833333333334
0 0.45703125 0.4837239583333333 0.018229166666666668 0.016927083333333332
0 0.8528645833333334 0.6100260416666666 0.010416666666666666 0.010416666666666666
0 0.16796875 0.744140625 0.01171875 0.01171875
0 0.7591145833333334 0.6171875 0.009114583333333334 0.009114583333333334
0 0.69921875 0.9309895833333334 0.010416666666666666 0.010416666666666666
0 0.08854166666666667 0.4485677083333333 0.010416666666666666 0.009114583333333334
0 0.314453125 0.4309895833333333 0.010416666666666666 0.010416666666666666
0 0.265625 0.8046875 0.01171875 0.010416666666666666
0 0.42578125 0.5013020833333334 0.010416666666666666 0.010416666666666666
0 0.9283854166666666 0.8268229166666666 0.010416666666666666 0.009114583333333334
0 0.8209635416666666 0.2805989583333333 0.01171875 0.01171875
0 0.3138020833333333 0.498046875 0.009114583333333334 0.009114583333333334
0 0.44140625 0.71875 0.013020833333333334 0.01171875
0 0.748046875 0.4674479166666667 0.009114583333333334 0.009114583333333334
0 0.9752604166666666 0.6438802083333334 0.010416666666666666 0.009114583333333334