0 0.912109375 0.361328125 0.037760416666666664 0.036458333333333336
0 0.4928385416666667 0.4368489583333333 0.033854166666666664 0.032552083333333336
0 0.2805989583333333 0.26953125 0.036458333333333336 0.0390625
0 0.408203125 0.984375 0.037760416666666664 0.03125
0 0.3203125 0.3821614583333333 0.036458333333333336 0.03125
0 0.16080729166666666 0.9739583333333334 0.036458333333333336 0.036458333333333336
0 0.7819010416666666 0.8489583333333334 0.03125 0.03125
0 0.014322916666666666 0.4576822916666667 0.028645833333333332 0.03515625
0 0.189453125 0.2864583333333333 0.0390625 0.037760416666666664
0 0.7154947916666666 0.5930989583333334 0.036458333333333336 0.036458333333333336
0 0.2532552083333333 0.908203125 0.037760416666666664 0.04296875
0 0.5286458333333334 0.19466145833333334 0.033854166666666664 0.033854166666666664
0 0.09635416666666667 0.6061197916666666 0.0390625 0.036458333333333336
0 0.177734375 0.8990885416666666 0.041666666666666664 0.04296875
0 0.21028645833333334 0.3170572916666667 0.026041666666666668 0.02734375
0 0.7076822916666666 0.5110677083333334 0.05078125 0.053385416666666664
0 0.4973958333333333 0.939453125 0.036458333333333336 0.037760416666666664
0 0.3125 0.8645833333333334 0.03515625 0.03515625
0 0.4401041666666667 0.6555989583333334 0.032552083333333336 0.032552083333333336
0 0.3430989583333333 0.6158854166666666 0.032552083333333336 0.03125
0 0.8600260416666666 0.6373697916666666 0.036458333333333336 0.03515625
0 0.5716145833333334 0.2819010416666667 0.078125 0.08072916666666667
0 0.14908854166666666 0.09765625 0.044270833333333336 0.046875
0 0.884765625 0.625 0.046875 0.049479166666666664
0 0.6673177083333334 0.4615885416666667 0.036458333333333336 0.037760416666666664
0 0.3046875 0.10221354166666667 0.02734375 0.02734375
0 0.8170572916666666 0.9231770833333334 0.12630208333333334 0.13541666666666666
0 0.6673177083333334 0.3873697916666667 0.10416666666666667 0.10546875