0 0.21158854166666666 0.4264322916666667 0.10026041666666667 0.10286458333333333
0 0.2981770833333333 0.73046875 0.03125 0.03125
0 0.19661458333333334 0.3177083333333333 0.11197916666666667 0.11197916666666667
0 0.20703125 0.4251302083333333 0.0234375 0.022135416666666668
0 0.2962239583333333 0.5911458333333334 0.01953125 0.020833333333333332
0 0.345703125 0.2936197916666667 0.05859375 0.061197916666666664
0 0.52734375 0.8841145833333334 0.018229166666666668 0.018229166666666668
0 0.6516927083333334 0.638671875 0.20182291666666666 0.22786458333333334
0 0.7858072916666666 0.5755208333333334 0.08984375 0.1015625
0 0.7415364583333334 0.3997395833333333 0.12109375 0.14322916666666666
0 0.0390625 0.7174479166666666 0.0234375 0.026041666666666668
0 0.7819010416666666 0.9075520833333334 0.05859375 0.06770833333333333
0 0.8743489583333334 0.693359375 0.024739583333333332 0.02734375
0 0.9010416666666666 0.6510416666666666 0.026041666666666668 0.026041666666666668
0 0.6126302083333334 0.3912760416666667 0.022135416666666668 0.024739583333333332
0 0.6471354166666666 0.42578125 0.020833333333333332 0.0234375
0 0.5032552083333334 0.4680989583333333 0.022135416666666668 0.022135416666666668
0 0.4069010416666667 0.042317708333333336 0.022135416666666668 0.024739583333333332
0 0.3072916666666667 0.5013020833333334 0.018229166666666668 0.0234375
0 0.2845052083333333 0.4817708333333333 0.040364583333333336 0.044270833333333336
0 0.6946614583333334 0.049479166666666664 0.02734375 0.026041666666666668
0 0.767578125 0.3190104166666667 0.016927083333333332 0.020833333333333332
0 0.8092447916666666 0.20442708333333334 0.01171875 0.015625
0 0.015625 0.1796875 0.0234375 0.026041666666666668
0 0.2630208333333333 0.9322916666666666 0.015625 0.015625
0 0.55078125 0.7779947916666666 0.018229166666666668 0.01953125
0 0.701171875 0.9798177083333334 0.016927083333333332 0.016927083333333332
0 0.8235677083333334 0.328125 0.014322916666666666 0.015625
0 0.8645833333333334 0.09049479166666667 0.015625 0.014322916666666666
0 0.9713541666666666 0.07877604166666667 0.013020833333333334 0.014322916666666666
0 0.9212239583333334 0.8248697916666666 0.15755208333333334 0.34765625