0 0.8307291666666666 0.053385416666666664 0.0390625 0.041666666666666664
0 0.271484375 0.2799479166666667 0.02734375 0.026041666666666668
0 0.154296875 0.22916666666666666 0.06380208333333333 0.0625
0 0.23111979166666666 0.07161458333333333 0.022135416666666668 0.026041666666666668
0 0.2740885416666667 0.16145833333333334 0.01953125 0.018229166666666668
0 0.5247395833333334 0.3515625 0.026041666666666668 0.026041666666666668
0 0.5983072916666666 0.48828125 0.055989583333333336 0.052083333333333336
0 0.287109375 0.5221354166666666 0.01953125 0.0234375
0 0.25 0.5416666666666666 0.0234375 0.0234375
0 0.03515625 0.3561197916666667 0.028645833333333332 0.029947916666666668
0 0.22200520833333334 0.732421875 0.045572916666666664 0.045572916666666664
0 0.28125 0.6881510416666666 0.020833333333333332 0.022135416666666668
0 0.3548177083333333 0.6751302083333334 0.016927083333333332 0.01953125
0 0.4596354166666667 0.56640625 0.20833333333333334 0.18229166666666666
0 0.6100260416666666 0.61328125 0.037760416666666664 0.036458333333333336
0 0.8209635416666666 0.5013020833333334 0.032552083333333336 0.026041666666666668
0 0.8834635416666666 0.4524739583333333 0.10286458333333333 0.09765625
0 0.681640625 0.039713541666666664 0.024739583333333332 0.02734375
0 0.3177083333333333 0.8509114583333334 0.0390625 0.04296875
0 0.4069010416666667 0.8111979166666666 0.04296875 0.046875
0 0.474609375 0.8626302083333334 0.061197916666666664 0.05859375
0 0.86328125 0.873046875 0.026041666666666668 0.024739583333333332
0 0.7897135416666666 0.8365885416666666 0.022135416666666668 0.01953125
0 0.9173177083333334 0.5572916666666666 0.016927083333333332 0.018229166666666668
0 0.2610677083333333 0.5859375 0.01953125 0.013020833333333334
0 0.07877604166666667 0.8333333333333334 0.01953125 0.013020833333333334
0 0.9446614583333334 0.076171875 0.01953125 0.029947916666666668
0 0.7727864583333334 0.2649739583333333 0.02734375 0.03515625
0 0.9290364583333334 0.24153645833333334 0.11848958333333333 0.17057291666666666
0 0.5924479166666666 0.09895833333333333 0.2630208333333333 0.1796875
0 0.716796875 0.5045572916666666 0.12369791666666667 0.12369791666666667
0 0.09244791666666667 0.5013020833333334 0.018229166666666668 0.013020833333333334
0 0.6868489583333334 0.720703125 0.016927083333333332 0.016927083333333332
0 0.017578125 0.4759114583333333 0.032552083333333336 0.045572916666666664
0 0.3196614583333333 0.12760416666666666 0.016927083333333332 0.015625
0 0.5989583333333334 0.716796875 0.013020833333333334 0.014322916666666666
0 0.009114583333333334 0.884765625 0.013020833333333334 0.03515625