0 0.6217447916666666 0.96875 0.01953125 0.018229166666666668
0 0.6608072916666666 0.16080729166666666 0.01953125 0.01953125
0 0.4244791666666667 0.9290364583333334 0.015625 0.01953125
0 0.3873697916666667 0.7213541666666666 0.01953125 0.015625
0 0.3587239583333333 0.6653645833333334 0.014322916666666666 0.015625
0 0.3092447916666667 0.6438802083333334 0.01171875 0.014322916666666666
0 0.057291666666666664 0.4283854166666667 0.015625 0.018229166666666668
0 0.9049479166666666 0.5078125 0.015625 0.013020833333333334
0 0.9544270833333334 0.8268229166666666 0.015625 0.015625
0 0.19856770833333334 0.20703125 0.01171875 0.010416666666666666
0 0.3606770833333333 0.2727864583333333 0.010416666666666666 0.01171875
0 0.3678385416666667 0.546875 0.01171875 0.015625
0 0.9524739583333334 0.5345052083333334 0.01171875 0.014322916666666666
0 0.9739583333333334 0.794921875 0.013020833333333334 0.014322916666666666
0 0.578125 0.08528645833333333 0.010416666666666666 0.01171875
0 0.48046875 0.09114583333333333 0.010416666666666666 0.010416666666666666
0 0.6263020833333334 0.1484375 0.0078125 0.010416666666666666