0 0.5610416666666667 0.06647135416666666 0.011510416666666709 0.01072916666666666
0 0.36963541666666666 0.5952213541666667 0.010494791666666595 0.010572916666666673
0 0.41455729166666666 0.5908203125 0.01005208333333337 0.008736979166666714
0 0.46264322916666667 0.4921875 0.005651041666666708 0.0055468749999999884
0 0.45287760416666667 0.6079166666666667 0.010286458333333304 0.009596354166666673
0 0.13721354166666666 0.31201822916666666 0.009023437500000009 0.008854166666666682
0 0.7758854166666667 0.5190494791666667 0.012148437499999906 0.011158854166666732
0 0.24779947916666667 0.36938802083333333 0.009739583333333357 0.009335937499999947
0 0.5395572916666667 0.45069010416666666 0.009375000000000059 0.009231770833333375
0 0.6201171875 0.0743359375 0.01347656250000003 0.01248697916666667
0 0.234375 0.73046875 0.009296874999999982 0.009062500000000048
0 0.8198307291666667 0.8364322916666667 0.01036458333333338 0.010169270833333263
0 0.2186328125 0.3720703125 0.008776041666666679 0.008476562499999988
0 0.4267578125 0.42260416666666667 0.005455729166666738 0.005390624999999982
0 0.18286458333333333 0.9711979166666667 0.008580729166666634 0.008945312499999858
0 0.4765625 0.26391927083333333 0.009739583333333357 0.009453124999999988
0 0.3125 0.45752604166666666 0.010533854166666634 0.009895833333333362
0 0.8369140625 0.578125 0.011640625000000071 0.010859375000000041
0 0.20153645833333333 0.484375 0.011197916666666696 0.01036458333333338
0 0.623046875 0.5688541666666667 0.010286458333333304 0.009335937499999947
0 0.8696354166666667 0.9189453125 0.01095052083333344 0.010286458333333451
0 0.8740234375 0.32276041666666666 0.009414062500000023 0.008919270833333362
0 0.54296875 0.5810546875 0.03460937500000005 0.03210937499999996
0 0.310546875 0.25317708333333333 0.005260416666666694 0.005286458333333337
0 0.7119140625 0.15173177083333333 0.00565104166666656 0.005390624999999982
0 0.009479166666666669 0.23498697916666667 0.011119791666666665 0.010651041666666675
0 0.265625 0.33423177083333333 0.0092317708333333 0.00906250000000001
0 0.6635807291666667 0.5751953125 0.016341145833333275 0.015299479166666666
0 0.5825260416666667 0.7333984375 0.01524739583333338 0.014231770833333416
0 0.34229166666666666 0.17725260416666666 0.012526041666666673 0.011249999999999982
0 0.40697916666666667 0.9682682291666667 0.00927083333333334 0.009895833333333215
0 0.5336979166666667 0.7876041666666667 0.010169270833333263 0.010729166666666679
0 0.2383984375 0.43311197916666666 0.01001302083333333 0.009296874999999982
0 0.45459635416666666 0.08630208333333333 0.008919270833333362 0.008736979166666667
0 0.7392578125 0.7724609375 0.011328125000000059 0.011731770833333321
0 0.6318359375 0.7026432291666667 0.009023437499999934 0.008255208333333227
0 0.5092838541666667 0.35889322916666666 0.009934895833333327 0.009778645833333321
0 0.11516927083333334 0.6176822916666667 0.00955729166666667 0.009127604166666655
0 0.44213541666666667 0.23278645833333333 0.008815104166666643 0.009023437500000009
0 0.8022526041666667 0.28858072916666666 0.005104166666666761 0.005169270833333369
0 0.5981510416666667 0.5927734375 0.009453124999999988 0.008854166666666607
0 0.43822916666666667 0.49927083333333333 0.009231770833333375 0.008515624999999952
0 0.8759765625 0.5610416666666667 0.005364583333333191 0.0048958333333333215
0 0.6162109375 0.29467447916666667 0.005104166666666614 0.004973958333333324
0 0.5693359375 0.10321614583333333 0.010130208333333298 0.00927083333333334
0 0.830078125 0.9409244791666667 0.008736979166666714 0.008541666666666595
0 0.5600651041666667 0.1483203125 0.020091145833333268 0.018502604166666676
0 0.35303385416666666 0.435546875 0.010781249999999964 0.010208333333333375
0 0.012864583333333334 0.34740885416666667 0.008515624999999999 0.008736979166666714
0 0.29248697916666666 0.11950520833333333 0.005481770833333306 0.0053255208333333375
0 0.6455078125 0.646484375 0.04217447916666665 0.038906249999999996
0 0.5126953125 0.373046875 0.009296874999999982 0.009088541666666691
0 0.501953125 0.7338932291666667 0.008710937500000071 0.008815104166666643
0 0.79296875 0.7373046875 0.009023437500000083 0.008854166666666607
0 0.9370182291666667 0.5200260416666667 0.016223958333333382 0.013906249999999934
0 0.49756510416666666 0.3671875 0.010494791666666595 0.010130208333333298
0 0.41626302083333333 0.19665364583333333 0.011731770833333321 0.01102864583333337
0 0.29151041666666666 0.9228515625 0.00898437499999997 0.009270833333333192
0 0.30932291666666667 0.6333072916666667 0.009088541666666691 0.009023437499999934
0 0.6879947916666667 0.37279947916666667 0.009127604166666655 0.008945312500000005
0 0.509765625 0.33350260416666666 0.023906250000000018 0.0224609375
0 0.56640625 0.1318359375 0.008736979166666714 0.008372395833333343
0 0.8110416666666667 0.8735416666666667 0.010247395833333192 0.01102864583333337
0 0.90625 0.9643619791666667 0.008776041666666679 0.009127604166666655
0 0.7192447916666667 0.9404296875 0.020091145833333417 0.018619791666666607
0 0.32201822916666667 0.38794270833333333 0.008710937499999996 0.00809895833333337
0 0.81640625 0.6626041666666667 0.019348958333333204 0.018502604166666714
0 0.10778645833333333 0.7358463541666667 0.008776041666666679 0.008476562499999988
0 0.005820312499999998 0.9360416666666667 0.010325520833333332 0.010572916666666524
0 0.16479166666666667 0.1424609375 0.009635416666666655 0.009414062499999987
0 0.212890625 0.5288151041666667 0.00873697916666664 0.00841145833333338
0 0.9223697916666667 0.6318359375 0.020768229166666725 0.018880208333333332
0 0.8354557291666667 0.8911197916666667 0.008984375000000119 0.00888020833333325
0 0.5864322916666667 0.41796875 0.009778645833333321 0.00916666666666662
0 0.8364322916666667 0.20178385416666667 0.0374739583333333 0.035221354166666684
0 0.30932291666666667 0.48462239583333333 0.009374999999999986 0.009192708333333263
0 0.8569401041666667 0.06915364583333333 0.009088541666666691 0.009453125000000007
0 0.34424479166666666 0.22217447916666666 0.008450520833333345 0.008776041666666679
0 0.47119791666666666 0.7216796875 0.004739583333333315 0.005364583333333191
0 0.46361979166666667 0.026549479166666667 0.009335937499999947 0.009127604166666664
0 0.736328125 0.22510416666666666 0.004687499999999882 0.004661458333333313
0 0.931640625 0.5600651041666667 0.02266927083333344 0.020794270833333368
0 0.19458333333333333 0.517578125 0.010781249999999964 0.010169270833333263
0 0.8813541666666667 0.48608072916666667 0.024934895833333453 0.025416666666666643
0 0.279296875 0.0365625 0.005585937500000027 0.004947916666666663
0 0.5146484375 0.03567708333333333 0.00575520833333328 0.005585937499999999
0 0.9751041666666667 0.15014322916666667 0.013372395833333309 0.011419270833333347
0 0.1661328125 0.063046875 0.009453124999999988 0.00977864583333334
0 0.20055989583333333 0.4169921875 0.005013020833333363 0.004739583333333315
0 0.01513020833333333 0.6889713541666667 0.012187499999999997 0.011731770833333321
0 0.5141666666666667 0.9067447916666667 0.038242187500000004 0.03574218750000006
0 0.1251171875 0.6069401041666667 0.01321614583333334 0.012864583333333327
0 0.48389322916666666 0.30541666666666667 0.004309895833333262 0.004622395833333348
0 0.23502604166666666 0.9967447916666666 0.009114583333333334 0.006510416666666667
0 0.1658984375 0.8896484375 0.04648437499999999 0.04296875
0 0.37061197916666666 0.32544270833333333 0.005169270833333369 0.005039062500000006
0 0.568359375 0.23596354166666667 0.0386979166666667 0.03488281250000003
0 0.7573307291666667 0.9306640625 0.025039062500000025 0.024270833333333464
0 0.7944401041666667 0.84375 0.008372395833333416 0.009088541666666691
0 0.06572916666666666 0.7026432291666667 0.009817708333333341 0.010169270833333263
0 0.1376953125 0.8725651041666667 0.010403645833333345 0.00997395833333344
0 0.61328125 0.6469791666666667 0.010729166666666679 0.01045572916666663
0 0.6088932291666667 0.35180989583333333 0.009856770833333398 0.010820312499999929
0 0.0051171875 0.12647135416666666 0.005143229166666667 0.005286458333333337
0 0.9973958333333334 0.5579427083333334 0.005208333333333333 0.01171875
0 0.21899739583333333 0.33350260416666666 0.005364583333333339 0.005169270833333369
0 0.22106770833333333 0.7885807291666667 0.04076822916666667 0.03753906249999991
0 0.693359375 0.9521484375 0.0053906250000001306 0.005716145833333464
0 0.9672916666666667 0.5083072916666667 0.008776041666666679 0.008671874999999959
0 0.6337890625 0.8662109375 0.005325520833333375 0.0048958333333333215
0 0.658203125 0.66796875 0.01182291666666672 0.011197916666666622
0 0.10485677083333333 0.5385807291666667 0.10894531250000002 0.1022916666666666
0 0.35010416666666666 0.8642578125 0.08929687500000001 0.0830078125
0 0.9194401041666667 0.5517578125 0.009127604166666655 0.008776041666666679
0 0.8569401041666667 0.935546875 0.0055208333333333455 0.0053906250000001306
0 0.04376302083333333 0.8388671875 0.021822916666666674 0.023554687499999893
0 0.010950520833333333 0.7548828125 0.008710937500000002 0.008346354166666773
0 0.7255859375 0.837890625 0.004088541666666797 0.004713541666666525
0 0.580078125 0.9809635416666667 0.00947916666666663 0.009635416666666785
0 0.9677734375 0.9892578125 0.0333854166666668 0.018020833333333226
0 0.9692447916666667 0.892578125 0.01005208333333337 0.008984375000000119
0 0.7216796875 0.98828125 0.009934895833333476 0.008671875000000107
0 0.9848697916666667 0.5991276041666667 0.011966145833333405 0.012382812499999988
0 0.9965364583333334 0.5322265625 0.0069270833333332504 0.01484374999999997
0 0.04760416666666667 0.7631901041666667 0.08977864583333332 0.203125
0 0.90625 0.9970182291666667 0.0055208333333333455 0.003059895833333215
0 0.0505078125 0.9887760416666667 0.011822916666666664 0.010898437499999858