0 0.9368489583333334 0.055338541666666664 0.032552083333333336 0.032552083333333336
0 0.923828125 0.19986979166666666 0.01953125 0.016927083333333332
0 0.6640625 0.026041666666666668 0.015625 0.013020833333333334
0 0.4075520833333333 0.7356770833333334 0.049479166666666664 0.052083333333333336
0 0.4615885416666667 0.595703125 0.01953125 0.01953125
0 0.3326822916666667 0.2884114583333333 0.022135416666666668 0.02734375
0 0.14518229166666666 0.22721354166666666 0.01953125 0.01953125
0 0.20247395833333334 0.19205729166666666 0.016927083333333332 0.006510416666666667
0 0.4518229166666667 0.927734375 0.013020833333333334 0.01953125
0 0.6321614583333334 0.2864583333333333 0.016927083333333332 0.013020833333333334
0 0.8834635416666666 0.08463541666666667 0.014322916666666666 0.013020833333333334
0 0.6354166666666666 0.36328125 0.010416666666666666 0.010416666666666666
0 0.5930989583333334 0.13346354166666666 0.014322916666666666 0.014322916666666666
0 0.4772135416666667 0.220703125 0.014322916666666666 0.014322916666666666