0 0.244140625 0.0546875 0.01953125 0.015625
0 0.6028645833333334 0.259765625 0.057291666666666664 0.055989583333333336
0 0.6803385416666666 0.4309895833333333 0.05859375 0.06510416666666667
0 0.5123697916666666 0.50390625 0.032552083333333336 0.041666666666666664
0 0.5846354166666666 0.5930989583333334 0.03125 0.032552083333333336
0 0.662109375 0.5638020833333334 0.01953125 0.013020833333333334
0 0.8606770833333334 0.31640625 0.028645833333333332 0.026041666666666668
0 0.935546875 0.283203125 0.022135416666666668 0.016927083333333332
0 0.10416666666666667 0.140625 0.013020833333333334 0.013020833333333334
0 0.3723958333333333 0.232421875 0.11458333333333333 0.11848958333333333
0 0.07747395833333333 0.775390625 0.01953125 0.01953125
0 0.01953125 0.775390625 0.013020833333333334 0.01953125
0 0.045572916666666664 0.837890625 0.013020833333333334 0.014322916666666666
0 0.17903645833333334 0.9270833333333334 0.14973958333333334 0.12760416666666666
0 0.59375 0.6940104166666666 0.015625 0.013020833333333334
0 0.6380208333333334 0.716796875 0.0234375 0.01953125
0 0.94140625 0.8020833333333334 0.018229166666666668 0.020833333333333332
0 0.6712239583333334 0.1640625 0.014322916666666666 0.018229166666666668
0 0.76953125 0.8997395833333334 0.015625 0.018229166666666668
0 0.814453125 0.96484375 0.05078125 0.044270833333333336
0 0.9765625 0.298828125 0.026041666666666668 0.016927083333333332
0 0.990234375 0.5859375 0.01171875 0.028645833333333332
0 0.5904947916666666 0.9505208333333334 0.01953125 0.015625
0 0.3404947916666667 0.6334635416666666 0.01953125 0.024739583333333332
0 0.8372395833333334 0.8671875 0.020833333333333332 0.020833333333333332