0 0.09271240234375 0.317138671875 0.0102081298828125 0.0101318359375
0 0.327392578125 0.8896484375 0.01137542724609375 0.01214599609375
0 0.2203369140625 0.5107421875 0.01078033447265625 0.0102081298828125
0 0.5078125 0.81982421875 0.01111602783203125 0.01078033447265625
0 0.308837890625 0.415283203125 0.010528564453125 0.01056671142578125
0 0.5224609375 0.40087890625 0.02044677734375 0.01983642578125
0 0.50048828125 0.61865234375 0.01233673095703125 0.0121917724609375
0 0.56640625 0.38330078125 0.0099334716796875 0.009674072265625
0 0.55810546875 0.67333984375 0.00891876220703125 0.00916290283203125
0 0.3125 0.9638671875 0.0127716064453125 0.01282501220703125
0 0.1885986328125 0.59375 0.00963592529296875 0.0099334716796875
0 0.1419677734375 0.235595703125 0.0101318359375 0.010009765625
0 0.6376953125 0.388916015625 0.0090179443359375 0.0087127685546875
0 0.4169921875 0.464599609375 0.00937652587890625 0.00878143310546875
0 0.85009765625 0.505859375 0.01116180419921875 0.010986328125
0 0.72265625 0.88720703125 0.0055217036494502976 0.0055827388057002976
0 0.10894775390625 0.7509765625 0.01262664794921875 0.01242828369140625
0 0.355712890625 0.26806640625 0.0089874267578125 0.0092315673828125
0 0.70556640625 0.20703125 0.01073455810546875 0.01029205322265625
0 0.5400390625 0.7548828125 0.008880615234375 0.008544921875
0 0.442626953125 0.40234375 0.0087432861328125 0.00844573974609375
0 0.68798828125 0.169677734375 0.011199951171875 0.01085662841796875
0 0.52783203125 0.68017578125 0.0056819209346065476 0.0056514033564815476
0 0.56884765625 0.417236328125 0.0092315673828125 0.0087127685546875
0 0.83056640625 0.303955078125 0.0097808837890625 0.00974273681640625
0 0.474365234375 0.65869140625 0.02484130859375 0.024932861328125
0 0.379150390625 0.9599609375 0.0103302001953125 0.010528564453125
0 0.2264404296875 0.00916290283203125 0.0150146484375 0.0127716064453125
0 0.41015625 0.7578125 0.041778564453125 0.042236328125
0 0.437744140625 0.58984375 0.0125274658203125 0.01229095458984375
0 0.5185546875 0.52587890625 0.033843994140625 0.031982421875
0 0.377197265625 0.459228515625 0.0052623042353877976 0.0052928218135127976
0 0.3798828125 0.6875 0.00974273681640625 0.00916290283203125
0 0.67822265625 0.148681640625 0.00971221923828125 0.00945281982421875
0 0.61572265625 0.364990234375 0.0053233393916377976 0.0053920039424190476
0 0.95361328125 0.7392578125 0.0050410517939815476 0.0050410517939815476
0 0.65234375 0.62451171875 0.0054835566767940476 0.0056514033564815476
0 0.24658203125 0.58349609375 0.0087127685546875 0.008880615234375
0 0.431396484375 0.603515625 0.01348114013671875 0.013275146484375
0 0.093505859375 0.59033203125 0.004949499059606473 0.0053614863642940476
0 0.5703125 0.1844482421875 0.0056819209346065476 0.005521703649450223
0 0.802734375 0.7802734375 0.0047435054072627976 0.0050715693721065476
0 0.254150390625 0.64501953125 0.018096923828125 0.0180206298828125
0 0.6748046875 0.5068359375 0.0052928218135127976 0.0053614863642940476
0 0.1729736328125 0.1810302734375 0.00937652587890625 0.0087432861328125
0 0.9267578125 0.60107421875 0.017578125 0.0181884765625
0 0.5546875 0.320556640625 0.0047129878291377976 0.004568029333043973
0 0.00803375244140625 0.525390625 0.01337432861328125 0.01337432861328125
0 0.73974609375 0.763671875 0.0087127685546875 0.0089874267578125
0 0.9248046875 0.580078125 0.0118255615234375 0.011505126953125
0 0.12646484375 0.509765625 0.0131683349609375 0.0118255615234375
0 0.2437744140625 0.6611328125 0.02276611328125 0.0245208740234375
0 0.415771484375 0.08282470703125 0.0143890380859375 0.01363372802734375
0 0.2059326171875 0.2032470703125 0.00878143310546875 0.00841522216796875
0 0.99169921875 0.8017578125 0.0160980224609375 0.0233306884765625
0 0.13671875 0.19580078125 0.00937652587890625 0.00878143310546875
0 0.165771484375 0.376953125 0.029144287109375 0.0292510986328125
0 0.2413330078125 0.241455078125 0.08135986328125 0.0794677734375
0 0.48583984375 0.72900390625 0.048675537109375 0.04779052734375
0 0.5654296875 0.52783203125 0.0049189814814815476 0.0049494990596065476
0 0.333984375 0.6396484375 0.011688232421875 0.0161590576171875
0 0.05224609375 0.445068359375 0.01029205322265625 0.01061248779296875
0 0.358642578125 0.81005859375 0.0276336669921875 0.0285491943359375
0 0.85546875 0.626953125 0.0049800166377315476 0.0052928218135127976
0 0.6015625 0.97998046875 0.027801513671875 0.0272216796875
0 0.3359375 0.69384765625 0.0048007258662471726 0.0054225215205440476
0 0.25341796875 0.93408203125 0.0116424560546875 0.012481689453125
0 0.09271240234375 0.1175537109375 0.004800725866247098 0.004743505407262723
0 0.73291015625 0.97216796875 0.0049800166377315476 0.0057505854853877976
0 0.51025390625 0.54736328125 0.0056514033564815476 0.0055522212275752976
0 0.11798095703125 0.30322265625 0.005483556676793973 0.005453039098668973
0 0.173095703125 0.453125 0.005582738805700223 0.0055827388057002976
0 0.9697265625 0.76708984375 0.0042819270381221726 0.0045680293330440476
0 0.4951171875 0.68896484375 0.0055217036494502976 0.0053920039424190476
0 0.483642578125 0.82958984375 0.012054443359375 0.01348114013671875
0 0.64599609375 0.939453125 0.0089874267578125 0.00989532470703125
0 0.806640625 0.5234375 0.00787353515625 0.00955963134765625
0 0.479248046875 0.498291015625 0.00916290283203125 0.00989532470703125
0 0.368896484375 0.7724609375 0.0045375117549190476 0.0047435054072627976
0 0.06817626953125 0.87744140625 0.0089874267578125 0.00937652587890625
0 0.1402587890625 0.91455078125 0.005231786657262723 0.0054530390986690476
0 0.33544921875 0.409423828125 0.01009368896484375 0.01049041748046875
0 0.650390625 0.69677734375 0.056640625 0.05291748046875
0 0.11102294921875 0.83056640625 0.005361486364293973 0.0054530390986690476
0 0.87939453125 0.12890625 0.1412353515625 0.1419677734375
0 0.44482421875 0.17041015625 0.0051097163447627976 0.004892278600622098
0 0.7421875 0.8232421875 0.0039843806514034226 0.0049800166377315476
0 0.296142578125 0.51123046875 0.00955963134765625 0.00937652587890625
0 0.456787109375 0.751953125 0.0055217036494502976 0.0052928218135127976
0 0.8447265625 0.8447265625 0.0039576777705440476 0.0045947322139034226
0 0.3310546875 0.970703125 0.0082855224609375 0.0087432861328125
0 0.9964504241943359 0.445068359375 0.007099151611328125 0.01029205322265625
0 0.92822265625 0.78857421875 0.0083160400390625 0.0089874267578125
0 0.028106689453125 0.65625 0.01009368896484375 0.0104522705078125
0 0.0333251953125 0.4833984375 0.061767578125 0.06427001953125
0 0.171875 0.449462890625 0.0638427734375 0.0634765625
0 0.96484375 0.791015625 0.0046557673701534226 0.0051402339228877976
0 0.9972953796386719 0.08660888671875 0.00540924072265625 0.0177154541015625
0 0.11798095703125 0.58984375 0.20556640625 0.18359375
0 0.99072265625 0.4443359375 0.0125274658203125 0.01111602783203125
0 0.9983587265014648 0.8388671875 0.0032825469970703125 0.0087432861328125
0 0.9609375 0.81494140625 0.003904272008825297 0.0043391474971065476
0 0.1171875 0.8408203125 0.04638671875 0.042724609375
0 0.96533203125 0.12066650390625 0.010986328125 0.012054443359375
0 0.9960250854492188 0.802734375 0.0079498291015625 0.0197906494140625
0 0.1519775390625 0.94671630859375 0.198974609375 0.1065673828125