0 0.2955729166666667 0.3932291666666667 0.018229166666666668 0.020833333333333332
0 0.123046875 0.375 0.032552083333333336 0.026041666666666668
0 0.21614583333333334 0.029947916666666668 0.028645833333333332 0.026041666666666668
0 0.3489583333333333 0.62890625 0.020833333333333332 0.026041666666666668
0 0.5123697916666666 0.630859375 0.04296875 0.03515625
0 0.203125 0.22395833333333334 0.036458333333333336 0.036458333333333336
0 0.24088541666666666 0.23828125 0.026041666666666668 0.026041666666666668
0 0.7682291666666666 0.11848958333333333 0.026041666666666668 0.020833333333333332
0 0.8860677083333334 0.16015625 0.02734375 0.026041666666666668
0 0.7161458333333334 0.6087239583333334 0.026041666666666668 0.029947916666666668
0 0.55859375 0.6223958333333334 0.020833333333333332 0.020833333333333332
0 0.37890625 0.376953125 0.015625 0.015625
0 0.50390625 0.7356770833333334 0.018229166666666668 0.016927083333333332
0 0.6686197916666666 0.7213541666666666 0.016927083333333332 0.015625
0 0.083984375 0.12955729166666666 0.015625 0.014322916666666666
0 0.107421875 0.20442708333333334 0.013020833333333334 0.013020833333333334
0 0.671875 0.061197916666666664 0.015625 0.015625
0 0.17838541666666666 0.4772135416666667 0.015625 0.015625
0 0.712890625 0.13346354166666666 0.0078125 0.0078125
0 0.3860677083333333 0.4641927083333333 0.0078125 0.0078125
0 0.48828125 0.16796875 0.013020833333333334 0.013020833333333334
0 0.8997395833333334 0.3255208333333333 0.010416666666666666 0.010416666666666666