0 0.5514322916666666 0.28125 0.037760416666666664 0.033854166666666664
0 0.3756510416666667 0.08919270833333333 0.07161458333333333 0.06901041666666667
0 0.3118489583333333 0.24153645833333334 0.02734375 0.02734375
0 0.036458333333333336 0.1796875 0.0703125 0.13802083333333334
0 0.06640625 0.111328125 0.026041666666666668 0.02734375
0 0.947265625 0.23763020833333334 0.024739583333333332 0.024739583333333332
0 0.4772135416666667 0.09440104166666667 0.10026041666666667 0.09765625
0 0.33203125 0.19986979166666666 0.013020833333333334 0.01171875
0 0.6171875 0.6276041666666666 0.018229166666666668 0.018229166666666668
0 0.5423177083333334 0.6354166666666666 0.01953125 0.020833333333333332
0 0.5377604166666666 0.5807291666666666 0.013020833333333334 0.015625
0 0.6276041666666666 0.5729166666666666 0.010416666666666666 0.010416666666666666
0 0.458984375 0.7330729166666666 0.12630208333333334 0.12239583333333333
0 0.4765625 0.8255208333333334 0.06770833333333333 0.059895833333333336
0 0.837890625 0.662109375 0.06640625 0.07161458333333333
0 0.896484375 0.724609375 0.12890625 0.14192708333333334
0 0.3092447916666667 0.880859375 0.10807291666666667 0.10807291666666667
0 0.3671875 0.4694010416666667 0.0546875 0.048177083333333336
0 0.3092447916666667 0.5026041666666666 0.11328125 0.1171875
0 0.236328125 0.3919270833333333 0.24348958333333334 0.21875
0 0.036458333333333336 0.9134114583333334 0.010416666666666666 0.01171875
0 0.6067708333333334 0.974609375 0.013020833333333334 0.01171875
0 0.8736979166666666 0.9596354166666666 0.125 0.08072916666666667
0 0.6712239583333334 0.4069010416666667 0.13671875 0.13671875
0 0.5930989583333334 0.5618489583333334 0.23046875 0.22786458333333334
0 0.8971354166666666 0.48828125 0.015625 0.015625
0 0.17317708333333334 0.8515625 0.010416666666666666 0.013020833333333334
0 0.5657552083333334 0.14127604166666666 0.06901041666666667 0.06380208333333333
0 0.5494791666666666 0.13346354166666666 0.0078125 0.009114583333333334
0 0.11653645833333333 0.2727864583333333 0.01171875 0.014322916666666666
0 0.212890625 0.4095052083333333 0.014322916666666666 0.014322916666666666
0 0.14192708333333334 0.396484375 0.015625 0.01171875
0 0.4088541666666667 0.8834635416666666 0.10416666666666667 0.11328125
0 0.525390625 0.5221354166666666 0.006510416666666667 0.0078125
0 0.55859375 0.5423177083333334 0.0078125 0.006510416666666667
0 0.4095052083333333 0.5611979166666666 0.006510416666666667 0.005208333333333333
0 0.7864583333333334 0.845703125 0.0078125 0.009114583333333334
0 0.7916666666666666 0.8235677083333334 0.0078125 0.006510416666666667
0 0.9635416666666666 0.7630208333333334 0.010416666666666666 0.010416666666666666
0 0.2766927083333333 0.6497395833333334 0.009114583333333334 0.010416666666666666
0 0.06315104166666667 0.626953125 0.009114583333333334 0.009114583333333334