0 0.020833333333333332 0.14908854166666666 0.041666666666666664 0.10807291666666667
0 0.3653645833333334 0.5254166666666666 0.17684895833333328 0.2125260416666667
0 0.4051432291666666 0.3626692708333333 0.09727864583333339 0.10695312499999998
0 0.5975911458333334 0.20716145833333333 0.07417968750000004 0.07080729166666666
0 0.658359375 0.19052083333333333 0.06263020833333328 0.072265625
0 0.6909244791666667 0.9297526041666666 0.09013020833333336 0.09239583333333339
0 0.9014583333333333 0.10227864583333335 0.07716145833333332 0.07516927083333332
0 0.7784635416666666 0.3373567708333333 0.05976562500000012 0.056328124999999986
0 0.21631510416666666 0.8407942708333334 0.04658854166666663 0.041770833333333236
0 0.7191276041666667 0.28382812500000004 0.03660156249999987 0.03608072916666664
0 0.8486328125 0.297578125 0.04386718750000007 0.05199218750000001
0 0.8754036458333333 0.5167447916666666 0.03953124999999987 0.036041666666666604
0 0.7842447916666666 0.6317578125000001 0.03950520833333323 0.034583333333333265
0 0.808125 0.6910677083333333 0.03807291666666668 0.03746093749999998
0 0.36968749999999995 0.955078125 0.03216145833333339 0.03018229166666675
0 0.5735677083333334 0.013020833333333334 0.03515625 0.026041666666666668
0 0.86671875 0.16158854166666667 0.03664062500000013 0.03175781249999998
0 0.8949348958333333 0.2570703125 0.0380859375 0.037526041666666655
0 0.7683333333333334 0.8538151041666667 0.030820312500000096 0.030208333333333393
0 0.7292578125000001 0.5832942708333334 0.025026041666666703 0.02156249999999993
0 0.19316406250000004 0.7438671874999999 0.034999999999999996 0.030221354166666714
0 0.9967447916666666 0.791015625 0.006510416666666667 0.029947916666666668
0 0.658359375 0.3720833333333333 0.027083333333333275 0.024687500000000046
0 0.7354296874999999 0.14317708333333334 0.024062500000000025 0.02141927083333332
0 0.6628776041666667 0.5495833333333333 0.02593750000000002 0.021484375
0 0.7923307291666667 0.4447135416666667 0.020690104166666796 0.027799479166666696
0 0.7703645833333334 0.43575520833333337 0.026510416666666536 0.025911458333333304
0 0.6710546875 0.06468750000000001 0.025611979166666687 0.029361979166666663
0 0.12247395833333334 0.5277083333333333 0.02902343749999999 0.018046875000000018
0 0.20549479166666665 0.5472395833333333 0.03225260416666664 0.024557291666666686
0 0.5392057291666666 0.915859375 0.058997395833333265 0.05838541666666656
0 0.29585937500000004 0.853203125 0.10613281249999999 0.09583333333333321
0 0.1200390625 0.7661328125 0.0702734375 0.06817708333333321
0 0.3129427083333334 0.3063671875 0.02312499999999999 0.024309895833333355