0 0.3255208333333333 0.3229166666666667 0.0390625 0.0390625
0 0.4147135416666667 0.3723958333333333 0.11067708333333333 0.09635416666666667
0 0.5592447916666666 0.4147135416666667 0.032552083333333336 0.037760416666666664
0 0.283203125 0.388671875 0.045572916666666664 0.045572916666666664
0 0.17252604166666666 0.5462239583333334 0.032552083333333336 0.029947916666666668
0 0.5657552083333334 0.33984375 0.01953125 0.018229166666666668
0 0.15950520833333334 0.050130208333333336 0.045572916666666664 0.040364583333333336
0 0.22916666666666666 0.087890625 0.015625 0.014322916666666666
0 0.3444010416666667 0.16080729166666666 0.022135416666666668 0.016927083333333332
0 0.020182291666666668 0.11002604166666667 0.014322916666666666 0.016927083333333332
0 0.10416666666666667 0.06510416666666667 0.013020833333333334 0.015625
0 0.040364583333333336 0.0078125 0.026041666666666668 0.013020833333333334
0 0.2701822916666667 0.5703125 0.05859375 0.052083333333333336
0 0.333984375 0.5729166666666666 0.022135416666666668 0.018229166666666668
0 0.4713541666666667 0.591796875 0.018229166666666668 0.016927083333333332
0 0.4186197916666667 0.61328125 0.014322916666666666 0.015625
0 0.20182291666666666 0.7096354166666666 0.06510416666666667 0.07552083333333333
0 0.16731770833333334 0.8639322916666666 0.05859375 0.053385416666666664
0 0.4290364583333333 0.927734375 0.02734375 0.024739583333333332
0 0.560546875 0.892578125 0.037760416666666664 0.032552083333333336
0 0.66796875 0.884765625 0.018229166666666668 0.016927083333333332
0 0.7975260416666666 0.892578125 0.05859375 0.05859375
0 0.7565104166666666 0.6022135416666666 0.09375 0.09505208333333333
0 0.890625 0.435546875 0.046875 0.048177083333333336
0 0.8723958333333334 0.5787760416666666 0.026041666666666668 0.022135416666666668
0 0.443359375 0.6803385416666666 0.040364583333333336 0.037760416666666664
0 0.7076822916666666 0.7259114583333334 0.016927083333333332 0.016927083333333332
0 0.10611979166666667 0.8717447916666666 0.016927083333333332 0.016927083333333332
0 0.8216145833333334 0.13802083333333334 0.026041666666666668 0.028645833333333332
0 0.4921875 0.036458333333333336 0.046875 0.0390625
0 0.140625 0.11653645833333333 0.057291666666666664 0.055989583333333336
0 0.3033854166666667 0.501953125 0.020833333333333332 0.01953125
0 0.6608072916666666 0.564453125 0.032552083333333336 0.02734375
0 0.763671875 0.4108072916666667 0.022135416666666668 0.01953125
0 0.6119791666666666 0.33984375 0.052083333333333336 0.046875
0 0.7317708333333334 0.361328125 0.020833333333333332 0.016927083333333332
0 0.07682291666666667 0.3561197916666667 0.015625 0.01953125
0 0.6041666666666666 0.23567708333333334 0.018229166666666668 0.020833333333333332
0 0.9544270833333334 0.18033854166666666 0.03125 0.037760416666666664
0 0.595703125 0.6451822916666666 0.01953125 0.01953125
0 0.8828125 0.5188802083333334 0.020833333333333332 0.024739583333333332
0 0.6412760416666666 0.080078125 0.022135416666666668 0.01953125
0 0.5638020833333334 0.07421875 0.0859375 0.08854166666666667
0 0.404296875 0.06575520833333333 0.11848958333333333 0.12369791666666667
0 0.185546875 0.306640625 0.07161458333333333 0.07161458333333333
0 0.869140625 0.08268229166666667 0.01953125 0.024739583333333332
0 0.8561197916666666 0.04296875 0.07161458333333333 0.078125
0 0.9544270833333334 0.039713541666666664 0.018229166666666668 0.01953125
0 0.51953125 0.447265625 0.015625 0.01171875
0 0.64453125 0.3736979166666667 0.013020833333333334 0.015625
0 0.6393229166666666 0.4010416666666667 0.015625 0.013020833333333334
0 0.7096354166666666 0.47265625 0.013020833333333334 0.013020833333333334
0 0.78515625 0.4811197916666667 0.018229166666666668 0.016927083333333332
0 0.8450520833333334 0.5494791666666666 0.018229166666666668 0.015625
0 0.2877604166666667 0.9016927083333334 0.013020833333333334 0.014322916666666666
0 0.3880208333333333 0.10026041666666667 0.020833333333333332 0.015625
0 0.7669270833333334 0.08528645833333333 0.015625 0.014322916666666666
0 0.75390625 0.17643229166666666 0.015625 0.016927083333333332
0 0.119140625 0.23567708333333334 0.016927083333333332 0.013020833333333334
0 0.4147135416666667 0.4518229166666667 0.045572916666666664 0.041666666666666664
0 0.7858072916666666 0.19596354166666666 0.016927083333333332 0.01953125
0 0.498046875 0.9055989583333334 0.01953125 0.01953125
0 0.9420572916666666 0.8795572916666666 0.09505208333333333 0.14973958333333334
0 0.986328125 0.962890625 0.01953125 0.016927083333333332
0 0.6022135416666666 0.92578125 0.01953125 0.020833333333333332
0 0.7272135416666666 0.5963541666666666 0.016927083333333332 0.013020833333333334
0 0.4270833333333333 0.6217447916666666 0.018229166666666668 0.016927083333333332
0 0.603515625 0.6575520833333334 0.01171875 0.013020833333333334