0 0.3717447916666667 0.21875 0.024739583333333332 0.020833333333333332
0 0.22265625 0.19856770833333334 0.09375 0.10026041666666667
0 0.3782552083333333 0.6451822916666666 0.022135416666666668 0.024739583333333332
0 0.4602864583333333 0.646484375 0.016927083333333332 0.016927083333333332
0 0.2877604166666667 0.8645833333333334 0.020833333333333332 0.015625
0 0.837890625 0.6979166666666666 0.016927083333333332 0.013020833333333334
0 0.7298177083333334 0.900390625 0.014322916666666666 0.014322916666666666
0 0.9322916666666666 0.7180989583333334 0.015625 0.01171875
0 0.8522135416666666 0.48828125 0.014322916666666666 0.013020833333333334
0 0.6484375 0.3567708333333333 0.018229166666666668 0.018229166666666668
0 0.6614583333333334 0.3860677083333333 0.013020833333333334 0.01171875
0 0.4576822916666667 0.927734375 0.014322916666666666 0.01171875
0 0.4153645833333333 0.8483072916666666 0.010416666666666666 0.01171875
0 0.556640625 0.9752604166666666 0.014322916666666666 0.015625
0 0.4811197916666667 0.875 0.01171875 0.010416666666666666
0 0.9075520833333334 0.7063802083333334 0.015625 0.014322916666666666