0 0.8157552083333334 0.546875 0.01953125 0.026041666666666668
0 0.4303385416666667 0.33203125 0.06901041666666667 0.078125
0 0.4192708333333333 0.4368489583333333 0.020833333333333332 0.024739583333333332
0 0.3938802083333333 0.17643229166666666 0.01953125 0.024739583333333332
0 0.4329427083333333 0.8203125 0.01953125 0.026041666666666668
0 0.41015625 0.9095052083333334 0.026041666666666668 0.029947916666666668
0 0.3912760416666667 0.8990885416666666 0.022135416666666668 0.014322916666666666
0 0.12955729166666666 0.5188802083333334 0.053385416666666664 0.06901041666666667
0 0.11393229166666667 0.9602864583333334 0.05859375 0.05859375
0 0.7903645833333334 0.390625 0.026041666666666668 0.026041666666666668
0 0.943359375 0.09895833333333333 0.014322916666666666 0.015625
0 0.9342447916666666 0.423828125 0.01953125 0.014322916666666666
0 0.8684895833333334 0.3860677083333333 0.020833333333333332 0.02734375
0 0.5123697916666666 0.5696614583333334 0.022135416666666668 0.01953125
0 0.23111979166666666 0.8235677083333334 0.01953125 0.01953125
0 0.15885416666666666 0.1640625 0.018229166666666668 0.0234375
0 0.017578125 0.287109375 0.022135416666666668 0.022135416666666668
0 0.6608072916666666 0.283203125 0.01171875 0.016927083333333332
0 0.6985677083333334 0.060546875 0.016927083333333332 0.016927083333333332
0 0.8268229166666666 0.08919270833333333 0.015625 0.014322916666666666
0 0.026692708333333332 0.642578125 0.014322916666666666 0.016927083333333332
0 0.453125 0.026041666666666668 0.015625 0.015625
0 0.634765625 0.4947916666666667 0.01953125 0.018229166666666668
0 0.6432291666666666 0.822265625 0.013020833333333334 0.01953125
0 0.744140625 0.6901041666666666 0.016927083333333332 0.015625
0 0.8118489583333334 0.053385416666666664 0.014322916666666666 0.015625