0 0.2858072916666667 0.3385416666666667 0.024739583333333332 0.026041666666666668
0 0.21940104166666666 0.052083333333333336 0.022135416666666668 0.026041666666666668
0 0.13932291666666666 0.20052083333333334 0.033854166666666664 0.03125
0 0.23502604166666666 0.3053385416666667 0.014322916666666666 0.014322916666666666
0 0.3098958333333333 0.224609375 0.010416666666666666 0.014322916666666666
0 0.08658854166666667 0.7337239583333334 0.018229166666666668 0.022135416666666668
0 0.3079427083333333 0.22526041666666666 0.010416666666666666 0.010416666666666666
0 0.22916666666666666 0.5865885416666666 0.010416666666666666 0.010416666666666666
0 0.22005208333333334 0.380859375 0.010416666666666666 0.009114583333333334
0 0.2903645833333333 0.3665364583333333 0.01171875 0.01171875
0 0.205078125 0.21419270833333334 0.009114583333333334 0.009114583333333334
0 0.17838541666666666 0.5944010416666666 0.010416666666666666 0.010416666666666666
0 0.039713541666666664 0.3684895833333333 0.01171875 0.010416666666666666
0 0.255859375 0.4186197916666667 0.009114583333333334 0.0078125
0 0.04296875 0.7643229166666666 0.010416666666666666 0.01171875