0 0.5540364583333334 0.26953125 0.016927083333333332 0.015625
0 0.22200520833333334 0.039713541666666664 0.06380208333333333 0.05859375
0 0.23502604166666666 0.18815104166666666 0.037760416666666664 0.03515625
0 0.052083333333333336 0.2981770833333333 0.026041666666666668 0.0234375
0 0.15234375 0.056640625 0.013020833333333334 0.01171875
0 0.17578125 0.4485677083333333 0.013020833333333334 0.016927083333333332
0 0.06575520833333333 0.33203125 0.014322916666666666 0.010416666666666666
0 0.2649739583333333 0.5377604166666666 0.46484375 0.4036458333333333
0 0.2962239583333333 0.3313802083333333 0.022135416666666668 0.01953125
0 0.3821614583333333 0.400390625 0.03515625 0.029947916666666668
0 0.3626302083333333 0.5540364583333334 0.20442708333333334 0.22786458333333334
0 0.15364583333333334 0.7317708333333334 0.018229166666666668 0.015625
0 0.3268229166666667 0.740234375 0.0234375 0.02734375
0 0.3177083333333333 0.12174479166666667 0.020833333333333332 0.01953125
0 0.8658854166666666 0.2747395833333333 0.026041666666666668 0.020833333333333332
0 0.7037760416666666 0.455078125 0.014322916666666666 0.016927083333333332
0 0.6614583333333334 0.5950520833333334 0.020833333333333332 0.0234375
0 0.5826822916666666 0.3919270833333333 0.01953125 0.020833333333333332
0 0.046875 0.916015625 0.0234375 0.024739583333333332
0 0.6608072916666666 0.6373697916666666 0.032552083333333336 0.029947916666666668
0 0.7102864583333334 0.7044270833333334 0.014322916666666666 0.018229166666666668
0 0.919921875 0.8619791666666666 0.061197916666666664 0.059895833333333336
0 0.4765625 0.9798177083333334 0.0234375 0.024739583333333332
0 0.9778645833333334 0.150390625 0.020833333333333332 0.016927083333333332
0 0.4765625 0.016276041666666668 0.015625 0.022135416666666668
0 0.5533854166666666 0.560546875 0.0390625 0.045572916666666664
0 0.6165364583333334 0.54296875 0.07421875 0.11458333333333333
0 0.6751302083333334 0.5481770833333334 0.022135416666666668 0.018229166666666668
0 0.9075520833333334 0.5950520833333334 0.018229166666666668 0.015625
0 0.7135416666666666 0.3489583333333333 0.018229166666666668 0.020833333333333332
0 0.8190104166666666 0.6119791666666666 0.018229166666666668 0.018229166666666668
0 0.87890625 0.6653645833333334 0.013020833333333334 0.018229166666666668
0 0.5611979166666666 0.6875 0.0234375 0.026041666666666668
0 0.6653645833333334 0.7955729166666666 0.015625 0.018229166666666668
0 0.7688802083333334 0.82421875 0.02734375 0.026041666666666668
0 0.759765625 0.7825520833333334 0.01953125 0.018229166666666668
0 0.73828125 0.6803385416666666 0.020833333333333332 0.024739583333333332
0 0.818359375 0.7688802083333334 0.048177083333333336 0.045572916666666664
0 0.845703125 0.9622395833333334 0.029947916666666668 0.028645833333333332
0 0.6803385416666666 0.904296875 0.02734375 0.022135416666666668
0 0.6321614583333334 0.9615885416666666 0.02734375 0.02734375
0 0.8561197916666666 0.25 0.01953125 0.018229166666666668
0 0.8919270833333334 0.3196614583333333 0.052083333333333336 0.045572916666666664
0 0.880859375 0.6217447916666666 0.06640625 0.053385416666666664
0 0.7239583333333334 0.026692708333333332 0.015625 0.01953125
0 0.91015625 0.029296875 0.0859375 0.055989583333333336
0 0.1953125 0.5930989583333334 0.020833333333333332 0.014322916666666666
0 0.9895833333333334 0.8580729166666666 0.020833333333333332 0.0234375