0 0.7180989583333334 0.17057291666666666 0.022135416666666668 0.020833333333333332
0 0.020182291666666668 0.27734375 0.037760416666666664 0.036458333333333336
0 0.21484375 0.4420572916666667 0.09114583333333333 0.08203125
0 0.3059895833333333 0.462890625 0.026041666666666668 0.01953125
0 0.4674479166666667 0.4166666666666667 0.07552083333333333 0.0703125
0 0.2825520833333333 0.646484375 0.03125 0.02734375
0 0.17317708333333334 0.623046875 0.03125 0.02734375
0 0.049479166666666664 0.6354166666666666 0.059895833333333336 0.06510416666666667
0 0.150390625 0.7760416666666666 0.024739583333333332 0.026041666666666668
0 0.0703125 0.8125 0.020833333333333332 0.018229166666666668
0 0.6686197916666666 0.8157552083333334 0.016927083333333332 0.014322916666666666
0 0.8645833333333334 0.8046875 0.020833333333333332 0.020833333333333332
0 0.8352864583333334 0.7578125 0.3268229166666667 0.3255208333333333
0 0.7044270833333334 0.447265625 0.033854166666666664 0.032552083333333336
0 0.6959635416666666 0.4798177083333333 0.18880208333333334 0.17317708333333334
0 0.884765625 0.24544270833333334 0.024739583333333332 0.022135416666666668
0 0.20638020833333334 0.205078125 0.022135416666666668 0.016927083333333332
0 0.3170572916666667 0.03515625 0.01953125 0.018229166666666668
0 0.263671875 0.109375 0.014322916666666666 0.015625
0 0.2727864583333333 0.12174479166666667 0.016927083333333332 0.014322916666666666
0 0.5240885416666666 0.130859375 0.12369791666666667 0.09765625
0 0.4361979166666667 0.068359375 0.15625 0.11328125
0 0.849609375 0.3248697916666667 0.11067708333333333 0.11328125
0 0.22330729166666666 0.3287760416666667 0.01953125 0.014322916666666666
0 0.07161458333333333 0.5494791666666666 0.1171875 0.15885416666666666
0 0.19010416666666666 0.9661458333333334 0.018229166666666668 0.018229166666666668
0 0.9088541666666666 0.6419270833333334 0.020833333333333332 0.020833333333333332
0 0.8938802083333334 0.396484375 0.01953125 0.016927083333333332
0 0.267578125 0.5989583333333334 0.02734375 0.020833333333333332
0 0.23828125 0.59375 0.10416666666666667 0.08072916666666667
0 0.9876302083333334 0.330078125 0.016927083333333332 0.014322916666666666
0 0.5579427083333334 0.185546875 0.022135416666666668 0.016927083333333332
0 0.4309895833333333 0.19010416666666666 0.015625 0.015625
0 0.220703125 0.22265625 0.014322916666666666 0.013020833333333334
0 0.23372395833333334 0.291015625 0.014322916666666666 0.014322916666666666
0 0.055989583333333336 0.28515625 0.018229166666666668 0.015625
0 0.380859375 0.4375 0.014322916666666666 0.013020833333333334
0 0.4147135416666667 0.529296875 0.014322916666666666 0.014322916666666666
0 0.5989583333333334 0.4036458333333333 0.015625 0.013020833333333334
0 0.6848958333333334 0.8072916666666666 0.015625 0.013020833333333334
0 0.8313802083333334 0.85546875 0.055989583333333336 0.044270833333333336
0 0.7337239583333334 0.6028645833333334 0.016927083333333332 0.013020833333333334
0 0.9055989583333334 0.2845052083333333 0.014322916666666666 0.014322916666666666
0 0.5611979166666666 0.06901041666666667 0.015625 0.010416666666666666
0 0.12760416666666666 0.04296875 0.010416666666666666 0.010416666666666666
0 0.94140625 0.06315104166666667 0.010416666666666666 0.014322916666666666
0 0.9889322916666666 0.345703125 0.014322916666666666 0.01171875
0 0.96484375 0.3255208333333333 0.013020833333333334 0.010416666666666666
0 0.98046875 0.5651041666666666 0.013020833333333334 0.013020833333333334
0 0.8235677083333334 0.603515625 0.014322916666666666 0.01171875
0 0.482421875 0.810546875 0.014322916666666666 0.01171875
0 0.5514322916666666 0.7747395833333334 0.01171875 0.010416666666666666
0 0.7102864583333334 0.9889322916666666 0.014322916666666666 0.01171875
0 0.4186197916666667 0.8248697916666666 0.014322916666666666 0.01171875
0 0.022135416666666668 0.8196614583333334 0.013020833333333334 0.01171875