0 0.8834635416666666 0.12565104166666666 0.048177083333333336 0.040364583333333336
0 0.9466145833333334 0.2584635416666667 0.020833333333333332 0.022135416666666668
0 0.6770833333333334 0.23177083333333334 0.026041666666666668 0.03125
0 0.5130208333333334 0.16145833333333334 0.0234375 0.028645833333333332
0 0.4524739583333333 0.201171875 0.04296875 0.037760416666666664
0 0.2649739583333333 0.3580729166666667 0.04296875 0.0390625
0 0.3802083333333333 0.4388020833333333 0.03125 0.03125
0 0.2845052083333333 0.5774739583333334 0.029947916666666668 0.032552083333333336
0 0.19856770833333334 0.1015625 0.045572916666666664 0.044270833333333336
0 0.673828125 0.8502604166666666 0.032552083333333336 0.033854166666666664
0 0.6217447916666666 0.7454427083333334 0.022135416666666668 0.022135416666666668
0 0.322265625 0.8951822916666666 0.08463541666666667 0.09765625
0 0.2584635416666667 0.9147135416666666 0.055989583333333336 0.045572916666666664
0 0.2421875 0.72265625 0.0234375 0.026041666666666668
0 0.11458333333333333 0.5514322916666666 0.018229166666666668 0.022135416666666668
0 0.011067708333333334 0.2513020833333333 0.016927083333333332 0.020833333333333332
0 0.095703125 0.7024739583333334 0.016927083333333332 0.016927083333333332
0 0.9440104166666666 0.8997395833333334 0.013020833333333334 0.013020833333333334
0 0.6087239583333334 0.9407552083333334 0.01953125 0.01953125
0 0.6608072916666666 0.9908854166666666 0.01953125 0.010416666666666666
0 0.3580729166666667 0.7389322916666666 0.026041666666666668 0.01953125
0 0.166015625 0.8444010416666666 0.01953125 0.022135416666666668
0 0.4993489583333333 0.056640625 0.016927083333333332 0.016927083333333332
0 0.03515625 0.7141927083333334 0.0703125 0.08723958333333333
0 0.76171875 0.8287760416666666 0.033854166666666664 0.040364583333333336