0 0.3528645833333333 0.6282552083333334 0.020833333333333332 0.024739583333333332
0 0.12890625 0.7135416666666666 0.052083333333333336 0.0390625
0 0.21223958333333334 0.8196614583333334 0.0390625 0.04296875
0 0.412109375 0.8391927083333334 0.02734375 0.022135416666666668
0 0.3365885416666667 0.5924479166666666 0.014322916666666666 0.018229166666666668
0 0.46875 0.7643229166666666 0.018229166666666668 0.015625
0 0.5149739583333334 0.7174479166666666 0.01953125 0.018229166666666668
0 0.5559895833333334 0.9661458333333334 0.010416666666666666 0.010416666666666666
0 0.44921875 0.4440104166666667 0.018229166666666668 0.018229166666666668
0 0.4694010416666667 0.4622395833333333 0.01953125 0.020833333333333332
0 0.7552083333333334 0.6875 0.028645833333333332 0.0234375
0 0.7233072916666666 0.4270833333333333 0.01953125 0.013020833333333334
0 0.9348958333333334 0.7421875 0.0234375 0.018229166666666668
0 0.9615885416666666 0.4140625 0.024739583333333332 0.026041666666666668
0 0.9798177083333334 0.9563802083333334 0.016927083333333332 0.016927083333333332
0 0.892578125 0.2532552083333333 0.01953125 0.016927083333333332
0 0.8177083333333334 0.15559895833333334 0.013020833333333334 0.016927083333333332
0 0.533203125 0.615234375 0.12109375 0.10546875
0 0.337890625 0.4694010416666667 0.055989583333333336 0.045572916666666664
0 0.150390625 0.6315104166666666 0.01953125 0.020833333333333332
0 0.12109375 0.046223958333333336 0.10416666666666667 0.08463541666666667
0 0.3053385416666667 0.06966145833333333 0.022135416666666668 0.01953125
0 0.375 0.083984375 0.052083333333333336 0.05859375
0 0.43359375 0.2981770833333333 0.026041666666666668 0.018229166666666668
0 0.5169270833333334 0.026692708333333332 0.0234375 0.01953125
0 0.5416666666666666 0.2591145833333333 0.17447916666666666 0.16145833333333334
0 0.5397135416666666 0.14908854166666666 0.01953125 0.016927083333333332
0 0.6686197916666666 0.4361979166666667 0.3372395833333333 0.3203125
0 0.75 0.4915364583333333 0.044270833333333336 0.037760416666666664
0 0.78125 0.4069010416666667 0.0234375 0.024739583333333332
0 0.7890625 0.94140625 0.09895833333333333 0.09114583333333333
0 0.04296875 0.5794270833333334 0.013020833333333334 0.018229166666666668
0 0.23567708333333334 0.4329427083333333 0.020833333333333332 0.014322916666666666
0 0.921875 0.07486979166666667 0.013020833333333334 0.014322916666666666
0 0.986328125 0.20572916666666666 0.02734375 0.0703125
0 0.431640625 0.6276041666666666 0.014322916666666666 0.015625
0 0.8053385416666666 0.052734375 0.01171875 0.014322916666666666