0 0.3872265625 0.3488541666666667 0.023880208333333375 0.02342447916666668
0 0.7014192708333334 0.20434895833333333 0.03313802083333339 0.03212239583333335
0 0.9301041666666666 0.4637239583333333 0.024257812500000142 0.024531250000000043
0 0.8031770833333333 0.9090364583333334 0.027760416666666583 0.026510416666666536
0 0.7811458333333334 0.6619921875 0.028294270833333357 0.026406249999999964
0 0.23826822916666668 0.5145963541666667 0.02398437500000002 0.023984374999999947
0 0.7161067708333334 0.271484375 0.021927083333333226 0.020624999999999966
0 0.7465234375 0.5423958333333333 0.022278645833333204 0.0224609375
0 0.578671875 0.7721354166666666 0.0284114583333334 0.02755208333333344
0 0.6940755208333332 0.2318880208333333 0.023880208333333226 0.023789062499999975
0 0.0845833333333333 0.8786197916666666 0.023515625000000002 0.023059895833333382
0 0.7591145833333334 0.9321223958333333 0.03313802083333339 0.03187500000000002
0 0.236171875 0.8476692708333333 0.023059895833333306 0.022708333333333403
0 0.8713671875000001 0.3866145833333334 0.025507812499999893 0.02619791666666667
0 0.5241276041666666 0.9016927083333334 0.021263020833333385 0.02117187499999999
0 0.46013020833333335 0.04148437500000002 0.03152343750000005 0.031041666666666672
0 0.44755208333333335 0.27332031250000005 0.03605468750000007 0.03389322916666663
0 0.0032552083333333335 0.16796875 0.006510416666666667 0.028645833333333332
0 0.408203125 0.6709114583333333 0.023059895833333382 0.0224609375
0 0.20993489583333336 0.6236979166666666 0.01983072916666669 0.020377604166666636
0 0.23826822916666668 0.16605468749999996 0.020872395833333297 0.02117187499999999
0 0.2503255208333333 0.5670572916666666 0.020221354166666632 0.02167968749999997
0 0.15329427083333336 0.286953125 0.020872395833333335 0.021770833333333368
0 0.39981770833333324 0.4600520833333334 0.02579427083333326 0.02734375
0 0.7077083333333333 0.8450520833333334 0.040611979166666735 0.03819010416666657
0 0.42236979166666666 0.19752604166666665 0.020455729166666714 0.020872395833333297
0 0.43076822916666674 0.9845703124999999 0.02167968749999997 0.021927083333333226
0 0.5566536458333333 0.2255859375 0.02734375 0.02660156250000001
0 0.42132812500000005 0.600625 0.02540364583333332 0.026406249999999964
0 0.7612109374999999 0.1786458333333333 0.023984375000000096 0.022981770833333304
0 0.9967447916666666 0.76953125 0.006510416666666667 0.0234375
0 0.9657682291666667 0.5696744791666667 0.026197916666666526 0.024166666666666597
0 0.9867578124999999 0.1977864583333333 0.020872395833333297 0.02031250000000003
0 0.5576953124999999 0.38190104166666666 0.022799479166666654 0.02235677083333328
0 0.6615494791666667 0.14743489583333336 0.10130208333333328 0.11264322916666665
0 0.8829036458333333 0.7784375 0.01808593750000013 0.01815104166666674
0 0.3723958333333333 0.009114583333333334 0.020833333333333332 0.018229166666666668
0 0.3143229166666666 0.7800130208333332 0.027552083333333366 0.029752604166666547
0 0.9217187500000001 0.03675781249999999 0.04881510416666668 0.05490885416666667
0 0.3164192708333333 0.9677864583333333 0.02863281250000001 0.02841145833333325
0 0.06464843749999998 0.5791145833333333 0.08018229166666666 0.07434895833333337
0 0.696171875 0.9279296874999999 0.022617187499999858 0.023697916666666725
0 0.11342447916666669 0.6446875 0.033763020833333345 0.03326822916666661
0 0.05678385416666668 0.42123697916666664 0.043867187499999995 0.04045572916666673
0 0.2644921875 0.7889322916666667 0.0224609375 0.023697916666666725
0 0.9175130208333334 0.9520572916666666 0.030208333333333393 0.03187500000000002
0 0.39718749999999997 0.7406640625 0.019309895833333385 0.018932291666666618
0 0.6867317708333333 0.9824739583333333 0.020872395833333297 0.021341145833333464
0 0.26343750000000005 0.8398046875 0.02045572916666664 0.020065104166666774
0 0.22410156250000002 0.9604427083333333 0.021848958333333297 0.02540364583333332
0 0.27550781250000006 0.20539062500000002 0.03550781249999998 0.027122395833333313
0 0.5608463541666667 0.5906510416666667 0.08615885416666662 0.09335937500000006
0 0.3468359375 0.545546875 0.052486979166666635 0.05628906250000002