0 0.982421875 0.3235677083333333 0.032552083333333336 0.061197916666666664
0 0.904296875 0.031901041666666664 0.032552083333333336 0.032552083333333336
0 0.7057291666666666 0.3125 0.026041666666666668 0.026041666666666668
0 0.8587239583333334 0.3567708333333333 0.01953125 0.018229166666666668
0 0.6647135416666666 0.5188802083333334 0.022135416666666668 0.022135416666666668
0 0.6529947916666666 0.8372395833333334 0.01953125 0.03125
0 0.3587239583333333 0.3287760416666667 0.02734375 0.029947916666666668
0 0.5690104166666666 0.39453125 0.013020833333333334 0.018229166666666668
0 0.8287760416666666 0.86328125 0.01953125 0.018229166666666668
0 0.16015625 0.7747395833333334 0.036458333333333336 0.026041666666666668
0 0.158203125 0.873046875 0.01953125 0.02734375
0 0.10872395833333333 0.3489583333333333 0.024739583333333332 0.0234375
0 0.12955729166666666 0.4720052083333333 0.01953125 0.01953125
0 0.012369791666666666 0.486328125 0.01953125 0.022135416666666668
0 0.037760416666666664 0.619140625 0.020833333333333332 0.014322916666666666
0 0.10286458333333333 0.01171875 0.018229166666666668 0.018229166666666668
0 0.3951822916666667 0.7376302083333334 0.016927083333333332 0.01953125
0 0.3092447916666667 0.115234375 0.016927083333333332 0.01171875