0 0.7174479166666666 0.14388020833333334 0.0390625 0.032552083333333336
0 0.13997395833333334 0.24283854166666666 0.01953125 0.01953125
0 0.035807291666666664 0.17903645833333334 0.01953125 0.022135416666666668
0 0.7330729166666666 0.3391927083333333 0.09895833333333333 0.08463541666666667
0 0.4049479166666667 0.642578125 0.06770833333333333 0.05859375
0 0.4407552083333333 0.6842447916666666 0.016927083333333332 0.01953125
0 0.8606770833333334 0.751953125 0.026041666666666668 0.016927083333333332
0 0.8125 0.7200520833333334 0.018229166666666668 0.026041666666666668
0 0.4134114583333333 0.884765625 0.045572916666666664 0.048177083333333336
0 0.09895833333333333 0.9576822916666666 0.0234375 0.01953125
0 0.59375 0.17903645833333334 0.028645833333333332 0.022135416666666668
0 0.7037760416666666 0.18619791666666666 0.024739583333333332 0.026041666666666668
0 0.4244791666666667 0.40625 0.015625 0.0234375
0 0.017578125 0.4244791666666667 0.022135416666666668 0.03125
0 0.8899739583333334 0.3196614583333333 0.022135416666666668 0.01953125
0 0.8040364583333334 0.44921875 0.01953125 0.015625
0 0.9016927083333334 0.8567708333333334 0.08463541666666667 0.078125
0 0.23502604166666666 0.236328125 0.016927083333333332 0.014322916666666666
0 0.9876302083333334 0.794921875 0.024739583333333332 0.04296875
0 0.9127604166666666 0.3522135416666667 0.018229166666666668 0.01953125
0 0.89453125 0.40234375 0.015625 0.015625
0 0.5403645833333334 0.12174479166666667 0.018229166666666668 0.01953125
0 0.4225260416666667 0.1484375 0.01953125 0.015625
0 0.271484375 0.8229166666666666 0.01953125 0.013020833333333334
0 0.09309895833333333 0.7330729166666666 0.01953125 0.013020833333333334