0 0.10416666666666667 0.869140625 0.20833333333333334 0.26171875
0 0.6009114583333334 0.486328125 0.2421875 0.23307291666666666
0 0.3541666666666667 0.099609375 0.12760416666666666 0.10416666666666667
0 0.826171875 0.9049479166666666 0.34765625 0.19010416666666666
0 0.82421875 0.6588541666666666 0.3515625 0.2734375
0 0.9674479166666666 0.7565104166666666 0.06510416666666667 0.125
0 0.97265625 0.2747395833333333 0.0546875 0.16145833333333334
0 0.69140625 0.046875 0.053385416666666664 0.04296875
0 0.12434895833333333 0.16731770833333334 0.24869791666666666 0.3346354166666667
0 0.01171875 0.3860677083333333 0.0234375 0.06380208333333333
0 0.2890625 0.90234375 0.09114583333333333 0.078125
0 0.4694010416666667 0.8463541666666666 0.057291666666666664 0.048177083333333336
0 0.625 0.7864583333333334 0.048177083333333336 0.044270833333333336
0 0.533203125 0.9342447916666666 0.049479166666666664 0.048177083333333336
0 0.56640625 0.265625 0.4908854166666667 0.3072916666666667
0 0.8522135416666666 0.3899739583333333 0.11328125 0.07291666666666667