0 0.6243489583333334 0.22916666666666666 0.037760416666666664 0.03125
0 0.8118489583333334 0.14388020833333334 0.029947916666666668 0.02734375
0 0.83203125 0.15690104166666666 0.010416666666666666 0.01171875
0 0.8658854166666666 0.3053385416666667 0.020833333333333332 0.016927083333333332
0 0.53125 0.2819010416666667 0.013020833333333334 0.01171875
0 0.5416666666666666 0.29296875 0.018229166666666668 0.018229166666666668
0 0.14713541666666666 0.6139322916666666 0.0234375 0.022135416666666668
0 0.12369791666666667 0.63671875 0.010416666666666666 0.013020833333333334
0 0.6881510416666666 0.837890625 0.05078125 0.048177083333333336
0 0.7838541666666666 0.8561197916666666 0.0234375 0.022135416666666668
0 0.23177083333333334 0.7233072916666666 0.015625 0.014322916666666666
0 0.42998697916666667 0.1807421875 0.013619791666666714 0.010911458333333327
0 0.677734375 0.2819010416666667 0.032552083333333336 0.03515625
0 0.7734375 0.298828125 0.046875 0.040364583333333336
0 0.7630208333333334 0.23046875 0.078125 0.07291666666666667
0 0.37109375 0.642578125 0.013020833333333334 0.014322916666666666
0 0.6087239583333334 0.6158854166666666 0.01953125 0.015625
0 0.6471354166666666 0.4518229166666667 0.059895833333333336 0.0546875
0 0.4283854166666667 0.4479166666666667 0.125 0.109375
0 0.33984375 0.7740885416666666 0.010416666666666666 0.009114583333333334
0 0.5162760416666666 0.21940104166666666 0.01171875 0.016927083333333332
0 0.6380208333333334 0.2994791666666667 0.013020833333333334 0.013020833333333334
0 0.2584635416666667 0.33203125 0.01171875 0.013020833333333334
0 0.8190104166666666 0.771484375 0.010416666666666666 0.009114583333333334
0 0.642578125 0.7493489583333334 0.009114583333333334 0.01171875
0 0.7532552083333334 0.529296875 0.01171875 0.009114583333333334
0 0.892578125 0.5338541666666666 0.01171875 0.013020833333333334
0 0.006510416666666667 0.7278645833333334 0.010416666666666666 0.010416666666666666
0 0.9604557291666667 0.056640625 0.010013020833333405 0.00955729166666667
0 0.6743229166666667 0.72265625 0.023072916666666703 0.020442708333333393
0 0.5546875 0.87109375 0.01816406250000006 0.016783854166666796
0 0.07489583333333334 0.2802734375 0.011419270833333328 0.010325520833333343
0 0.057916666666666665 0.33618489583333333 0.010169270833333336 0.009414062500000023
0 0.23791666666666667 0.3193359375 0.011510416666666634 0.010611979166666638
0 0.3515625 0.14380208333333333 0.010325520833333268 0.009856770833333325
0 0.8828125 0.689453125 0.009414062500000023 0.008671875000000107
0 0.8447265625 0.14623697916666667 0.01151041666666656 0.010364583333333344
0 0.22131510416666667 0.45703125 0.008854166666666682 0.00800781249999997
0 0.37427083333333333 0.10192708333333333 0.012526041666666673 0.011822916666666683
0 0.10376302083333333 0.4990234375 0.008945312500000005 0.00800781249999997
0 0.513671875 0.8154296875 0.008151041666666655 0.007760416666666714
0 0.310546875 0.9130859375 0.007786458333333357 0.007643229166666525
0 0.23584635416666666 0.27734375 0.007343749999999982 0.00751302083333331
0 0.490234375 0.7861328125 0.007291666666666696 0.0072265624999999405
0 0.34838541666666667 0.33373697916666667 0.007838541666666643 0.007604166666666671
0 0.7465885416666667 0.42358072916666667 0.008346354166666773 0.007695312499999958
0 0.074765625 0.36010416666666667 0.008033854166666668 0.007721354166666601
0 0.8955078125 0.45727864583333333 0.007786458333333357 0.0072265624999999405
0 0.640625 0.5346744791666667 0.00947916666666663 0.009375000000000059