0 0.591796875 0.427734375 0.022135416666666668 0.029947916666666668
0 0.416015625 0.146484375 0.022135416666666668 0.029947916666666668
0 0.478515625 0.2578125 0.032552083333333336 0.041666666666666664
0 0.10026041666666667 0.294921875 0.08333333333333333 0.09244791666666667
0 0.053385416666666664 0.035807291666666664 0.0234375 0.01953125
0 0.74609375 0.7486979166666666 0.049479166666666664 0.06510416666666667
0 0.8997395833333334 0.8743489583333334 0.028645833333333332 0.024739583333333332
0 0.970703125 0.9186197916666666 0.022135416666666668 0.022135416666666668
0 0.849609375 0.9114583333333334 0.08463541666666667 0.09114583333333333
0 0.3287760416666667 0.6640625 0.01953125 0.026041666666666668
0 0.3509114583333333 0.7239583333333334 0.2721354166666667 0.3098958333333333
0 0.2994791666666667 0.9192708333333334 0.13020833333333334 0.14583333333333334
0 0.17513020833333334 0.7434895833333334 0.024739583333333332 0.0234375
0 0.13671875 0.80859375 0.078125 0.1015625
0 0.12369791666666667 0.022786458333333332 0.026041666666666668 0.032552083333333336
0 0.9212239583333334 0.14322916666666666 0.01953125 0.026041666666666668
0 0.787109375 0.6002604166666666 0.20703125 0.23177083333333334
0 0.666015625 0.94140625 0.05859375 0.059895833333333336
0 0.4524739583333333 0.431640625 0.016927083333333332 0.016927083333333332
0 0.5013020833333334 0.7994791666666666 0.018229166666666668 0.018229166666666668
0 0.6640625 0.6647135416666666 0.015625 0.016927083333333332
0 0.9270833333333334 0.030598958333333332 0.018229166666666668 0.01953125
0 0.4466145833333333 0.099609375 0.015625 0.016927083333333332
0 0.6985677083333334 0.85546875 0.014322916666666666 0.015625
0 0.9108072916666666 0.3391927083333333 0.17578125 0.3736979166666667
0 0.012369791666666666 0.14908854166666666 0.024739583333333332 0.05078125
0 0.216796875 0.6731770833333334 0.022135416666666668 0.026041666666666668