0 0.17513020833333334 0.427734375 0.045572916666666664 0.05078125
0 0.026041666666666668 0.5201822916666666 0.013020833333333334 0.016927083333333332
0 0.5911458333333334 0.4563802083333333 0.033854166666666664 0.032552083333333336
0 0.6087239583333334 0.54296875 0.029947916666666668 0.028645833333333332
0 0.20442708333333334 0.8893229166666666 0.026041666666666668 0.026041666666666668
0 0.171875 0.3567708333333333 0.015625 0.020833333333333332
0 0.451171875 0.3645833333333333 0.01171875 0.013020833333333334
0 0.5065104166666666 0.3489583333333333 0.013020833333333334 0.015625
0 0.83984375 0.990234375 0.013020833333333334 0.014322916666666666
0 0.87109375 0.9934895833333334 0.020833333333333332 0.013020833333333334
0 0.471435546875 0.42041015625 0.0083770751953125 0.00905609130859375
0 0.69482421875 0.6171875 0.01116180419921875 0.0108184814453125
0 0.82177734375 0.479736328125 0.010009765625 0.0102081298828125
0 0.2322998046875 0.39013671875 0.0094146728515625 0.00948333740234375
0 0.10107421875 0.44091796875 0.0125274658203125 0.011962890625
0 0.06512451171875 0.178466796875 0.010528564453125 0.01129150390625
0 0.362548828125 0.417724609375 0.0082855224609375 0.00812530517578125
0 0.2197265625 0.73095703125 0.00945281982421875 0.010009765625
0 0.7646484375 0.6767578125 0.01016998291015625 0.01049041748046875
0 0.2265625 0.3408203125 0.00878143310546875 0.009124755859375
0 0.1937255859375 0.63623046875 0.009124755859375 0.0095977783203125
0 0.15966796875 0.28515625 0.01036834716796875 0.01073455810546875
0 0.50634765625 0.830078125 0.007549285888671875 0.00861358642578125
0 0.438720703125 0.55029296875 0.00757598876953125 0.0082550048828125
0 0.8818359375 0.77001953125 0.00937652587890625 0.00963592529296875
0 0.0982666015625 0.6455078125 0.0120086669921875 0.01242828369140625
0 0.56005859375 0.323486328125 0.0110321044921875 0.0110321044921875
0 0.490234375 0.6171875 0.01384735107421875 0.01395416259765625
0 0.364013671875 0.7431640625 0.00690460205078125 0.00731658935546875
0 0.263671875 0.399169921875 0.00867462158203125 0.00844573974609375
0 0.89306640625 0.56884765625 0.008514404296875 0.00787353515625
0 0.169677734375 0.69873046875 0.0191650390625 0.01898193359375
0 0.40673828125 0.708984375 0.007122039794921875 0.00757598876953125
0 0.1470947265625 0.47216796875 0.00997161865234375 0.00997161865234375
0 0.10211181640625 0.861328125 0.007232666015625 0.007724761962890625
0 0.058990478515625 0.3876953125 0.00763702392578125 0.0083770751953125
0 0.037811279296875 0.4697265625 0.008880615234375 0.00864410400390625
0 0.0592041015625 0.7099609375 0.00881195068359375 0.00867462158203125
0 0.310791015625 0.82958984375 0.009674072265625 0.0102081298828125
0 0.66943359375 0.339111328125 0.00734710693359375 0.0074615478515625
0 0.204833984375 0.7138671875 0.007289886474609375 0.0078125