0 0.10221354166666667 0.7278645833333334 0.01953125 0.020833333333333332
0 0.012369791666666666 0.8268229166666666 0.022135416666666668 0.033854166666666664
0 0.11458333333333333 0.921875 0.026041666666666668 0.026041666666666668
0 0.068359375 0.5494791666666666 0.022135416666666668 0.0234375
0 0.130859375 0.5559895833333334 0.01953125 0.015625
0 0.4453125 0.6080729166666666 0.028645833333333332 0.028645833333333332
0 0.521484375 0.9147135416666666 0.01953125 0.014322916666666666
0 0.615234375 0.845703125 0.15234375 0.17838541666666666
0 0.7096354166666666 0.9361979166666666 0.015625 0.020833333333333332
0 0.6067708333333334 0.583984375 0.033854166666666664 0.032552083333333336
0 0.7669270833333334 0.6829427083333334 0.0234375 0.022135416666666668
0 0.65625 0.6875 0.020833333333333332 0.018229166666666668
0 0.7005208333333334 0.623046875 0.015625 0.016927083333333332
0 0.708984375 0.4609375 0.053385416666666664 0.0546875
0 0.76953125 0.443359375 0.046875 0.045572916666666664
0 0.7252604166666666 0.5950520833333334 0.018229166666666668 0.015625
0 0.9381510416666666 0.52734375 0.01953125 0.020833333333333332
0 0.380859375 0.5169270833333334 0.029947916666666668 0.026041666666666668
0 0.2721354166666667 0.4622395833333333 0.018229166666666668 0.018229166666666668
0 0.451171875 0.302734375 0.045572916666666664 0.05078125
0 0.4850260416666667 0.3444010416666667 0.024739583333333332 0.022135416666666668
0 0.08919270833333333 0.171875 0.037760416666666664 0.041666666666666664
0 0.15885416666666666 0.1875 0.0234375 0.0234375
0 0.029296875 0.587890625 0.016927083333333332 0.014322916666666666
0 0.10091145833333333 0.07486979166666667 0.016927083333333332 0.024739583333333332
0 0.109375 0.111328125 0.020833333333333332 0.01953125
0 0.13346354166666666 0.059244791666666664 0.11588541666666667 0.11067708333333333
0 0.26171875 0.17122395833333334 0.0234375 0.024739583333333332
0 0.2532552083333333 0.24153645833333334 0.022135416666666668 0.01953125
0 0.2662760416666667 0.12109375 0.048177083333333336 0.0390625
0 0.3391927083333333 0.16080729166666666 0.022135416666666668 0.01953125
0 0.3958333333333333 0.3958333333333333 0.15625 0.1484375
0 0.5319010416666666 0.234375 0.053385416666666664 0.046875
0 0.580078125 0.21419270833333334 0.05859375 0.055989583333333336
0 0.51171875 0.041666666666666664 0.026041666666666668 0.028645833333333332
0 0.6751302083333334 0.30859375 0.08463541666666667 0.09375
0 0.7421875 0.24479166666666666 0.10677083333333333 0.1171875
0 0.74609375 0.11979166666666667 0.026041666666666668 0.0234375
0 0.8671875 0.15625 0.020833333333333332 0.020833333333333332
0 0.4485677083333333 0.027994791666666668 0.014322916666666666 0.016927083333333332
0 0.5403645833333334 0.2975260416666667 0.015625 0.014322916666666666
0 0.9205729166666666 0.015625 0.028645833333333332 0.0234375
0 0.9446614583333334 0.6380208333333334 0.01953125 0.015625
0 0.9739583333333334 0.4791666666666667 0.0390625 0.0390625
0 0.7779947916666666 0.7669270833333334 0.014322916666666666 0.013020833333333334
0 0.84765625 0.7838541666666666 0.015625 0.013020833333333334
0 0.3743489583333333 0.11263020833333333 0.016927083333333332 0.016927083333333332
0 0.9375 0.447265625 0.015625 0.014322916666666666
0 0.93359375 0.28125 0.015625 0.015625
0 0.958984375 0.1015625 0.014322916666666666 0.015625
0 0.5930989583333334 0.16861979166666666 0.01171875 0.01171875
0 0.2643229166666667 0.611328125 0.013020833333333334 0.016927083333333332
0 0.3118489583333333 0.3828125 0.01171875 0.013020833333333334