0 0.9114583333333334 0.14583333333333334 0.0390625 0.049479166666666664
0 0.13346354166666666 0.18359375 0.05859375 0.052083333333333336
0 0.032552083333333336 0.2630208333333333 0.0390625 0.036458333333333336
0 0.16731770833333334 0.2858072916666667 0.022135416666666668 0.022135416666666668
0 0.04296875 0.3854166666666667 0.020833333333333332 0.020833333333333332
0 0.3717447916666667 0.423828125 0.024739583333333332 0.01953125
0 0.658203125 0.12890625 0.02734375 0.026041666666666668
0 0.5078125 0.026692708333333332 0.013020833333333334 0.01953125
0 0.6966145833333334 0.826171875 0.026041666666666668 0.022135416666666668
0 0.361328125 0.7434895833333334 0.01953125 0.018229166666666668
0 0.23763020833333334 0.427734375 0.01953125 0.01171875
0 0.009114583333333334 0.8606770833333334 0.013020833333333334 0.018229166666666668
0 0.3658854166666667 0.6920572916666666 0.018229166666666668 0.016927083333333332
0 0.708984375 0.12630208333333334 0.016927083333333332 0.015625
0 0.9459635416666666 0.064453125 0.016927083333333332 0.016927083333333332
0 0.18880208333333334 0.244140625 0.015625 0.014322916666666666
0 0.18098958333333334 0.5559895833333334 0.015625 0.015625
0 0.6243489583333334 0.4915364583333333 0.01171875 0.014322916666666666
0 0.814453125 0.5677083333333334 0.016927083333333332 0.013020833333333334
0 0.9830729166666666 0.8333333333333334 0.015625 0.013020833333333334
0 0.23763020833333334 0.837890625 0.016927083333333332 0.01171875
0 0.026041666666666668 0.890625 0.013020833333333334 0.010416666666666666