0 0.5813802083333334 0.57421875 0.005208333333333333 0.005208333333333333
0 0.3665364583333333 0.6106770833333334 0.005208333333333333 0.005208333333333333
0 0.3040364583333333 0.6490885416666666 0.005208333333333333 0.005208333333333333
0 0.5338541666666666 0.4895833333333333 0.009114583333333334 0.009114583333333334
0 0.5481770833333334 0.7044270833333334 0.006510416666666667 0.005208333333333333
0 0.4908854166666667 0.73828125 0.005208333333333333 0.005208333333333333
0 0.5625 0.4967447916666667 0.005208333333333333 0.005208333333333333
0 0.4231770833333333 0.720703125 0.01171875 0.013020833333333334
0 0.505859375 0.541015625 0.005208333333333333 0.006510416666666667
0 0.5 0.4739583333333333 0.009114583333333334 0.009114583333333334
0 0.8391927083333334 0.744140625 0.015625 0.015625
0 0.75 0.7024739583333334 0.005208333333333333 0.005208333333333333
0 0.16796875 0.7265625 0.0078125 0.009114583333333334
0 0.17252604166666666 0.12174479166666667 0.005208333333333333 0.005208333333333333
0 0.24479166666666666 0.8763020833333334 0.010416666666666666 0.010416666666666666
0 0.544921875 0.6184895833333334 0.005208333333333333 0.005208333333333333
0 0.830078125 0.07552083333333333 0.009114583333333334 0.009114583333333334
0 0.6041666666666666 0.7356770833333334 0.005208333333333333 0.005208333333333333
0 0.07682291666666667 0.19791666666666666 0.005208333333333333 0.005208333333333333
0 0.19010416666666666 0.201171875 0.010416666666666666 0.01171875
0 0.396484375 0.68359375 0.005208333333333333 0.005208333333333333
0 0.18619791666666666 0.2701822916666667 0.009114583333333334 0.009114583333333334
0 0.12174479166666667 0.18424479166666666 0.005208333333333333 0.005208333333333333
0 0.8326822916666666 0.2923177083333333 0.005208333333333333 0.005208333333333333
0 0.3079427083333333 0.4127604166666667 0.006510416666666667 0.006510416666666667
0 0.8938802083333334 0.4798177083333333 0.005208333333333333 0.005208333333333333
0 0.8561197916666666 0.4869791666666667 0.005208333333333333 0.005208333333333333
0 0.3815104166666667 0.14973958333333334 0.013020833333333334 0.014322916666666666
0 0.13606770833333334 0.11458333333333333 0.005208333333333333 0.005208333333333333
0 0.5872395833333334 0.17708333333333334 0.010416666666666666 0.010416666666666666
0 0.2604166666666667 0.8736979166666666 0.005208333333333333 0.005208333333333333
0 0.8118489583333334 0.23958333333333334 0.009114583333333334 0.009114583333333334
0 0.39453125 0.9518229166666666 0.005208333333333333 0.006510416666666667
0 0.8854166666666666 0.22981770833333334 0.00390625 0.00390625
0 0.5911458333333334 0.544921875 0.00390625 0.00390625
0 0.341796875 0.6575520833333334 0.005208333333333333 0.005208333333333333
0 0.16471354166666666 0.7845052083333334 0.009114583333333334 0.009114583333333334
0 0.8125 0.06966145833333333 0.009114583333333334 0.009114583333333334
0 0.8072916666666666 0.3776041666666667 0.005208333333333333 0.005208333333333333
0 0.955078125 0.14973958333333334 0.013020833333333334 0.014322916666666666
0 0.9166666666666666 0.6744791666666666 0.005208333333333333 0.005208333333333333
0 0.037760416666666664 0.8274739583333334 0.009114583333333334 0.009114583333333334
0 0.8873697916666666 0.07747395833333333 0.005208333333333333 0.005208333333333333
0 0.7630208333333334 0.7649739583333334 0.01953125 0.01953125
0 0.4557291666666667 0.5182291666666666 0.010416666666666666 0.010416666666666666
0 0.5598958333333334 0.5403645833333334 0.01171875 0.01171875
0 0.6946614583333334 0.7350260416666666 0.00390625 0.00390625
0 0.4173177083333333 0.9231770833333334 0.018229166666666668 0.018229166666666668
0 0.666015625 0.212890625 0.00390625 0.00390625
0 0.2727864583333333 0.3072916666666667 0.005208333333333333 0.005208333333333333
0 0.44921875 0.615234375 0.005208333333333333 0.005208333333333333
0 0.10091145833333333 0.0703125 0.005208333333333333 0.005208333333333333
0 0.7083333333333334 0.06380208333333333 0.005208333333333333 0.005208333333333333
0 0.4225260416666667 0.3522135416666667 0.015625 0.014322916666666666
0 0.9388020833333334 0.8404947916666666 0.005208333333333333 0.005208333333333333
0 0.603515625 0.48828125 0.00390625 0.00390625
0 0.3990885416666667 0.232421875 0.009114583333333334 0.009114583333333334
0 0.7942708333333334 0.3274739583333333 0.005208333333333333 0.005208333333333333
0 0.3619791666666667 0.25390625 0.0078125 0.009114583333333334
0 0.7805989583333334 0.4407552083333333 0.01953125 0.01953125
0 0.5950520833333334 0.2591145833333333 0.005208333333333333 0.005208333333333333
0 0.08919270833333333 0.4739583333333333 0.015625 0.016927083333333332
0 0.8483072916666666 0.298828125 0.00390625 0.00390625
0 0.07096354166666667 0.775390625 0.032552083333333336 0.036458333333333336
0 0.5559895833333334 0.2571614583333333 0.009114583333333334 0.009114583333333334
0 0.4635416666666667 0.3984375 0.005208333333333333 0.005208333333333333
0 0.7604166666666666 0.7447916666666666 0.015625 0.013020833333333334
0 0.8619791666666666 0.022786458333333332 0.00390625 0.00390625
0 0.11393229166666667 0.171875 0.00390625 0.00390625
0 0.8932291666666666 0.9029947916666666 0.005208333333333333 0.00390625
0 0.18229166666666666 0.248046875 0.005208333333333333 0.005208333333333333
0 0.4537760416666667 0.265625 0.00390625 0.005208333333333333
0 0.9309895833333334 0.76953125 0.005208333333333333 0.00390625
0 0.4342447916666667 0.17578125 0.00390625 0.00390625
0 0.3294270833333333 0.318359375 0.00390625 0.00390625
0 0.552734375 0.611328125 0.00390625 0.00390625
0 0.4505208333333333 0.024739583333333332 0.0078125 0.009114583333333334
0 0.9088541666666666 0.3177083333333333 0.00390625 0.00390625
0 0.9296875 0.3072916666666667 0.00390625 0.005208333333333333
0 0.16471354166666666 0.024088541666666668 0.00390625 0.00390625
0 0.7955729166666666 0.4264322916666667 0.009114583333333334 0.0078125
0 0.2838541666666667 0.123046875 0.005208333333333333 0.005208333333333333
0 0.4388020833333333 0.5091145833333334 0.00390625 0.005208333333333333
0 0.6477864583333334 0.7421875 0.00390625 0.00390625
0 0.8873697916666666 0.4557291666666667 0.00390625 0.0026041666666666665
0 0.9055989583333334 0.13932291666666666 0.00390625 0.00390625
0 0.8684895833333334 0.486328125 0.00390625 0.00390625
0 0.6341145833333334 0.00390625 0.010416666666666666 0.0078125
0 0.7278645833333334 0.236328125 0.045572916666666664 0.05078125
0 0.23697916666666666 0.12760416666666666 0.00390625 0.00390625
0 0.451171875 0.13541666666666666 0.00390625 0.00390625
0 0.7408854166666666 0.078125 0.00390625 0.00390625
0 0.9752604166666666 0.62890625 0.009114583333333334 0.0078125
0 0.8919270833333334 0.4505208333333333 0.00390625 0.00390625
0 0.7877604166666666 0.71875 0.01171875 0.013020833333333334
0 0.4837239583333333 0.3098958333333333 0.00390625 0.00390625
0 0.5716145833333334 0.5983072916666666 0.00390625 0.00390625
0 0.4921875 0.935546875 0.016927083333333332 0.016927083333333332
0 0.17838541666666666 0.6731770833333334 0.010416666666666666 0.010416666666666666
0 0.12174479166666667 0.609375 0.005208333333333333 0.005208333333333333
0 0.525390625 0.4388020833333333 0.00390625 0.00390625
0 0.375 0.3190104166666667 0.005208333333333333 0.00390625
0 0.369140625 0.3470052083333333 0.01171875 0.010416666666666666
0 0.005208333333333333 0.8079427083333334 0.00390625 0.00390625
0 0.1953125 0.22395833333333334 0.00390625 0.00390625
0 0.9869791666666666 0.4915364583333333 0.005208333333333333 0.00390625
0 0.8274739583333334 0.4752604166666667 0.00390625 0.0026041666666666665
0 0.88671875 0.6861979166666666 0.005208333333333333 0.00390625
0 0.8763020833333334 0.22395833333333334 0.00390625 0.00390625
0 0.9010416666666666 0.3489583333333333 0.00390625 0.00390625
0 0.16145833333333334 0.619140625 0.17447916666666666 0.1796875
0 0.9322916666666666 0.9720052083333334 0.01171875 0.009114583333333334
0 0.4427083333333333 0.033854166666666664 0.00390625 0.00390625
0 0.8411458333333334 0.3450520833333333 0.00390625 0.00390625