0 0.4192708333333333 0.134765625 0.028645833333333332 0.024739583333333332
0 0.291015625 0.125 0.07161458333333333 0.0703125
0 0.14388020833333334 0.4453125 0.02734375 0.026041666666666668
0 0.5123697916666666 0.4915364583333333 0.13411458333333334 0.12109375
0 0.5787760416666666 0.4973958333333333 0.022135416666666668 0.020833333333333332
0 0.431640625 0.7063802083333334 0.03515625 0.032552083333333336
0 0.580078125 0.6282552083333334 0.03515625 0.029947916666666668
0 0.705078125 0.7161458333333334 0.02734375 0.020833333333333332
0 0.7994791666666666 0.8072916666666666 0.0625 0.059895833333333336
0 0.5696614583333334 0.8404947916666666 0.01953125 0.01953125
0 0.7845052083333334 0.9596354166666666 0.05859375 0.041666666666666664
0 0.2591145833333333 0.884765625 0.03125 0.029947916666666668
0 0.18815104166666666 0.8509114583333334 0.016927083333333332 0.01953125
0 0.2584635416666667 0.3235677083333333 0.01953125 0.016927083333333332
0 0.8111979166666666 0.59765625 0.018229166666666668 0.015625
0 0.662109375 0.58203125 0.016927083333333332 0.015625
0 0.7272135416666666 0.5787760416666666 0.014322916666666666 0.014322916666666666
0 0.681640625 0.62890625 0.016927083333333332 0.013020833333333334
0 0.8274739583333334 0.9765625 0.01953125 0.015625
0 0.1875 0.02734375 0.018229166666666668 0.015625
0 0.9296875 0.7825520833333334 0.015625 0.015625
0 0.9733072916666666 0.8020833333333334 0.016927083333333332 0.018229166666666668
0 0.763671875 0.3216145833333333 0.014322916666666666 0.015625
0 0.837890625 0.3287760416666667 0.014322916666666666 0.01171875
0 0.9544270833333334 0.0546875 0.0234375 0.026041666666666668
0 0.18489583333333334 0.3216145833333333 0.013020833333333334 0.013020833333333334
0 0.07552083333333333 0.4908854166666667 0.015625 0.013020833333333334
0 0.4361979166666667 0.8111979166666666 0.015625 0.015625
0 0.6595052083333334 0.7213541666666666 0.014322916666666666 0.015625