0 0.53515625 0.37109375 0.0234375 0.026041666666666668
0 0.07161458333333333 0.4928385416666667 0.026041666666666668 0.03515625
0 0.022786458333333332 0.5872395833333334 0.032552083333333336 0.0390625
0 0.4524739583333333 0.7239583333333334 0.01953125 0.0234375
0 0.787109375 0.646484375 0.02734375 0.024739583333333332
0 0.3255208333333333 0.15625 0.026041666666666668 0.026041666666666668
0 0.2604166666666667 0.7682291666666666 0.026041666666666668 0.026041666666666668
0 0.6979166666666666 0.8743489583333334 0.015625 0.016927083333333332
0 0.83984375 0.07161458333333333 0.026041666666666668 0.026041666666666668
0 0.3385416666666667 0.390625 0.0390625 0.0390625
0 0.09114583333333333 0.9583333333333334 0.013020833333333334 0.013020833333333334
0 0.6647135416666666 0.8795572916666666 0.014322916666666666 0.014322916666666666
0 0.7213541666666666 0.8873697916666666 0.015625 0.014322916666666666
0 0.861328125 0.6276041666666666 0.016927083333333332 0.018229166666666668
0 0.6901041666666666 0.154296875 0.013020833333333334 0.016927083333333332
0 0.7311197916666666 0.5123697916666666 0.01171875 0.014322916666666666
0 0.875 0.7057291666666666 0.0234375 0.020833333333333332
0 0.951171875 0.7259114583333334 0.014322916666666666 0.01171875
0 0.9915364583333334 0.9752604166666666 0.016927083333333332 0.03125