0 0.669921875 0.22135416666666666 0.01953125 0.015625
0 0.3717447916666667 0.07161458333333333 0.045572916666666664 0.0390625
0 0.3053385416666667 0.12109375 0.19140625 0.17708333333333334
0 0.201171875 0.267578125 0.19140625 0.16796875
0 0.032552083333333336 0.30859375 0.026041666666666668 0.026041666666666668
0 0.12109375 0.48828125 0.052083333333333336 0.046875
0 0.07877604166666667 0.5983072916666666 0.03515625 0.029947916666666668
0 0.3756510416666667 0.375 0.022135416666666668 0.018229166666666668
0 0.4192708333333333 0.3092447916666667 0.015625 0.01953125
0 0.4934895833333333 0.21419270833333334 0.057291666666666664 0.05078125
0 0.5859375 0.5390625 0.044270833333333336 0.036458333333333336
0 0.806640625 0.306640625 0.08723958333333333 0.07682291666666667
0 0.70703125 0.08138020833333333 0.020833333333333332 0.01953125
0 0.7317708333333334 0.0625 0.015625 0.015625
0 0.3743489583333333 0.6634114583333334 0.053385416666666664 0.055989583333333336
0 0.283203125 0.7962239583333334 0.03515625 0.032552083333333336
0 0.4440104166666667 0.8645833333333334 0.046875 0.041666666666666664
0 0.7063802083333334 0.9055989583333334 0.029947916666666668 0.02734375
0 0.9153645833333334 0.9270833333333334 0.020833333333333332 0.018229166666666668
0 0.6731770833333334 0.6080729166666666 0.028645833333333332 0.0234375
0 0.14453125 0.9108072916666666 0.028645833333333332 0.032552083333333336
0 0.07877604166666667 0.9342447916666666 0.022135416666666668 0.022135416666666668
0 0.056640625 0.9856770833333334 0.032552083333333336 0.028645833333333332
0 0.8717447916666666 0.3665364583333333 0.022135416666666668 0.01953125
0 0.958984375 0.40234375 0.08203125 0.09895833333333333
0 0.9694010416666666 0.2877604166666667 0.061197916666666664 0.06510416666666667
0 0.008463541666666666 0.07942708333333333 0.014322916666666666 0.020833333333333332
0 0.027994791666666668 0.017578125 0.053385416666666664 0.032552083333333336
0 0.240234375 0.734375 0.01953125 0.018229166666666668
0 0.4733072916666667 0.7740885416666666 0.06640625 0.05859375
0 0.6634114583333334 0.8600260416666666 0.08984375 0.07942708333333333
0 0.8971354166666666 0.05859375 0.018229166666666668 0.018229166666666668
0 0.6595052083333334 0.9401041666666666 0.08203125 0.0703125
0 0.7233072916666666 0.9583333333333334 0.05859375 0.0546875
0 0.4388020833333333 0.40625 0.018229166666666668 0.018229166666666668
0 0.9303385416666666 0.5716145833333334 0.016927083333333332 0.018229166666666668
0 0.947265625 0.8072916666666666 0.016927083333333332 0.013020833333333334
0 0.24674479166666666 0.6419270833333334 0.10546875 0.08854166666666667
0 0.4518229166666667 0.4641927083333333 0.049479166666666664 0.05078125
0 0.24153645833333334 0.84765625 0.01953125 0.0234375
0 0.3528645833333333 0.9609375 0.078125 0.06770833333333333
0 0.2545572916666667 0.9856770833333334 0.01953125 0.018229166666666668
0 0.4641927083333333 0.9921875 0.040364583333333336 0.015625
0 0.4993489583333333 0.6419270833333334 0.014322916666666666 0.015625
0 0.40625 0.607421875 0.013020833333333334 0.01171875
0 0.544921875 0.6243489583333334 0.016927083333333332 0.014322916666666666
0 0.9856770833333334 0.6529947916666666 0.028645833333333332 0.05078125
0 0.8548177083333334 0.71484375 0.016927083333333332 0.018229166666666668
0 0.6673177083333334 0.7864583333333334 0.01171875 0.013020833333333334
0 0.5013020833333334 0.5338541666666666 0.010416666666666666 0.010416666666666666
0 0.396484375 0.22200520833333334 0.014322916666666666 0.014322916666666666
0 0.3658854166666667 0.2884114583333333 0.013020833333333334 0.01171875