0 0.6041666666666666 0.20572916666666666 0.028645833333333332 0.03125
0 0.7291666666666666 0.240234375 0.052083333333333336 0.053385416666666664
0 0.751953125 0.1953125 0.01953125 0.015625
0 0.8424479166666666 0.09635416666666667 0.015625 0.018229166666666668
0 0.767578125 0.716796875 0.014322916666666666 0.014322916666666666
0 0.22786458333333334 0.4694010416666667 0.013020833333333334 0.014322916666666666
0 0.057942708333333336 0.8014322916666666 0.01171875 0.01171875
0 0.18359375 0.791015625 0.013020833333333334 0.01171875
0 0.4765625 0.8391927083333334 0.015625 0.016927083333333332
0 0.5540364583333334 0.40625 0.014322916666666666 0.015625
0 0.234375 0.022786458333333332 0.010416666666666666 0.01171875
0 0.8268229166666666 0.3463541666666667 0.018229166666666668 0.018229166666666668
0 0.6100260416666666 0.3541666666666667 0.009114583333333334 0.013020833333333334
0 0.6022135416666666 0.5579427083333334 0.01171875 0.01171875
0 0.9388020833333334 0.720703125 0.018229166666666668 0.014322916666666666
0 0.912109375 0.5110677083333334 0.024739583333333332 0.02734375
0 0.869140625 0.5651041666666666 0.014322916666666666 0.013020833333333334
0 0.935546875 0.16471354166666666 0.01171875 0.009114583333333334
0 0.931640625 0.1015625 0.01171875 0.010416666666666666
0 0.9915364583333334 0.14192708333333334 0.009114583333333334 0.013020833333333334
0 0.9583333333333334 0.5091145833333334 0.015625 0.015625
0 0.20572916666666666 0.3841145833333333 0.010416666666666666 0.010416666666666666
0 0.197265625 0.34765625 0.016927083333333332 0.015625
0 0.28125 0.5514322916666666 0.013020833333333334 0.01171875
0 0.4921875 0.6334635416666666 0.010416666666666666 0.01171875
0 0.5013020833333334 0.4498697916666667 0.013020833333333334 0.01171875
0 0.681640625 0.822265625 0.01171875 0.01171875
0 0.7701822916666666 0.091796875 0.009114583333333334 0.009114583333333334
0 0.7955729166666666 0.5826822916666666 0.010416666666666666 0.009114583333333334
0 0.80859375 0.11653645833333333 0.010416666666666666 0.009114583333333334
0 0.08528645833333333 0.4524739583333333 0.009114583333333334 0.009114583333333334
0 0.34375 0.12434895833333333 0.010416666666666666 0.009114583333333334
0 0.7063802083333334 0.6315104166666666 0.01171875 0.0078125
0 0.986328125 0.2786458333333333 0.022135416666666668 0.06770833333333333
0 0.4967447916666667 0.6549479166666666 0.009114583333333334 0.010416666666666666
0 0.4427083333333333 0.5423177083333334 0.013020833333333334 0.014322916666666666
0 0.3072916666666667 0.7734375 0.010416666666666666 0.010416666666666666
0 0.2799479166666667 0.7063802083333334 0.010416666666666666 0.01171875
0 0.482421875 0.9641927083333334 0.014322916666666666 0.01171875
0 0.18489583333333334 0.17252604166666666 0.013020833333333334 0.01171875
0 0.17513020833333334 0.10026041666666667 0.01171875 0.010416666666666666
0 0.9212239583333334 0.703125 0.009114583333333334 0.010416666666666666
0 0.8795572916666666 0.5091145833333334 0.009114583333333334 0.010416666666666666
0 0.8229166666666666 0.484375 0.010416666666666666 0.013020833333333334
0 0.2981770833333333 0.2819010416666667 0.0078125 0.009114583333333334
0 0.4537760416666667 0.2571614583333333 0.009114583333333334 0.01171875