0 0.22786458333333334 0.5182291666666666 0.453125 0.5989583333333334
0 0.3990885416666667 0.8287760416666666 0.055989583333333336 0.055989583333333336
0 0.6848958333333334 0.7395833333333334 0.036458333333333336 0.036458333333333336
0 0.7493489583333334 0.8509114583333334 0.02734375 0.032552083333333336
0 0.7669270833333334 0.3619791666666667 0.0234375 0.03125
0 0.763671875 0.7272135416666666 0.022135416666666668 0.022135416666666668
0 0.8046875 0.82421875 0.018229166666666668 0.018229166666666668
0 0.9407552083333334 0.537109375 0.01953125 0.01953125
0 0.7278645833333334 0.18294270833333334 0.020833333333333332 0.01953125
0 0.662109375 0.22591145833333334 0.014322916666666666 0.014322916666666666
0 0.9029947916666666 0.23567708333333334 0.016927083333333332 0.015625
0 0.8209635416666666 0.15885416666666666 0.022135416666666668 0.026041666666666668
0 0.134765625 0.9108072916666666 0.014322916666666666 0.016927083333333332
0 0.025390625 0.9283854166666666 0.014322916666666666 0.015625
0 0.9563802083333334 0.6380208333333334 0.01953125 0.026041666666666668
0 0.6946614583333334 0.083984375 0.048177083333333336 0.055989583333333336
0 0.7825520833333334 0.22200520833333334 0.015625 0.016927083333333332
0 0.576171875 0.018880208333333332 0.014322916666666666 0.014322916666666666
0 0.5618489583333334 0.455078125 0.024739583333333332 0.024739583333333332
0 0.185546875 0.9342447916666666 0.014322916666666666 0.014322916666666666
0 0.10872395833333333 0.6705729166666666 0.016927083333333332 0.018229166666666668
0 0.9602864583333334 0.28515625 0.01953125 0.013020833333333334
0 0.7044270833333334 0.931640625 0.018229166666666668 0.016927083333333332
0 0.7708333333333334 0.9036458333333334 0.015625 0.015625
0 0.6497395833333334 0.6588541666666666 0.018229166666666668 0.020833333333333332
0 0.8151041666666666 0.4641927083333333 0.015625 0.016927083333333332
0 0.822265625 0.216796875 0.01953125 0.022135416666666668
0 0.6302083333333334 0.24869791666666666 0.010416666666666666 0.010416666666666666
0 0.8157552083333334 0.060546875 0.014322916666666666 0.014322916666666666
0 0.748046875 0.035807291666666664 0.14192708333333334 0.07161458333333333
0 0.7005208333333334 0.06901041666666667 0.013020833333333334 0.013020833333333334
0 0.5 0.11979166666666667 0.010416666666666666 0.010416666666666666
0 0.5338541666666666 0.4713541666666667 0.010416666666666666 0.013020833333333334
0 0.037760416666666664 0.9713541666666666 0.013020833333333334 0.013020833333333334
0 0.33203125 0.4791666666666667 0.013020833333333334 0.013020833333333334
0 0.361328125 0.4772135416666667 0.01171875 0.01171875
0 0.291015625 0.19401041666666666 0.014322916666666666 0.015625
0 0.3092447916666667 0.111328125 0.014322916666666666 0.014322916666666666
0 0.3040364583333333 0.10221354166666667 0.01171875 0.009114583333333334
0 0.453125 0.010416666666666666 0.0078125 0.0078125
0 0.6158854166666666 0.4498697916666667 0.010416666666666666 0.014322916666666666