0 0.404296875 0.130859375 0.024739583333333332 0.01953125
0 0.1640625 0.345703125 0.0234375 0.01953125
0 0.51171875 0.039713541666666664 0.03125 0.032552083333333336
0 0.5709635416666666 0.035807291666666664 0.022135416666666668 0.024739583333333332
0 0.4615885416666667 0.029947916666666668 0.014322916666666666 0.018229166666666668
0 0.14778645833333334 0.5201822916666666 0.016927083333333332 0.016927083333333332
0 0.0625 0.5703125 0.07291666666666667 0.078125
0 0.173828125 0.037109375 0.10026041666666667 0.07161458333333333
0 0.3984375 0.4739583333333333 0.11979166666666667 0.13020833333333334
0 0.037760416666666664 0.66015625 0.0234375 0.0234375
0 0.18033854166666666 0.6126302083333334 0.11067708333333333 0.11067708333333333
0 0.13346354166666666 0.697265625 0.032552083333333336 0.032552083333333336
0 0.008463541666666666 0.6536458333333334 0.014322916666666666 0.015625
0 0.033203125 0.8313802083333334 0.040364583333333336 0.032552083333333336
0 0.212890625 0.8567708333333334 0.022135416666666668 0.026041666666666668
0 0.1171875 0.7838541666666666 0.013020833333333334 0.010416666666666666
0 0.16666666666666666 0.8522135416666666 0.018229166666666668 0.022135416666666668
0 0.008463541666666666 0.14453125 0.014322916666666666 0.026041666666666668
0 0.666015625 0.4264322916666667 0.22005208333333334 0.23828125
0 0.07356770833333333 0.9010416666666666 0.016927083333333332 0.020833333333333332
0 0.4915364583333333 0.9088541666666666 0.21484375 0.14322916666666666
0 0.14322916666666666 0.9075520833333334 0.0390625 0.036458333333333336
0 0.39453125 0.189453125 0.018229166666666668 0.01953125
0 0.8020833333333334 0.12174479166666667 0.0234375 0.024739583333333332
0 0.91796875 0.024088541666666668 0.0390625 0.040364583333333336
0 0.943359375 0.08203125 0.01953125 0.026041666666666668
0 0.869140625 0.23372395833333334 0.05859375 0.055989583333333336
0 0.8704427083333334 0.23567708333333334 0.16015625 0.13802083333333334
0 0.869140625 0.8567708333333334 0.01953125 0.026041666666666668
0 0.059895833333333336 0.9908854166666666 0.015625 0.013020833333333334
0 0.046223958333333336 0.74609375 0.08984375 0.13020833333333334
0 0.9440104166666666 0.7721354166666666 0.013020833333333334 0.013020833333333334
0 0.8828125 0.4342447916666667 0.0703125 0.05859375