0 0.69921875 0.4973958333333333 0.020833333333333332 0.028645833333333332
0 0.666015625 0.4733072916666667 0.024739583333333332 0.024739583333333332
0 0.525390625 0.3470052083333333 0.01953125 0.024739583333333332
0 0.166015625 0.861328125 0.03515625 0.05078125
0 0.06315104166666667 0.8483072916666666 0.045572916666666664 0.037760416666666664
0 0.9739583333333334 0.5299479166666666 0.028645833333333332 0.026041666666666668
0 0.9381510416666666 0.578125 0.016927083333333332 0.020833333333333332
0 0.8509114583333334 0.22330729166666666 0.016927083333333332 0.01953125
0 0.7884114583333334 0.5208333333333334 0.022135416666666668 0.015625
0 0.7630208333333334 0.6901041666666666 0.013020833333333334 0.015625
0 0.17122395833333334 0.23177083333333334 0.014322916666666666 0.018229166666666668
0 0.9720052083333334 0.6236979166666666 0.01171875 0.018229166666666668
0 0.7532552083333334 0.21354166666666666 0.01953125 0.020833333333333332
0 0.666015625 0.3756510416666667 0.016927083333333332 0.014322916666666666
0 0.6829427083333334 0.3307291666666667 0.029947916666666668 0.028645833333333332
0 0.578125 0.33203125 0.03125 0.03125