0 0.17708333333333334 0.23307291666666666 0.057291666666666664 0.0546875
0 0.5338541666666666 0.08268229166666667 0.044270833333333336 0.04296875
0 0.013020833333333334 0.011067708333333334 0.015625 0.014322916666666666
0 0.042317708333333336 0.3352864583333333 0.01953125 0.016927083333333332
0 0.0390625 0.3541666666666667 0.020833333333333332 0.018229166666666668
0 0.07421875 0.4420572916666667 0.013020833333333334 0.01171875
0 0.07877604166666667 0.517578125 0.016927083333333332 0.01171875
0 0.388671875 0.4388020833333333 0.01953125 0.018229166666666668
0 0.4108072916666667 0.19921875 0.016927083333333332 0.013020833333333334
0 0.4928385416666667 0.2565104166666667 0.01171875 0.013020833333333334
0 0.6302083333333334 0.31640625 0.013020833333333334 0.013020833333333334
0 0.8053385416666666 0.053385416666666664 0.016927083333333332 0.015625
0 0.8138020833333334 0.083984375 0.028645833333333332 0.029947916666666668
0 0.775390625 0.20833333333333334 0.01953125 0.013020833333333334
0 0.6477864583333334 0.2747395833333333 0.17578125 0.1640625
0 0.490234375 0.2701822916666667 0.13411458333333334 0.12890625
0 0.9485677083333334 0.3470052083333333 0.02734375 0.024739583333333332
0 0.75 0.42578125 0.018229166666666668 0.015625
0 0.7408854166666666 0.4459635416666667 0.018229166666666668 0.014322916666666666
0 0.857421875 0.6979166666666666 0.05859375 0.0546875
0 0.8893229166666666 0.728515625 0.013020833333333334 0.01953125
0 0.7936197916666666 0.6998697916666666 0.022135416666666668 0.01953125
0 0.7109375 0.7200520833333334 0.015625 0.015625
0 0.3326822916666667 0.9388020833333334 0.029947916666666668 0.026041666666666668
0 0.07682291666666667 0.8170572916666666 0.049479166666666664 0.045572916666666664
0 0.662109375 0.8951822916666666 0.06380208333333333 0.05859375
0 0.5143229166666666 0.89453125 0.23958333333333334 0.20833333333333334
0 0.3040364583333333 0.06770833333333333 0.014322916666666666 0.013020833333333334
0 0.6399739583333334 0.7298177083333334 0.014322916666666666 0.01171875
0 0.4544270833333333 0.6302083333333334 0.013020833333333334 0.010416666666666666
0 0.8600260416666666 0.8919270833333334 0.01953125 0.013020833333333334
0 0.3365885416666667 0.828125 0.12630208333333334 0.140625
0 0.17317708333333334 0.05078125 0.16666666666666666 0.09895833333333333
0 0.4036458333333333 0.22591145833333334 0.010416666666666666 0.009114583333333334
0 0.24283854166666666 0.400390625 0.01171875 0.01171875
0 0.7272135416666666 0.7890625 0.01171875 0.010416666666666666