0 0.4798177083333333 0.099609375 0.13671875 0.13411458333333334
0 0.193359375 0.016927083333333332 0.01953125 0.018229166666666668
0 0.3196614583333333 0.03125 0.02734375 0.026041666666666668
0 0.5436197916666666 0.016927083333333332 0.048177083333333336 0.03125
0 0.865234375 0.3522135416666667 0.05078125 0.048177083333333336
0 0.92578125 0.4674479166666667 0.0234375 0.020833333333333332
0 0.2721354166666667 0.7916666666666666 0.049479166666666664 0.049479166666666664
0 0.6282552083333334 0.8854166666666666 0.11588541666666667 0.1171875
0 0.07291666666666667 0.7747395833333334 0.026041666666666668 0.020833333333333332
0 0.24609375 0.6484375 0.018229166666666668 0.018229166666666668
0 0.8391927083333334 0.107421875 0.022135416666666668 0.01953125
0 0.23763020833333334 0.22721354166666666 0.014322916666666666 0.01171875
0 0.07747395833333333 0.3522135416666667 0.014322916666666666 0.01171875
0 0.9635416666666666 0.13411458333333334 0.018229166666666668 0.015625
0 0.5677083333333334 0.6946614583333334 0.018229166666666668 0.016927083333333332
0 0.236328125 0.8600260416666666 0.022135416666666668 0.024739583333333332
0 0.6731770833333334 0.4166666666666667 0.015625 0.013020833333333334
0 0.4231770833333333 0.326171875 0.013020833333333334 0.01171875
0 0.9381510416666666 0.71875 0.016927083333333332 0.013020833333333334
0 0.349609375 0.23372395833333334 0.014322916666666666 0.014322916666666666
0 0.5201822916666666 0.3118489583333333 0.01171875 0.01171875
0 0.8125 0.361328125 0.010416666666666666 0.01171875
0 0.4986979166666667 0.13346354166666666 0.026041666666666668 0.024739583333333332
0 0.3255208333333333 0.548828125 0.010416666666666666 0.009114583333333334
0 0.07747395833333333 0.82421875 0.01171875 0.013020833333333334