0 0.2565104166666667 0.018880208333333332 0.044270833333333336 0.03515625
0 0.125 0.054036458333333336 0.052083333333333336 0.05859375
0 0.33203125 0.21875 0.13020833333333334 0.13020833333333334
0 0.318359375 0.4895833333333333 0.029947916666666668 0.03125
0 0.08854166666666667 0.5240885416666666 0.03125 0.03515625
0 0.033854166666666664 0.5169270833333334 0.015625 0.015625
0 0.022786458333333332 0.673828125 0.032552083333333336 0.048177083333333336
0 0.2838541666666667 0.6419270833333334 0.057291666666666664 0.06510416666666667
0 0.2975260416666667 0.74609375 0.07421875 0.06510416666666667
0 0.33984375 0.8489583333333334 0.036458333333333336 0.036458333333333336
0 0.7552083333333334 0.4401041666666667 0.052083333333333336 0.0390625
0 0.224609375 0.8697916666666666 0.02734375 0.026041666666666668
0 0.13997395833333334 0.23828125 0.25390625 0.24739583333333334
0 0.19010416666666666 0.4733072916666667 0.15885416666666666 0.20963541666666666
0 0.185546875 0.6236979166666666 0.01953125 0.020833333333333332
0 0.390625 0.666015625 0.018229166666666668 0.016927083333333332
0 0.6100260416666666 0.404296875 0.016927083333333332 0.01953125
0 0.685546875 0.11848958333333333 0.014322916666666666 0.013020833333333334
0 0.9147135416666666 0.018229166666666668 0.045572916666666664 0.033854166666666664
0 0.9622395833333334 0.2923177083333333 0.07552083333333333 0.08203125
0 0.9407552083333334 0.5794270833333334 0.01953125 0.0234375
0 0.98828125 0.6380208333333334 0.0234375 0.044270833333333336
0 0.724609375 0.71484375 0.02734375 0.026041666666666668
0 0.8658854166666666 0.052734375 0.026041666666666668 0.032552083333333336
0 0.0234375 0.5794270833333334 0.015625 0.018229166666666668
0 0.3059895833333333 0.014322916666666666 0.07291666666666667 0.026041666666666668
0 0.9733072916666666 0.28515625 0.016927083333333332 0.018229166666666668