0 0.3307291666666667 0.703125 0.04296875 0.040364583333333336
0 0.970703125 0.20768229166666666 0.049479166666666664 0.04296875
0 0.17903645833333334 0.08984375 0.044270833333333336 0.03515625
0 0.97265625 0.2649739583333333 0.05078125 0.040364583333333336
0 0.337890625 0.5442708333333334 0.03125 0.028645833333333332
0 0.064453125 0.7845052083333334 0.0546875 0.049479166666666664
0 0.2701822916666667 0.7434895833333334 0.03125 0.03125
0 0.568359375 0.4765625 0.041666666666666664 0.037760416666666664
0 0.5592447916666666 0.359375 0.03125 0.03125
0 0.6484375 0.9401041666666666 0.04296875 0.041666666666666664
0 0.76953125 0.3131510416666667 0.037760416666666664 0.036458333333333336
0 0.078125 0.4602864583333333 0.040364583333333336 0.0390625
0 0.11588541666666667 0.7174479166666666 0.036458333333333336 0.032552083333333336
0 0.564453125 0.96484375 0.028645833333333332 0.02734375
0 0.6490885416666666 0.6881510416666666 0.02734375 0.02734375
0 0.1328125 0.061197916666666664 0.028645833333333332 0.02734375
0 0.18098958333333334 0.2955729166666667 0.05859375 0.057291666666666664
0 0.9752604166666666 0.7389322916666666 0.048177083333333336 0.04296875
0 0.12239583333333333 0.19466145833333334 0.03125 0.02734375
0 0.4342447916666667 0.8795572916666666 0.11197916666666667 0.1171875
0 0.7766927083333334 0.490234375 0.041666666666666664 0.037760416666666664
0 0.4134114583333333 0.9635416666666666 0.0390625 0.037760416666666664
0 0.837890625 0.6868489583333334 0.044270833333333336 0.037760416666666664
0 0.7115885416666666 0.5703125 0.049479166666666664 0.04296875
0 0.5345052083333334 0.5442708333333334 0.03515625 0.03515625
0 0.921875 0.032552083333333336 0.13541666666666666 0.06510416666666667
0 0.5305989583333334 0.4010416666666667 0.06380208333333333 0.057291666666666664
0 0.826171875 0.6276041666666666 0.026041666666666668 0.024739583333333332
0 0.13671875 0.935546875 0.09114583333333333 0.07942708333333333
0 0.9895833333333334 0.6783854166666666 0.020833333333333332 0.036458333333333336
0 0.20442708333333334 0.5579427083333334 0.07291666666666667 0.055989583333333336
0 0.7415364583333334 0.10807291666666667 0.055989583333333336 0.052083333333333336
0 0.51171875 0.045572916666666664 0.125 0.09114583333333333
0 0.7278645833333334 0.8216145833333334 0.049479166666666664 0.037760416666666664