0 0.6243489583333334 0.6529947916666666 0.014322916666666666 0.02734375
0 0.5787760416666666 0.2962239583333333 0.07942708333333333 0.08463541666666667
0 0.7890625 0.3001302083333333 0.015625 0.024739583333333332
0 0.5891927083333334 0.18294270833333334 0.01953125 0.014322916666666666
0 0.857421875 0.498046875 0.022135416666666668 0.032552083333333336
0 0.9140625 0.44921875 0.026041666666666668 0.026041666666666668
0 0.5481770833333334 0.033854166666666664 0.041666666666666664 0.036458333333333336
0 0.7805989583333334 0.013020833333333334 0.024739583333333332 0.013020833333333334
0 0.34765625 0.4225260416666667 0.026041666666666668 0.01953125
0 0.271484375 0.546875 0.029947916666666668 0.0390625
0 0.3509114583333333 0.5787760416666666 0.053385416666666664 0.045572916666666664
0 0.4811197916666667 0.8326822916666666 0.02734375 0.032552083333333336
0 0.5397135416666666 0.8365885416666666 0.024739583333333332 0.01953125
0 0.5305989583333334 0.873046875 0.045572916666666664 0.05078125
0 0.302734375 0.13151041666666666 0.01953125 0.026041666666666668
0 0.3932291666666667 0.049479166666666664 0.020833333333333332 0.018229166666666668
0 0.37109375 0.16276041666666666 0.013020833333333334 0.013020833333333334
0 0.19856770833333334 0.16080729166666666 0.01953125 0.029947916666666668
0 0.205078125 0.2649739583333333 0.01953125 0.029947916666666668
0 0.14192708333333334 0.52734375 0.013020833333333334 0.013020833333333334
0 0.12369791666666667 0.6490885416666666 0.013020833333333334 0.016927083333333332
0 0.10807291666666667 0.19466145833333334 0.09375 0.09765625
0 0.3190104166666667 0.15299479166666666 0.013020833333333334 0.01953125
0 0.15104166666666666 0.026041666666666668 0.0234375 0.013020833333333334
0 0.22786458333333334 0.6263020833333334 0.013020833333333334 0.015625
0 0.509765625 0.5533854166666666 0.01953125 0.013020833333333334
0 0.14453125 0.15885416666666666 0.010416666666666666 0.013020833333333334
0 0.7493489583333334 0.791015625 0.016927083333333332 0.01953125
0 0.669921875 0.8177083333333334 0.01953125 0.018229166666666668
0 0.7779947916666666 0.8567708333333334 0.032552083333333336 0.044270833333333336
0 0.91796875 0.24739583333333334 0.013020833333333334 0.013020833333333334
0 0.55078125 0.4563802083333333 0.015625 0.014322916666666666
0 0.9166666666666666 0.6184895833333334 0.026041666666666668 0.0390625
0 0.857421875 0.8795572916666666 0.029947916666666668 0.024739583333333332
0 0.8411458333333334 0.9440104166666666 0.015625 0.013020833333333334
0 0.8561197916666666 0.8111979166666666 0.01953125 0.03125
0 0.9205729166666666 0.919921875 0.07291666666666667 0.053385416666666664
0 0.9798177083333334 0.9192708333333334 0.032552083333333336 0.0546875
0 0.5397135416666666 0.9680989583333334 0.014322916666666666 0.016927083333333332
0 0.6536458333333334 0.740234375 0.018229166666666668 0.016927083333333332
0 0.869140625 0.29296875 0.006510416666666667 0.013020833333333334
0 0.5013020833333334 0.22786458333333334 0.013020833333333334 0.013020833333333334
0 0.10026041666666667 0.017578125 0.020833333333333332 0.016927083333333332
0 0.009114583333333334 0.11458333333333333 0.0078125 0.018229166666666668
0 0.4029947916666667 0.52734375 0.01171875 0.013020833333333334
0 0.9700520833333334 0.6484375 0.013020833333333334 0.0078125
0 0.95703125 0.5123697916666666 0.013020833333333334 0.016927083333333332