0 0.296875 0.794921875 0.013020833333333334 0.016927083333333332
0 0.005208333333333333 0.5325520833333334 0.0078125 0.0078125
0 0.1171875 0.517578125 0.015625 0.01171875
0 0.0078125 0.2858072916666667 0.013020833333333334 0.01953125
0 0.06966145833333333 0.20052083333333334 0.13671875 0.14322916666666666
0 0.5826822916666666 0.4811197916666667 0.022135416666666668 0.01953125
0 0.5748697916666666 0.572265625 0.014322916666666666 0.01171875
0 0.505859375 0.13671875 0.01953125 0.018229166666666668
0 0.8671875 0.16341145833333334 0.026041666666666668 0.03515625
0 0.828125 0.12109375 0.013020833333333334 0.010416666666666666
0 0.87890625 0.08528645833333333 0.010416666666666666 0.016927083333333332
0 0.9928385416666666 0.62109375 0.009114583333333334 0.013020833333333334
0 0.71484375 0.796875 0.010416666666666666 0.010416666666666666