0 0.2916666666666667 0.16145833333333334 0.033854166666666664 0.03125
0 0.046875 0.2565104166666667 0.033854166666666664 0.03125
0 0.28515625 0.031901041666666664 0.015625 0.014322916666666666
0 0.53125 0.150390625 0.026041666666666668 0.02734375
0 0.7005208333333334 0.010416666666666666 0.013020833333333334 0.018229166666666668
0 0.861328125 0.013671875 0.032552083333333336 0.024739583333333332
0 0.8697916666666666 0.06510416666666667 0.026041666666666668 0.026041666666666668
0 0.6848958333333334 0.15625 0.03125 0.026041666666666668
0 0.7701822916666666 0.33984375 0.07421875 0.08072916666666667
0 0.7858072916666666 0.4381510416666667 0.024739583333333332 0.02734375
0 0.8541666666666666 0.4596354166666667 0.013020833333333334 0.018229166666666668
0 0.9192708333333334 0.5677083333333334 0.03125 0.026041666666666668
0 0.9752604166666666 0.5865885416666666 0.049479166666666664 0.055989583333333336
0 0.6087239583333334 0.732421875 0.02734375 0.024739583333333332
0 0.5690104166666666 0.6197916666666666 0.020833333333333332 0.026041666666666668
0 0.6959635416666666 0.712890625 0.022135416666666668 0.02734375
0 0.8528645833333334 0.7506510416666666 0.0546875 0.053385416666666664
0 0.4420572916666667 0.07942708333333333 0.09505208333333333 0.08072916666666667
0 0.384765625 0.13151041666666666 0.05859375 0.049479166666666664
0 0.400390625 0.255859375 0.01953125 0.016927083333333332
0 0.33203125 0.4427083333333333 0.028645833333333332 0.026041666666666668
0 0.306640625 0.4713541666666667 0.01953125 0.026041666666666668
0 0.12890625 0.5286458333333334 0.0234375 0.020833333333333332
0 0.3684895833333333 0.7467447916666666 0.020833333333333332 0.022135416666666668
0 0.3684895833333333 0.8528645833333334 0.0390625 0.026041666666666668
0 0.7161458333333334 0.8235677083333334 0.028645833333333332 0.032552083333333336
0 0.032552083333333336 0.8444010416666666 0.036458333333333336 0.03515625
0 0.05859375 0.6953125 0.028645833333333332 0.026041666666666668
0 0.08333333333333333 0.8626302083333334 0.015625 0.014322916666666666
0 0.3639322916666667 0.7994791666666666 0.014322916666666666 0.015625
0 0.7513020833333334 0.8548177083333334 0.0234375 0.022135416666666668
0 0.7740885416666666 0.822265625 0.01953125 0.01953125
0 0.9134114583333334 0.6608072916666666 0.16015625 0.14973958333333334
0 0.06380208333333333 0.134765625 0.026041666666666668 0.022135416666666668
0 0.18880208333333334 0.11197916666666667 0.018229166666666668 0.015625
0 0.4505208333333333 0.2994791666666667 0.015625 0.015625
0 0.3313802083333333 0.6438802083333334 0.21484375 0.21223958333333334
0 0.361328125 0.9791666666666666 0.01171875 0.010416666666666666
0 0.498046875 0.77734375 0.014322916666666666 0.015625
0 0.5299479166666666 0.7337239583333334 0.010416666666666666 0.014322916666666666
0 0.4368489583333333 0.72265625 0.08463541666666667 0.07552083333333333
0 0.7024739583333334 0.947265625 0.016927083333333332 0.014322916666666666
0 0.6940104166666666 0.8515625 0.013020833333333334 0.013020833333333334
0 0.8665364583333334 0.83984375 0.014322916666666666 0.013020833333333334
0 0.9908854166666666 0.7669270833333334 0.018229166666666668 0.044270833333333336
0 0.6614583333333334 0.3209635416666667 0.015625 0.01171875
0 0.923828125 0.326171875 0.014322916666666666 0.014322916666666666
0 0.6783854166666666 0.040364583333333336 0.015625 0.015625
0 0.6647135416666666 0.08854166666666667 0.24869791666666666 0.17447916666666666
0 0.6516927083333334 0.509765625 0.014322916666666666 0.014322916666666666
0 0.8157552083333334 0.6178385416666666 0.01171875 0.01171875
0 0.5403645833333334 0.28125 0.010416666666666666 0.010416666666666666
0 0.3444010416666667 0.2955729166666667 0.009114583333333334 0.010416666666666666
0 0.365234375 0.2923177083333333 0.01171875 0.009114583333333334
0 0.478515625 0.3841145833333333 0.009114583333333334 0.010416666666666666
0 0.5071614583333334 0.388671875 0.009114583333333334 0.009114583333333334
0 0.6595052083333334 0.12369791666666667 0.014322916666666666 0.013020833333333334
0 0.4401041666666667 0.2421875 0.010416666666666666 0.010416666666666666
0 0.3255208333333333 0.17252604166666666 0.015625 0.014322916666666666
0 0.5143229166666666 0.9680989583333334 0.18229166666666666 0.06380208333333333
0 0.9322916666666666 0.978515625 0.13541666666666666 0.04296875
0 0.935546875 0.031901041666666664 0.12890625 0.05859375