0 0.22721354166666666 0.15559895833333334 0.016927083333333332 0.016927083333333332
0 0.14583333333333334 0.14973958333333334 0.013020833333333334 0.015625
0 0.3111979166666667 0.173828125 0.013020833333333334 0.01171875
0 0.6119791666666666 0.026041666666666668 0.013020833333333334 0.013020833333333334
0 0.9036458333333334 0.08138020833333333 0.020833333333333332 0.022135416666666668
0 0.9674479166666666 0.2955729166666667 0.018229166666666668 0.018229166666666668
0 0.947265625 0.13020833333333334 0.014322916666666666 0.013020833333333334
0 0.9596354166666666 0.09309895833333333 0.015625 0.014322916666666666
0 0.3352864583333333 0.11393229166666667 0.01953125 0.01953125
0 0.587890625 0.111328125 0.014322916666666666 0.014322916666666666
0 0.4401041666666667 0.0026041666666666665 0.020833333333333332 0.005208333333333333
0 0.21354166666666666 0.11067708333333333 0.041666666666666664 0.0390625
0 0.2649739583333333 0.12044270833333333 0.03515625 0.03515625
0 0.8040364583333334 0.7766927083333334 0.040364583333333336 0.040364583333333336
0 0.19270833333333334 0.9537760416666666 0.033854166666666664 0.037760416666666664
0 0.7897135416666666 0.984375 0.032552083333333336 0.0234375
0 0.61328125 0.15494791666666666 0.013020833333333334 0.013020833333333334
0 0.8834635416666666 0.6106770833333334 0.016927083333333332 0.015625
0 0.1484375 0.15104166666666666 0.014322916666666666 0.014322916666666666
0 0.7180989583333334 0.9596354166666666 0.014322916666666666 0.015625
0 0.3092447916666667 0.15885416666666666 0.014322916666666666 0.014322916666666666
0 0.44140625 0.004557291666666667 0.010416666666666666 0.009114583333333334
0 0.6139322916666666 0.15559895833333334 0.010416666666666666 0.009114583333333334
0 0.9485677083333334 0.134765625 0.013020833333333334 0.01171875