0 0.7330729166666666 0.19596354166666666 0.033854166666666664 0.032552083333333336
0 0.09895833333333333 0.5319010416666666 0.0625 0.053385416666666664
0 0.12044270833333333 0.4114583333333333 0.032552083333333336 0.03125
0 0.16927083333333334 0.41796875 0.052083333333333336 0.052083333333333336
0 0.06901041666666667 0.193359375 0.020833333333333332 0.024739583333333332
0 0.19010416666666666 0.4889322916666667 0.026041666666666668 0.024739583333333332
0 0.3450520833333333 0.396484375 0.078125 0.07421875
0 0.5416666666666666 0.466796875 0.1328125 0.13151041666666666
0 0.3873697916666667 0.5703125 0.029947916666666668 0.026041666666666668
0 0.7819010416666666 0.6751302083333334 0.36328125 0.30078125
0 0.837890625 0.7434895833333334 0.04296875 0.046875
0 0.1953125 0.8567708333333334 0.026041666666666668 0.026041666666666668
0 0.234375 0.8307291666666666 0.026041666666666668 0.026041666666666668
0 0.5540364583333334 0.830078125 0.05078125 0.055989583333333336
0 0.619140625 0.115234375 0.024739583333333332 0.024739583333333332
0 0.010416666666666666 0.103515625 0.018229166666666668 0.029947916666666668
0 0.455078125 0.3483072916666667 0.032552083333333336 0.03515625
0 0.3528645833333333 0.030598958333333332 0.08854166666666667 0.05859375
0 0.3828125 0.671875 0.028645833333333332 0.026041666666666668
0 0.7565104166666666 0.6321614583333334 0.0234375 0.01953125
0 0.751953125 0.248046875 0.01953125 0.01953125
0 0.10677083333333333 0.7109375 0.018229166666666668 0.020833333333333332
0 0.138671875 0.4674479166666667 0.016927083333333332 0.015625
0 0.7063802083333334 0.4368489583333333 0.01953125 0.01953125
0 0.3841145833333333 0.1484375 0.020833333333333332 0.020833333333333332
0 0.9173177083333334 0.15885416666666666 0.02734375 0.033854166666666664
0 0.6295572916666666 0.9348958333333334 0.16276041666666666 0.13020833333333334
0 0.39453125 0.7044270833333334 0.020833333333333332 0.018229166666666668
0 0.76171875 0.011067708333333334 0.013020833333333334 0.014322916666666666
0 0.521484375 0.9524739583333334 0.014322916666666666 0.014322916666666666
0 0.10416666666666667 0.013020833333333334 0.06510416666666667 0.0234375
0 0.2506510416666667 0.83984375 0.01953125 0.020833333333333332
0 0.7141927083333334 0.8932291666666666 0.01953125 0.018229166666666668
0 0.7506510416666666 0.021484375 0.11588541666666667 0.040364583333333336
0 0.955078125 0.173828125 0.016927083333333332 0.016927083333333332
0 0.505859375 0.10611979166666667 0.014322916666666666 0.014322916666666666
0 0.9270833333333334 0.021484375 0.013020833333333334 0.01171875
0 0.8313802083333334 0.007161458333333333 0.014322916666666666 0.01171875
0 0.744140625 0.359375 0.014322916666666666 0.013020833333333334
0 0.8782552083333334 0.9921875 0.014322916666666666 0.010416666666666666
0 0.04296875 0.849609375 0.013020833333333334 0.01171875
0 0.349609375 0.65234375 0.014322916666666666 0.010416666666666666
0 0.22721354166666666 0.6731770833333334 0.01171875 0.015625
0 0.09765625 0.4772135416666667 0.010416666666666666 0.009114583333333334