0 0.115234375 0.3619791666666667 0.040364583333333336 0.0390625
0 0.051432291666666664 0.5201822916666666 0.022135416666666668 0.022135416666666668
0 0.042317708333333336 0.9088541666666666 0.024739583333333332 0.0234375
0 0.11783854166666667 0.6009114583333334 0.11848958333333333 0.11588541666666667
0 0.3444010416666667 0.66796875 0.15234375 0.15625
0 0.038411458333333336 0.24739583333333334 0.016927083333333332 0.015625
0 0.134765625 0.189453125 0.01953125 0.01953125
0 0.057942708333333336 0.7643229166666666 0.016927083333333332 0.018229166666666668
0 0.5592447916666666 0.6796875 0.016927083333333332 0.015625
0 0.5768229166666666 0.59765625 0.0390625 0.036458333333333336
0 0.5130208333333334 0.533203125 0.015625 0.016927083333333332
0 0.5221354166666666 0.478515625 0.059895833333333336 0.055989583333333336
0 0.23307291666666666 0.4205729166666667 0.020833333333333332 0.020833333333333332
0 0.3098958333333333 0.4798177083333333 0.020833333333333332 0.022135416666666668
0 0.6842447916666666 0.5084635416666666 0.01953125 0.01953125
0 0.7545572916666666 0.451171875 0.022135416666666668 0.022135416666666668
0 0.544921875 0.328125 0.014322916666666666 0.015625
0 0.4856770833333333 0.3776041666666667 0.13020833333333334 0.13541666666666666
0 0.5983072916666666 0.30859375 0.022135416666666668 0.0234375
0 0.7884114583333334 0.55078125 0.045572916666666664 0.0390625
0 0.83984375 0.71484375 0.018229166666666668 0.018229166666666668
0 0.841796875 0.6087239583333334 0.07161458333333333 0.06640625
0 0.9251302083333334 0.6341145833333334 0.029947916666666668 0.03125
0 0.8984375 0.560546875 0.049479166666666664 0.05859375
0 0.8059895833333334 0.19270833333333334 0.0859375 0.09114583333333333
0 0.8235677083333334 0.3118489583333333 0.03515625 0.03515625
0 0.9244791666666666 0.326171875 0.0234375 0.01953125
0 0.9674479166666666 0.2643229166666667 0.033854166666666664 0.0390625
0 0.236328125 0.3020833333333333 0.016927083333333332 0.018229166666666668
0 0.14453125 0.061848958333333336 0.018229166666666668 0.014322916666666666
0 0.039713541666666664 0.028645833333333332 0.01953125 0.015625
0 0.017578125 0.9361979166666666 0.014322916666666666 0.015625
0 0.005859375 0.2903645833333333 0.009114583333333334 0.013020833333333334
0 0.036458333333333336 0.07877604166666667 0.013020833333333334 0.01953125
0 0.8743489583333334 0.048177083333333336 0.016927083333333332 0.015625
0 0.638671875 0.0859375 0.014322916666666666 0.013020833333333334
0 0.6360677083333334 0.2591145833333333 0.014322916666666666 0.013020833333333334
0 0.80078125 0.8626302083333334 0.013020833333333334 0.014322916666666666
0 0.8561197916666666 0.9876302083333334 0.01171875 0.014322916666666666
0 0.7115885416666666 0.026041666666666668 0.01171875 0.010416666666666666
0 0.6731770833333334 0.138671875 0.013020833333333334 0.01171875
0 0.7825520833333334 0.50390625 0.015625 0.013020833333333334
0 0.5188802083333334 0.068359375 0.01171875 0.014322916666666666
0 0.3307291666666667 0.01171875 0.015625 0.010416666666666666
0 0.30078125 0.11197916666666667 0.013020833333333334 0.015625
0 0.294921875 0.2825520833333333 0.01171875 0.013020833333333334
0 0.09375 0.8932291666666666 0.013020833333333334 0.013020833333333334