0 0.8385416666666666 0.15169270833333334 0.026041666666666668 0.02734375
0 0.7662760416666666 0.173828125 0.06901041666666667 0.06901041666666667
0 0.380859375 0.18684895833333334 0.029947916666666668 0.024739583333333332
0 0.3509114583333333 0.18033854166666666 0.02734375 0.022135416666666668
0 0.115234375 0.236328125 0.024739583333333332 0.022135416666666668
0 0.24544270833333334 0.28515625 0.01953125 0.020833333333333332
0 0.412109375 0.2740885416666667 0.09505208333333333 0.09244791666666667
0 0.2897135416666667 0.3951822916666667 0.024739583333333332 0.022135416666666668
0 0.3125 0.2532552083333333 0.015625 0.014322916666666666
0 0.3932291666666667 0.5579427083333334 0.028645833333333332 0.029947916666666668
0 0.142578125 0.548828125 0.01953125 0.016927083333333332
0 0.24283854166666666 0.6490885416666666 0.19921875 0.19140625
0 0.3587239583333333 0.7259114583333334 0.022135416666666668 0.01953125
0 0.057291666666666664 0.7180989583333334 0.018229166666666668 0.016927083333333332
0 0.06640625 0.6796875 0.13020833333333334 0.12239583333333333
0 0.4342447916666667 0.3704427083333333 0.06640625 0.06640625
0 0.5110677083333334 0.388671875 0.01171875 0.016927083333333332
0 0.20247395833333334 0.4427083333333333 0.05859375 0.0546875
0 0.7734375 0.5338541666666666 0.09895833333333333 0.1015625
0 0.24609375 0.20833333333333334 0.013020833333333334 0.013020833333333334
0 0.026692708333333332 0.4850260416666667 0.016927083333333332 0.014322916666666666
0 0.6725260416666666 0.3782552083333333 0.022135416666666668 0.024739583333333332
0 0.21875 0.6888020833333334 0.013020833333333334 0.015625
0 0.2584635416666667 0.8951822916666666 0.16796875 0.14973958333333334
0 0.8509114583333334 0.6868489583333334 0.04296875 0.040364583333333336
0 0.6438802083333334 0.7428385416666666 0.024739583333333332 0.022135416666666668
0 0.8424479166666666 0.8098958333333334 0.0625 0.059895833333333336
0 0.6940104166666666 0.296875 0.018229166666666668 0.018229166666666668
0 0.8502604166666666 0.3040364583333333 0.018229166666666668 0.016927083333333332
0 0.9680989583333334 0.2701822916666667 0.02734375 0.02734375
0 0.4817708333333333 0.024088541666666668 0.013020833333333334 0.01171875
0 0.08984375 0.4869791666666667 0.015625 0.013020833333333334
0 0.7135416666666666 0.7180989583333334 0.018229166666666668 0.016927083333333332
0 0.4069010416666667 0.046223958333333336 0.05078125 0.055989583333333336
0 0.9153645833333334 0.9166666666666666 0.16927083333333334 0.1484375
0 0.018880208333333332 0.19140625 0.009114583333333334 0.010416666666666666
0 0.030598958333333332 0.34765625 0.014322916666666666 0.013020833333333334
0 0.4680989583333333 0.900390625 0.04296875 0.045572916666666664
0 0.5911458333333334 0.5670572916666666 0.015625 0.01171875
0 0.8841145833333334 0.583984375 0.018229166666666668 0.016927083333333332
0 0.951171875 0.5904947916666666 0.006510416666666667 0.022135416666666668
0 0.18815104166666666 0.3001302083333333 0.01953125 0.016927083333333332
0 0.2845052083333333 0.2766927083333333 0.01171875 0.009114583333333334
0 0.28515625 0.2864583333333333 0.010416666666666666 0.0078125
0 0.30078125 0.22200520833333334 0.010416666666666666 0.009114583333333334
0 0.004557291666666667 0.08984375 0.006510416666666667 0.013020833333333334
0 0.055338541666666664 0.6419270833333334 0.01171875 0.010416666666666666
0 0.054036458333333336 0.7506510416666666 0.01171875 0.01171875
0 0.024739583333333332 0.7454427083333334 0.010416666666666666 0.009114583333333334
0 0.24544270833333334 0.7740885416666666 0.01171875 0.009114583333333334
0 0.20182291666666666 0.7369791666666666 0.013020833333333334 0.015625
0 0.244140625 0.7220052083333334 0.014322916666666666 0.014322916666666666
0 0.4772135416666667 0.6061197916666666 0.01171875 0.01171875
0 0.2630208333333333 0.7506510416666666 0.015625 0.016927083333333332
0 0.095703125 0.8346354166666666 0.01171875 0.013020833333333334
0 0.08072916666666667 0.8587239583333334 0.013020833333333334 0.009114583333333334
0 0.052734375 0.9192708333333334 0.01171875 0.010416666666666666
0 0.038411458333333336 0.9329427083333334 0.01171875 0.01171875
0 0.004557291666666667 0.8717447916666666 0.006510416666666667 0.016927083333333332
0 0.2766927083333333 0.9615885416666666 0.014322916666666666 0.014322916666666666
0 0.2766927083333333 0.9915364583333334 0.016927083333333332 0.016927083333333332
0 0.06705729166666667 0.9921875 0.037760416666666664 0.015625
0 0.17447916666666666 0.814453125 0.013020833333333334 0.01171875
0 0.15494791666666666 0.9049479166666666 0.013020833333333334 0.010416666666666666
0 0.5983072916666666 0.763671875 0.01171875 0.01171875
0 0.6360677083333334 0.7213541666666666 0.014322916666666666 0.013020833333333334
0 0.73046875 0.6015625 0.13802083333333334 0.11979166666666667
0 0.87109375 0.4733072916666667 0.041666666666666664 0.045572916666666664
0 0.9029947916666666 0.5670572916666666 0.01171875 0.01171875
0 0.9049479166666666 0.5553385416666666 0.013020833333333334 0.01171875
0 0.5970052083333334 0.02734375 0.13151041666666666 0.052083333333333336
0 0.751953125 0.013020833333333334 0.08203125 0.0234375
0 0.71875 0.3561197916666667 0.015625 0.014322916666666666
0 0.5690104166666666 0.20247395833333334 0.10677083333333333 0.08984375
0 0.265625 0.16731770833333334 0.033854166666666664 0.029947916666666668
0 0.9453125 0.20442708333333334 0.013020833333333334 0.015625
0 0.8157552083333334 0.041015625 0.01171875 0.014322916666666666
0 0.11588541666666667 0.026692708333333332 0.17447916666666666 0.048177083333333336