0 0.900390625 0.4798177083333333 0.13411458333333334 0.13671875
0 0.9830729166666666 0.193359375 0.018229166666666668 0.01953125
0 0.96875 0.3196614583333333 0.026041666666666668 0.02734375
0 0.9830729166666666 0.5436197916666666 0.03125 0.048177083333333336
0 0.6477864583333334 0.865234375 0.048177083333333336 0.05078125
0 0.5325520833333334 0.92578125 0.020833333333333332 0.0234375
0 0.20833333333333334 0.2721354166666667 0.049479166666666664 0.049479166666666664
0 0.11458333333333333 0.6282552083333334 0.1171875 0.11588541666666667
0 0.22526041666666666 0.07291666666666667 0.020833333333333332 0.026041666666666668
0 0.3515625 0.24609375 0.018229166666666668 0.018229166666666668
0 0.892578125 0.8391927083333334 0.01953125 0.022135416666666668
0 0.7727864583333334 0.23763020833333334 0.01171875 0.014322916666666666
0 0.6477864583333334 0.07747395833333333 0.01171875 0.014322916666666666
0 0.8658854166666666 0.9635416666666666 0.015625 0.018229166666666668
0 0.3053385416666667 0.5677083333333334 0.016927083333333332 0.018229166666666668
0 0.13997395833333334 0.236328125 0.024739583333333332 0.022135416666666668
0 0.5833333333333334 0.6731770833333334 0.013020833333333334 0.015625
0 0.673828125 0.4231770833333333 0.01171875 0.013020833333333334
0 0.28125 0.9381510416666666 0.013020833333333334 0.016927083333333332
0 0.7662760416666666 0.349609375 0.014322916666666666 0.014322916666666666
0 0.6881510416666666 0.5201822916666666 0.01171875 0.01171875
0 0.638671875 0.8125 0.01171875 0.010416666666666666
0 0.8665364583333334 0.4986979166666667 0.024739583333333332 0.026041666666666668
0 0.451171875 0.3255208333333333 0.009114583333333334 0.010416666666666666
0 0.17578125 0.07747395833333333 0.013020833333333334 0.01171875