0 0.1875 0.8561197916666666 0.046875 0.045572916666666664
0 0.13020833333333334 0.8587239583333334 0.026041666666666668 0.024739583333333332
0 0.046223958333333336 0.3782552083333333 0.014322916666666666 0.016927083333333332
0 0.111328125 0.4817708333333333 0.02734375 0.026041666666666668
0 0.2903645833333333 0.8118489583333334 0.018229166666666668 0.009114583333333334
0 0.3463541666666667 0.994140625 0.036458333333333336 0.01171875
0 0.4837239583333333 0.5319010416666666 0.02734375 0.022135416666666668
0 0.4303385416666667 0.390625 0.024739583333333332 0.026041666666666668
0 0.375 0.4231770833333333 0.046875 0.06510416666666667
0 0.22135416666666666 0.13802083333333334 0.078125 0.08072916666666667
0 0.06966145833333333 0.10481770833333333 0.08723958333333333 0.10807291666666667
0 0.045572916666666664 0.14322916666666666 0.013020833333333334 0.013020833333333334
0 0.4986979166666667 0.6295572916666666 0.09895833333333333 0.10026041666666667
0 0.556640625 0.5364583333333334 0.08463541666666667 0.078125
0 0.5768229166666666 0.5436197916666666 0.03125 0.032552083333333336
0 0.6204427083333334 0.484375 0.02734375 0.020833333333333332
0 0.7194010416666666 0.4036458333333333 0.11067708333333333 0.10416666666666667
0 0.62890625 0.169921875 0.3567708333333333 0.30859375
0 0.9420572916666666 0.022786458333333332 0.016927083333333332 0.01953125
0 0.8268229166666666 0.56640625 0.026041666666666668 0.026041666666666668
0 0.8365885416666666 0.6276041666666666 0.05859375 0.059895833333333336
0 0.6145833333333334 0.7708333333333334 0.0390625 0.03125
0 0.654296875 0.65234375 0.01953125 0.015625
0 0.7174479166666666 0.64453125 0.015625 0.013020833333333334
0 0.7298177083333334 0.89453125 0.02734375 0.033854166666666664
0 0.7109375 0.9270833333333334 0.015625 0.020833333333333332
0 0.75 0.9895833333333334 0.015625 0.013020833333333334
0 0.6328125 0.9375 0.140625 0.1171875
0 0.5182291666666666 0.7467447916666666 0.0078125 0.016927083333333332
0 0.4375 0.7317708333333334 0.015625 0.013020833333333334
0 0.4928385416666667 0.9563802083333334 0.016927083333333332 0.014322916666666666
0 0.2545572916666667 0.3639322916666667 0.014322916666666666 0.014322916666666666
0 0.291015625 0.287109375 0.016927083333333332 0.016927083333333332
0 0.3216145833333333 0.18880208333333334 0.026041666666666668 0.026041666666666668
0 0.3717447916666667 0.06575520833333333 0.02734375 0.029947916666666668
0 0.505859375 0.061848958333333336 0.022135416666666668 0.01953125
0 0.5384114583333334 0.1328125 0.016927083333333332 0.018229166666666668
0 0.6510416666666666 0.24869791666666666 0.026041666666666668 0.0234375
0 0.9811197916666666 0.6477864583333334 0.022135416666666668 0.01953125
0 0.951171875 0.724609375 0.014322916666666666 0.01953125
0 0.9505208333333334 0.6145833333333334 0.013020833333333334 0.018229166666666668
0 0.13671875 0.7350260416666666 0.013020833333333334 0.014322916666666666
0 0.036458333333333336 0.9869791666666666 0.018229166666666668 0.015625
0 0.06510416666666667 0.7975260416666666 0.13020833333333334 0.21484375
0 0.17057291666666666 0.06770833333333333 0.015625 0.0078125