0 0.9466145833333334 0.8307291666666666 0.041666666666666664 0.0390625
0 0.7200520833333334 0.271484375 0.026041666666666668 0.02734375
0 0.7708333333333334 0.154296875 0.0625 0.06380208333333333
0 0.9283854166666666 0.23111979166666666 0.026041666666666668 0.022135416666666668
0 0.8385416666666666 0.2740885416666667 0.018229166666666668 0.01953125
0 0.6484375 0.5247395833333334 0.026041666666666668 0.026041666666666668
0 0.51171875 0.5983072916666666 0.052083333333333336 0.055989583333333336
0 0.4778645833333333 0.287109375 0.0234375 0.01953125
0 0.4583333333333333 0.25 0.0234375 0.0234375
0 0.6438802083333334 0.03515625 0.029947916666666668 0.028645833333333332
0 0.267578125 0.22200520833333334 0.045572916666666664 0.045572916666666664
0 0.3118489583333333 0.28125 0.022135416666666668 0.020833333333333332
0 0.3248697916666667 0.3548177083333333 0.01953125 0.016927083333333332
0 0.43359375 0.4596354166666667 0.18229166666666666 0.20833333333333334
0 0.38671875 0.6100260416666666 0.036458333333333336 0.037760416666666664
0 0.4986979166666667 0.8209635416666666 0.026041666666666668 0.032552083333333336
0 0.5475260416666666 0.8834635416666666 0.09765625 0.10286458333333333
0 0.9602864583333334 0.681640625 0.02734375 0.024739583333333332
0 0.14908854166666666 0.3177083333333333 0.04296875 0.0390625
0 0.18880208333333334 0.4069010416666667 0.046875 0.04296875
0 0.13736979166666666 0.474609375 0.05859375 0.061197916666666664
0 0.126953125 0.86328125 0.024739583333333332 0.026041666666666668
0 0.16341145833333334 0.7897135416666666 0.01953125 0.022135416666666668
0 0.4427083333333333 0.9173177083333334 0.018229166666666668 0.016927083333333332
0 0.4140625 0.2610677083333333 0.013020833333333334 0.01953125
0 0.16666666666666666 0.07877604166666667 0.013020833333333334 0.01953125
0 0.923828125 0.9446614583333334 0.029947916666666668 0.01953125
0 0.7350260416666666 0.7727864583333334 0.03515625 0.02734375
0 0.7584635416666666 0.9290364583333334 0.17057291666666666 0.11848958333333333
0 0.9010416666666666 0.5924479166666666 0.1796875 0.2630208333333333
0 0.4954427083333333 0.716796875 0.12369791666666667 0.12369791666666667
0 0.4986979166666667 0.09244791666666667 0.013020833333333334 0.018229166666666668
0 0.279296875 0.6868489583333334 0.016927083333333332 0.016927083333333332
0 0.5240885416666666 0.017578125 0.045572916666666664 0.032552083333333336
0 0.8723958333333334 0.3196614583333333 0.015625 0.016927083333333332
0 0.283203125 0.5989583333333334 0.014322916666666666 0.013020833333333334
0 0.115234375 0.009114583333333334 0.03515625 0.013020833333333334