0 0.810546875 0.76171875 0.024739583333333332 0.0234375
0 0.6263020833333334 0.08723958333333333 0.028645833333333332 0.026041666666666668
0 0.86328125 0.03125 0.052083333333333336 0.041666666666666664
0 0.494140625 0.134765625 0.022135416666666668 0.022135416666666668
0 0.4518229166666667 0.13020833333333334 0.0390625 0.0390625
0 0.6477864583333334 0.007161458333333333 0.024739583333333332 0.01171875
0 0.5319010416666666 0.012369791666666666 0.03515625 0.022135416666666668
0 0.390625 0.042317708333333336 0.020833333333333332 0.01953125
0 0.3118489583333333 0.030598958333333332 0.022135416666666668 0.022135416666666668
0 0.4388020833333333 0.23893229166666666 0.0234375 0.022135416666666668
0 0.3971354166666667 0.119140625 0.03125 0.029947916666666668
0 0.12369791666666667 0.10872395833333333 0.057291666666666664 0.048177083333333336
0 0.3684895833333333 0.5651041666666666 0.026041666666666668 0.028645833333333332
0 0.6080729166666666 0.8111979166666666 0.013020833333333334 0.013020833333333334
0 0.611328125 0.5638020833333334 0.03515625 0.0390625
0 0.7819010416666666 0.3548177083333333 0.032552083333333336 0.032552083333333336
0 0.921875 0.08333333333333333 0.052083333333333336 0.0546875
0 0.169921875 0.6985677083333334 0.01953125 0.016927083333333332
0 0.169921875 0.6875 0.11067708333333333 0.09114583333333333
0 0.5345052083333334 0.6087239583333334 0.01953125 0.01953125
0 0.11197916666666667 0.5501302083333334 0.018229166666666668 0.01953125
0 0.02734375 0.11848958333333333 0.0390625 0.036458333333333336
0 0.5911458333333334 0.7805989583333334 0.018229166666666668 0.014322916666666666