0 0.033854166666666664 0.3424479166666667 0.049479166666666664 0.049479166666666664
0 0.3072916666666667 0.8815104166666666 0.0625 0.0625
0 0.4654947916666667 0.8502604166666666 0.01953125 0.026041666666666668
0 0.2845052083333333 0.9518229166666666 0.02734375 0.026041666666666668
0 0.7200520833333334 0.8111979166666666 0.020833333333333332 0.026041666666666668
0 0.6484375 0.8059895833333334 0.018229166666666668 0.018229166666666668
0 0.21484375 0.9700520833333334 0.026041666666666668 0.028645833333333332
0 0.7916666666666666 0.787109375 0.020833333333333332 0.022135416666666668
0 0.9055989583333334 0.7337239583333334 0.01953125 0.01953125
0 0.4518229166666667 0.8782552083333334 0.018229166666666668 0.016927083333333332
0 0.7115885416666666 0.7884114583333334 0.01953125 0.01953125
0 0.2890625 0.9921875 0.028645833333333332 0.015625
0 0.009114583333333334 0.224609375 0.015625 0.022135416666666668
0 0.21875 0.029296875 0.018229166666666668 0.014322916666666666
0 0.234375 0.20572916666666666 0.0703125 0.0625
0 0.4720052083333333 0.8821614583333334 0.01171875 0.014322916666666666