0 0.296875 0.20247395833333334 0.044270833333333336 0.032552083333333336
0 0.09830729166666667 0.380859375 0.02734375 0.029947916666666668
0 0.103515625 0.6028645833333334 0.14973958333333334 0.13020833333333334
0 0.15299479166666666 0.5735677083333334 0.040364583333333336 0.037760416666666664
0 0.29296875 0.7897135416666666 0.03125 0.02734375
0 0.7415364583333334 0.7708333333333334 0.053385416666666664 0.046875
0 0.7174479166666666 0.845703125 0.028645833333333332 0.029947916666666668
0 0.400390625 0.455078125 0.01953125 0.022135416666666668
0 0.01171875 0.15885416666666666 0.020833333333333332 0.0234375
0 0.5787760416666666 0.064453125 0.037760416666666664 0.040364583333333336
0 0.576171875 0.6022135416666666 0.01953125 0.01953125
0 0.767578125 0.6165364583333334 0.01953125 0.016927083333333332
0 0.318359375 0.6484375 0.022135416666666668 0.020833333333333332
0 0.892578125 0.6861979166666666 0.01953125 0.018229166666666668
0 0.595703125 0.7311197916666666 0.014322916666666666 0.016927083333333332
0 0.3932291666666667 0.892578125 0.020833333333333332 0.01953125
0 0.7265625 0.974609375 0.020833333333333332 0.01953125
0 0.798828125 0.685546875 0.01953125 0.01953125
0 0.6178385416666666 0.541015625 0.014322916666666666 0.014322916666666666
0 0.8157552083333334 0.498046875 0.014322916666666666 0.014322916666666666
0 0.8098958333333334 0.8528645833333334 0.013020833333333334 0.013020833333333334