0 0.12565104166666666 0.19596354166666666 0.029947916666666668 0.029947916666666668
0 0.375 0.330078125 0.0234375 0.01953125
0 0.039713541666666664 0.619140625 0.032552083333333336 0.029947916666666668
0 0.018880208333333332 0.54296875 0.014322916666666666 0.015625
0 0.439453125 0.6640625 0.029947916666666668 0.03125
0 0.6236979166666666 0.8313802083333334 0.06770833333333333 0.06901041666666667
0 0.2727864583333333 0.9329427083333334 0.032552083333333336 0.03515625
0 0.7044270833333334 0.203125 0.026041666666666668 0.026041666666666668
0 0.09505208333333333 0.763671875 0.018229166666666668 0.016927083333333332
0 0.443359375 0.8294270833333334 0.014322916666666666 0.013020833333333334
0 0.3841145833333333 0.818359375 0.049479166666666664 0.055989583333333336
0 0.11458333333333333 0.5826822916666666 0.078125 0.08463541666666667
0 0.2578125 0.3483072916666667 0.0390625 0.032552083333333336
0 0.09700520833333333 0.8138020833333334 0.014322916666666666 0.013020833333333334
0 0.6653645833333334 0.9440104166666666 0.020833333333333332 0.018229166666666668