0 0.8092447916666666 0.578125 0.01953125 0.020833333333333332
0 0.5501302083333334 0.07356770833333333 0.07161458333333333 0.07942708333333333
0 0.2923177083333333 0.19921875 0.02734375 0.03125
0 0.416015625 0.9440104166666666 0.053385416666666664 0.052083333333333336
0 0.8079427083333334 0.146484375 0.04296875 0.04296875
0 0.6067708333333334 0.8014322916666666 0.015625 0.014322916666666666
0 0.591796875 0.6002604166666666 0.014322916666666666 0.0234375
0 0.6276041666666666 0.6901041666666666 0.020833333333333332 0.013020833333333334
0 0.5501302083333334 0.9674479166666666 0.01953125 0.018229166666666668
0 0.4069010416666667 0.64453125 0.01953125 0.013020833333333334
0 0.22135416666666666 0.18880208333333334 0.026041666666666668 0.026041666666666668
0 0.607421875 0.4270833333333333 0.01953125 0.020833333333333332
0 0.927734375 0.11848958333333333 0.05859375 0.0546875
0 0.57421875 0.3743489583333333 0.015625 0.01953125
0 0.6276041666666666 0.37109375 0.018229166666666668 0.013020833333333334
0 0.134765625 0.06640625 0.016927083333333332 0.0234375
0 0.9720052083333334 0.12369791666666667 0.053385416666666664 0.08854166666666667
0 0.2766927083333333 0.53515625 0.014322916666666666 0.020833333333333332
0 0.5358072916666666 0.5703125 0.01953125 0.018229166666666668
0 0.34765625 0.98828125 0.020833333333333332 0.020833333333333332
0 0.705078125 0.93359375 0.014322916666666666 0.015625
0 0.5455729166666666 0.3333333333333333 0.015625 0.015625
0 0.55859375 0.349609375 0.015625 0.016927083333333332
0 0.640625 0.220703125 0.020833333333333332 0.016927083333333332