0 0.21875 0.7135416666666666 0.026041666666666668 0.026041666666666668
0 0.014322916666666666 0.943359375 0.020833333333333332 0.022135416666666668
0 0.26171875 0.9876302083333334 0.020833333333333332 0.01953125
0 0.028645833333333332 0.84375 0.0234375 0.026041666666666668
0 0.1875 0.697265625 0.020833333333333332 0.01953125
0 0.3229166666666667 0.6966145833333334 0.026041666666666668 0.03125
0 0.10026041666666667 0.4778645833333333 0.015625 0.0234375
0 0.3229166666666667 0.3717447916666667 0.026041666666666668 0.01953125
0 0.4453125 0.265625 0.0234375 0.0234375
0 0.21614583333333334 0.3606770833333333 0.0859375 0.08072916666666667
0 0.3658854166666667 0.4029947916666667 0.09895833333333333 0.10026041666666667
0 0.326171875 0.5208333333333334 0.01953125 0.018229166666666668
0 0.6686197916666666 0.5338541666666666 0.01953125 0.020833333333333332
0 0.642578125 0.22200520833333334 0.037760416666666664 0.032552083333333336
0 0.6686197916666666 0.4602864583333333 0.014322916666666666 0.016927083333333332
0 0.775390625 0.25390625 0.022135416666666668 0.020833333333333332
0 0.6197916666666666 0.7421875 0.013020833333333334 0.013020833333333334
0 0.8977864583333334 0.3509114583333333 0.04296875 0.048177083333333336
0 0.931640625 0.22526041666666666 0.032552083333333336 0.0390625
0 0.07291666666666667 0.061197916666666664 0.12239583333333333 0.10677083333333333
0 0.4563802083333333 0.19596354166666666 0.01953125 0.01953125
0 0.4694010416666667 0.23502604166666666 0.01953125 0.01953125
0 0.498046875 0.283203125 0.024739583333333332 0.022135416666666668
0 0.21744791666666666 0.07161458333333333 0.15885416666666666 0.125
0 0.349609375 0.10416666666666667 0.10286458333333333 0.109375
0 0.4700520833333333 0.09440104166666667 0.06510416666666667 0.06380208333333333
0 0.5677083333333334 0.11002604166666667 0.0703125 0.055989583333333336
0 0.6263020833333334 0.044921875 0.0859375 0.07421875
0 0.916015625 0.14192708333333334 0.032552083333333336 0.0234375
0 0.8704427083333334 0.25390625 0.11848958333333333 0.11197916666666667
0 0.962890625 0.07877604166666667 0.016927083333333332 0.01953125
0 0.04296875 0.69921875 0.013020833333333334 0.013020833333333334
0 0.6647135416666666 0.3860677083333333 0.045572916666666664 0.05078125
0 0.439453125 0.6796875 0.01171875 0.015625
0 0.8756510416666666 0.61328125 0.014322916666666666 0.013020833333333334
0 0.873046875 0.4772135416666667 0.014322916666666666 0.016927083333333332
0 0.685546875 0.4368489583333333 0.014322916666666666 0.014322916666666666
0 0.818359375 0.9739583333333334 0.01171875 0.013020833333333334