0 0.7454427083333334 0.6901041666666666 0.015625 0.016927083333333332
0 0.677734375 0.7389322916666666 0.013020833333333334 0.013020833333333334
0 0.9153645833333334 0.6764322916666666 0.015625 0.015625
0 0.9518229166666666 0.7252604166666666 0.015625 0.016927083333333332
0 0.8346354166666666 0.7513020833333334 0.013020833333333334 0.014322916666666666
0 0.7942708333333334 0.7428385416666666 0.013020833333333334 0.014322916666666666
0 0.8645833333333334 0.7174479166666666 0.014322916666666666 0.014322916666666666
0 0.037109375 0.22916666666666666 0.014322916666666666 0.014322916666666666
0 0.6686197916666666 0.6145833333333334 0.016927083333333332 0.016927083333333332
0 0.016276041666666668 0.330078125 0.016927083333333332 0.018229166666666668
0 0.9114583333333334 0.7903645833333334 0.015625 0.015625
0 0.345703125 0.9641927083333334 0.016927083333333332 0.018229166666666668
0 0.4036458333333333 0.6985677083333334 0.015625 0.015625
0 0.99609375 0.7122395833333334 0.0078125 0.013020833333333334
0 0.31640625 0.8561197916666666 0.018229166666666668 0.018229166666666668
0 0.016927083333333332 0.5208333333333334 0.015625 0.016927083333333332
0 0.042317708333333336 0.4602864583333333 0.01953125 0.020833333333333332
0 0.9973958333333334 0.7630208333333334 0.005208333333333333 0.015625
0 0.69140625 0.6178385416666666 0.014322916666666666 0.014322916666666666
0 0.19921875 0.9173177083333334 0.013020833333333334 0.014322916666666666
0 0.96875 0.689453125 0.015625 0.018229166666666668
0 0.8235677083333334 0.6647135416666666 0.016927083333333332 0.016927083333333332
0 0.032552083333333336 0.005859375 0.015625 0.01171875
0 0.5696614583333334 0.6848958333333334 0.01171875 0.01171875
0 0.234375 0.9127604166666666 0.018229166666666668 0.018229166666666668
0 0.24088541666666666 0.6315104166666666 0.0234375 0.024739583333333332
0 0.81640625 0.7799479166666666 0.015625 0.018229166666666668
0 0.12044270833333333 0.7669270833333334 0.013020833333333334 0.013020833333333334
0 0.3391927083333333 0.7981770833333334 0.020833333333333332 0.022135416666666668
0 0.9622395833333334 0.8580729166666666 0.024739583333333332 0.03125
0 0.018229166666666668 0.7740885416666666 0.014322916666666666 0.014322916666666666
0 0.06380208333333333 0.4010416666666667 0.013020833333333334 0.013020833333333334
0 0.248046875 0.6953125 0.022135416666666668 0.0234375
0 0.041666666666666664 0.3053385416666667 0.014322916666666666 0.013020833333333334
0 0.4055989583333333 0.7578125 0.01953125 0.018229166666666668
0 0.9401041666666666 0.994140625 0.0234375 0.01171875
0 0.064453125 0.029296875 0.018229166666666668 0.018229166666666668
0 0.115234375 0.326171875 0.01171875 0.01171875
0 0.044921875 0.5618489583333334 0.018229166666666668 0.01953125
0 0.16666666666666666 0.7506510416666666 0.029947916666666668 0.029947916666666668
0 0.9055989583333334 0.642578125 0.014322916666666666 0.014322916666666666
0 0.7571614583333334 0.8157552083333334 0.014322916666666666 0.013020833333333334
0 0.5078125 0.6953125 0.01171875 0.01171875
0 0.9661458333333334 0.748046875 0.014322916666666666 0.015625
0 0.07096354066666667 0.6569010416666666 0.14192708333333334 0.15494791666666666
0 0.011067708333333334 0.5911458333333334 0.018229166666666668 0.01953125
0 0.060546875 0.8580729166666666 0.018229166666666668 0.018229166666666668
0 0.0390625 0.19596354166666666 0.014322916666666666 0.015625
0 0.681640625 0.8444010416666666 0.024739583333333332 0.0234375
0 0.3079427083333333 0.9720052083333334 0.028645833333333332 0.03125
0 0.4348958333333333 0.9915364583333334 0.018229166666666668 0.016927083333333332
0 0.23111979166666666 0.7760416666666666 0.0234375 0.0234375
0 0.045572916666666664 0.4049479166666667 0.014322916666666666 0.015625
0 0.24544270833333334 0.8333333333333334 0.033854166666666664 0.03125
0 0.130859375 0.3645833333333333 0.013020833333333334 0.014322916666666666
0 0.06640625 0.837890625 0.018229166666666668 0.018229166666666668
0 0.04127604166666666 0.9856770833333334 0.07161458333333333 0.028645833333333332