0 0.85546875 0.5638020833333334 0.0390625 0.026041666666666668
0 0.1015625 0.7122395833333334 0.046875 0.041666666666666664
0 0.3072916666666667 0.8411458333333334 0.0390625 0.044270833333333336
0 0.2721354166666667 0.9186197916666666 0.03125 0.045572916666666664
0 0.7233072916666666 0.537109375 0.037760416666666664 0.029947916666666668
0 0.13020833333333334 0.3216145833333333 0.0390625 0.036458333333333336
0 0.138671875 0.224609375 0.05078125 0.048177083333333336
0 0.0390625 0.09505208333333333 0.026041666666666668 0.026041666666666668
0 0.06901041666666667 0.036458333333333336 0.018229166666666668 0.013020833333333334
0 0.37890625 0.759765625 0.028645833333333332 0.024739583333333332
0 0.8053385416666666 0.5553385416666666 0.016927083333333332 0.01953125
0 0.4752604166666667 0.2513020833333333 0.026041666666666668 0.026041666666666668
0 0.3776041666666667 0.8053385416666666 0.026041666666666668 0.024739583333333332
0 0.330078125 0.3606770833333333 0.016927083333333332 0.015625
0 0.703125 0.345703125 0.14322916666666666 0.13671875
0 0.78125 0.353515625 0.0390625 0.032552083333333336
0 0.6783854166666666 0.08203125 0.0234375 0.026041666666666668
0 0.9381510416666666 0.072265625 0.09244791666666667 0.09765625
0 0.3645833333333333 0.23567708333333334 0.013020833333333334 0.018229166666666668
0 0.6100260416666666 0.640625 0.022135416666666668 0.0234375
0 0.2610677083333333 0.697265625 0.014322916666666666 0.01953125
0 0.712890625 0.4713541666666667 0.01953125 0.015625
0 0.3873697916666667 0.9680989583333334 0.01953125 0.014322916666666666
0 0.8235677083333334 0.7154947916666666 0.07161458333333333 0.06901041666666667
0 0.7063802083333334 0.6946614583333334 0.01953125 0.01953125
0 0.06315104166666667 0.765625 0.009114583333333334 0.013020833333333334
0 0.853515625 0.9342447916666666 0.024739583333333332 0.022135416666666668
0 0.7454427083333334 0.5494791666666666 0.01953125 0.015625
0 0.7565104166666666 0.5755208333333334 0.015625 0.015625
0 0.9036458333333334 0.5026041666666666 0.018229166666666668 0.018229166666666668
0 0.869140625 0.5345052083333334 0.01953125 0.01953125
0 0.4440104166666667 0.6360677083333334 0.3541666666666667 0.30078125
0 0.3619791666666667 0.14127604166666666 0.3697916666666667 0.24088541666666666
0 0.23372395833333334 0.396484375 0.045572916666666664 0.048177083333333336
0 0.09440104166666667 0.8795572916666666 0.01953125 0.01953125
0 0.62890625 0.8912760416666666 0.018229166666666668 0.016927083333333332
0 0.052734375 0.4498697916666667 0.014322916666666666 0.01953125
0 0.9837239583333334 0.89453125 0.024739583333333332 0.036458333333333336
0 0.5013020833333334 0.2766927083333333 0.028645833333333332 0.02734375
0 0.08528645833333333 0.515625 0.016927083333333332 0.013020833333333334
0 0.5670572916666666 0.3736979166666667 0.01171875 0.013020833333333334
0 0.4479166666666667 0.3704427083333333 0.013020833333333334 0.01171875
0 0.47265625 0.5911458333333334 0.013020833333333334 0.013020833333333334
0 0.4817708333333333 0.5625 0.013020833333333334 0.013020833333333334
0 0.9329427083333334 0.8450520833333334 0.01171875 0.015625
0 0.5078125 0.8346354166666666 0.013020833333333334 0.010416666666666666
0 0.6276041666666666 0.8235677083333334 0.010416666666666666 0.01171875
0 0.5950520833333334 0.8411458333333334 0.013020833333333334 0.010416666666666666
0 0.48046875 0.8170572916666666 0.010416666666666666 0.01171875
0 0.9479166666666666 0.7265625 0.015625 0.018229166666666668
0 0.9759114583333334 0.65234375 0.01171875 0.013020833333333334
0 0.8177083333333334 0.59765625 0.013020833333333334 0.010416666666666666
0 0.032552083333333336 0.7805989583333334 0.015625 0.01171875
0 0.061848958333333336 0.72265625 0.014322916666666666 0.010416666666666666
0 0.7669270833333334 0.251953125 0.013020833333333334 0.01171875
0 0.8326822916666666 0.4661458333333333 0.01171875 0.010416666666666666