0 0.3854166666666667 0.09505208333333333 0.028645833333333332 0.026041666666666668
0 0.3815104166666667 0.634765625 0.059895833333333336 0.048177083333333336
0 0.033854166666666664 0.6061197916666666 0.0234375 0.01953125
0 0.166015625 0.6438802083333334 0.07161458333333333 0.07421875
0 0.125 0.7037760416666666 0.026041666666666668 0.032552083333333336
0 0.6223958333333334 0.16731770833333334 0.020833333333333332 0.02734375
0 0.8274739583333334 0.3880208333333333 0.05078125 0.052083333333333336
0 0.8854166666666666 0.2903645833333333 0.026041666666666668 0.026041666666666668
0 0.291015625 0.5084635416666666 0.022135416666666668 0.01953125
0 0.21549479166666666 0.2903645833333333 0.18359375 0.1953125
0 0.07942708333333333 0.287109375 0.0546875 0.07161458333333333
0 0.024088541666666668 0.5162760416666666 0.045572916666666664 0.08463541666666667
0 0.6673177083333334 0.6731770833333334 0.01953125 0.036458333333333336
0 0.8951822916666666 0.6549479166666666 0.05859375 0.052083333333333336
0 0.9309895833333334 0.8561197916666666 0.078125 0.07421875
0 0.3912760416666667 0.833984375 0.037760416666666664 0.032552083333333336
0 0.5045572916666666 0.962890625 0.01953125 0.022135416666666668
0 0.603515625 0.6360677083333334 0.016927083333333332 0.014322916666666666
0 0.8138020833333334 0.9075520833333334 0.026041666666666668 0.015625
0 0.7981770833333334 0.8098958333333334 0.020833333333333332 0.015625
0 0.80078125 0.8567708333333334 0.013020833333333334 0.013020833333333334
0 0.19596354166666666 0.974609375 0.053385416666666664 0.040364583333333336
0 0.482421875 0.271484375 0.014322916666666666 0.014322916666666666
0 0.7688802083333334 0.287109375 0.18359375 0.18880208333333334
0 0.7877604166666666 0.3313802083333333 0.013020833333333334 0.016927083333333332
0 0.6184895833333334 0.486328125 0.013020833333333334 0.014322916666666666
0 0.7526041666666666 0.8567708333333334 0.018229166666666668 0.013020833333333334
0 0.3151041666666667 0.375 0.20833333333333334 0.18229166666666666
0 0.53125 0.90234375 0.020833333333333332 0.013020833333333334
0 0.2584635416666667 0.78515625 0.009114583333333334 0.013020833333333334
0 0.9622395833333334 0.927734375 0.018229166666666668 0.016927083333333332
0 0.052083333333333336 0.8626302083333334 0.018229166666666668 0.01171875
0 0.039713541666666664 0.6888020833333334 0.01171875 0.015625
0 0.2897135416666667 0.038411458333333336 0.016927083333333332 0.014322916666666666
0 0.361328125 0.041666666666666664 0.016927083333333332 0.013020833333333334
0 0.296875 0.5221354166666666 0.140625 0.125
0 0.8932291666666666 0.16145833333333334 0.018229166666666668 0.020833333333333332
0 0.6295572916666666 0.5286458333333334 0.01953125 0.020833333333333332