0 0.026041666666666668 0.337890625 0.052083333333333336 0.12109375
0 0.8489583333333334 0.24088541666666666 0.3020833333333333 0.4817708333333333
0 0.7933463541666667 0.5296875 0.0756249999999999 0.08651041666666674
0 0.8443489583333333 0.6132291666666667 0.06477864583333333 0.05394531249999993
0 0.9921875 0.08984375 0.015625 0.041666666666666664
0 0.9889322916666666 0.12434895833333333 0.022135416666666668 0.024739583333333332
0 0.9517578125 0.3148828125 0.04522135416666669 0.03884114583333335
0 0.70546875 0.28125 0.034414062500000085 0.03667968750000002
0 0.9376562499999999 0.637109375 0.03437500000000012 0.03223958333333332
0 0.6327734375 0.9018229166666667 0.04962239583333335 0.04953124999999995
0 0.013671875 0.77734375 0.02734375 0.036458333333333336
0 0.4791666666666667 0.008463541666666666 0.033854166666666664 0.016927083333333332
0 0.3990885416666667 0.010416666666666666 0.04296875 0.020833333333333332
0 0.46134114583333324 0.3279036458333333 0.032278645833333286 0.025807291666666694
0 0.5796093750000001 0.38757812500000005 0.03444010416666673 0.03664062499999998
0 0.8877473958333333 0.8519140625 0.03872395833333334 0.04519531250000005
0 0.8996744791666668 0.8920572916666667 0.036549479166666586 0.03433593749999986
0 0.8888281249999999 0.943046875 0.04089843750000011 0.03216145833333339
0 0.9604427083333332 0.8768750000000001 0.03220052083333336 0.029999999999999954