0 0.13802083333333334 0.4759114583333333 0.033854166666666664 0.032552083333333336
0 0.212890625 0.6940104166666666 0.040364583333333336 0.0390625
0 0.404296875 0.17578125 0.08463541666666667 0.09635416666666667
0 0.642578125 0.7102864583333334 0.032552083333333336 0.032552083333333336
0 0.708984375 0.3678385416666667 0.048177083333333336 0.053385416666666664
0 0.8619791666666666 0.08723958333333333 0.09375 0.11458333333333333
0 0.8404947916666666 0.8001302083333334 0.032552083333333336 0.029947916666666668
0 0.16666666666666666 0.94140625 0.013020833333333334 0.013020833333333334
0 0.6907552083333334 0.287109375 0.01953125 0.01953125
0 0.40234375 0.018229166666666668 0.06510416666666667 0.036458333333333336
0 0.2877604166666667 0.8997395833333334 0.015625 0.015625
0 0.21744791666666666 0.24153645833333334 0.024739583333333332 0.03125
0 0.4733072916666667 0.7018229166666666 0.02734375 0.029947916666666668
0 0.06315104166666667 0.19010416666666666 0.016927083333333332 0.018229166666666668
0 0.6588541666666666 0.64453125 0.015625 0.016927083333333332
0 0.9231770833333334 0.3157552083333333 0.020833333333333332 0.022135416666666668
0 0.5963541666666666 0.51171875 0.014322916666666666 0.015625
0 0.16927083333333334 0.9401041666666666 0.013020833333333334 0.013020833333333334
0 0.689453125 0.12044270833333333 0.015625 0.016927083333333332
0 0.76171875 0.84765625 0.015625 0.016927083333333332
0 0.3151041666666667 0.7213541666666666 0.01171875 0.013020833333333334
0 0.3372395833333333 0.9817708333333334 0.013020833333333334 0.013020833333333334
0 0.2109375 0.4713541666666667 0.010416666666666666 0.013020833333333334
0 0.043619791666666664 0.7317708333333334 0.01171875 0.013020833333333334
0 0.056640625 0.873046875 0.014322916666666666 0.015625
0 0.16536458333333334 0.8216145833333334 0.01171875 0.013020833333333334
0 0.09505208333333333 0.6184895833333334 0.010416666666666666 0.01171875
0 0.51953125 0.9270833333333334 0.010416666666666666 0.010416666666666666
0 0.2838541666666667 0.9420572916666666 0.010416666666666666 0.01171875