0 0.12369791666666667 0.5950520833333334 0.044270833333333336 0.049479166666666664
0 0.16731770833333334 0.388671875 0.022135416666666668 0.022135416666666668
0 0.031901041666666664 0.904296875 0.048177083333333336 0.04296875
0 0.1015625 0.9205729166666666 0.026041666666666668 0.028645833333333332
0 0.263671875 0.8333333333333334 0.029947916666666668 0.020833333333333332
0 0.19791666666666666 0.6223958333333334 0.036458333333333336 0.0390625
0 0.2799479166666667 0.9290364583333334 0.0234375 0.022135416666666668
0 0.3873697916666667 0.8463541666666666 0.024739583333333332 0.03125
0 0.4361979166666667 0.8209635416666666 0.041666666666666664 0.037760416666666664
0 0.5729166666666666 0.7473958333333334 0.026041666666666668 0.026041666666666668
0 0.22786458333333334 0.3704427083333333 0.036458333333333336 0.03515625
0 0.375 0.2838541666666667 0.026041666666666668 0.026041666666666668
0 0.6145833333333334 0.5494791666666666 0.0234375 0.0234375
0 0.8671875 0.5768229166666666 0.049479166666666664 0.0546875
0 0.7884114583333334 0.419921875 0.032552083333333336 0.024739583333333332
0 0.8502604166666666 0.787109375 0.026041666666666668 0.029947916666666668
0 0.9055989583333334 0.8111979166666666 0.01953125 0.026041666666666668
0 0.970703125 0.4192708333333333 0.05859375 0.06770833333333333
0 0.6516927083333334 0.09049479166666667 0.07421875 0.08723958333333333
0 0.3743489583333333 0.5364583333333334 0.014322916666666666 0.015625
0 0.728515625 0.12369791666666667 0.12630208333333334 0.13802083333333334
0 0.7428385416666666 0.060546875 0.016927083333333332 0.022135416666666668
0 0.8326822916666666 0.041666666666666664 0.01953125 0.015625
0 0.9134114583333334 0.07747395833333333 0.016927083333333332 0.016927083333333332
0 0.6731770833333334 0.6966145833333334 0.015625 0.018229166666666668
0 0.7037760416666666 0.78515625 0.014322916666666666 0.018229166666666668
0 0.9186197916666666 0.18229166666666666 0.014322916666666666 0.015625
0 0.623046875 0.90625 0.07942708333333333 0.10677083333333333
0 0.76171875 0.06966145833333333 0.018229166666666668 0.016927083333333332
0 0.7981770833333334 0.050130208333333336 0.013020833333333334 0.01171875
0 0.7819010416666666 0.10611979166666667 0.22526041666666666 0.20182291666666666
0 0.73828125 0.24088541666666666 0.018229166666666668 0.015625
0 0.5221354166666666 0.974609375 0.07291666666666667 0.048177083333333336
0 0.61328125 0.9635416666666666 0.015625 0.015625
0 0.373046875 0.8326822916666666 0.014322916666666666 0.01953125
0 0.0859375 0.6106770833333334 0.015625 0.018229166666666668
0 0.09830729166666667 0.64453125 0.014322916666666666 0.015625
0 0.5651041666666666 0.48828125 0.018229166666666668 0.018229166666666668
0 0.56640625 0.7083333333333334 0.015625 0.015625
0 0.74609375 0.6002604166666666 0.013020833333333334 0.013020833333333334
0 0.9231770833333334 0.2916666666666667 0.013020833333333334 0.013020833333333334
0 0.955078125 0.3079427083333333 0.014322916666666666 0.014322916666666666
0 0.3053385416666667 0.42578125 0.014322916666666666 0.015625
0 0.3151041666666667 0.24283854166666666 0.015625 0.016927083333333332
0 0.11783854166666667 0.21158854166666666 0.014322916666666666 0.014322916666666666
0 0.412109375 0.23111979166666666 0.01171875 0.01171875