0 0.3697916666666667 0.14453125 0.20963541666666666 0.21484375
0 0.501953125 0.6927083333333334 0.07682291666666667 0.09895833333333333
0 0.3255208333333333 0.9186197916666666 0.0546875 0.06640625
0 0.8548177083333334 0.869140625 0.044270833333333336 0.044270833333333336
0 0.9791666666666666 0.2994791666666667 0.041666666666666664 0.059895833333333336
0 0.9928385416666666 0.051432291666666664 0.014322916666666666 0.037760416666666664
0 0.16145833333333334 0.57421875 0.024739583333333332 0.02734375
0 0.022786458333333332 0.9602864583333334 0.032552083333333336 0.0390625
0 0.013671875 0.2109375 0.02734375 0.0390625
0 0.006510416666666667 0.169921875 0.013020833333333334 0.032552083333333336
0 0.951171875 0.943359375 0.02734375 0.02734375
0 0.5904947916666666 0.064453125 0.032552083333333336 0.032552083333333336
0 0.830078125 0.0703125 0.02734375 0.022135416666666668
0 0.62890625 0.734375 0.032552083333333336 0.0390625
0 0.5794270833333334 0.7864583333333334 0.022135416666666668 0.022135416666666668
0 0.53515625 0.3509114583333333 0.022135416666666668 0.022135416666666668
0 0.3365885416666667 0.560546875 0.022135416666666668 0.022135416666666668
0 0.125 0.986328125 0.0390625 0.02734375
0 0.015625 0.5319010416666666 0.029947916666666668 0.026041666666666668
0 0.7610677083333334 0.5833333333333334 0.02734375 0.03125
0 0.396484375 0.6432291666666666 0.029947916666666668 0.029947916666666668
0 0.055989583333333336 0.833984375 0.024739583333333332 0.028645833333333332
0 0.603515625 0.3984375 0.029947916666666668 0.032552083333333336
0 0.8014322916666666 0.19140625 0.036458333333333336 0.03515625
0 0.9231770833333334 0.16861979166666666 0.040364583333333336 0.03515625
0 0.9837239583333334 0.14518229166666666 0.032552083333333336 0.024739583333333332
0 0.8990885416666666 0.22526041666666666 0.029947916666666668 0.028645833333333332
0 0.8411458333333334 0.376953125 0.040364583333333336 0.037760416666666664
0 0.9576822916666666 0.005859375 0.045572916666666664 0.01171875