0 0.93359375 0.7259114583333334 0.032552083333333336 0.032552083333333336
0 0.5885416666666666 0.5924479166666666 0.033854166666666664 0.03125
0 0.84765625 0.005859375 0.028645833333333332 0.01171875
0 0.9309895833333334 0.044270833333333336 0.02734375 0.02734375
0 0.9934895833333334 0.62109375 0.013020833333333334 0.036458333333333336
0 0.8509114583333334 0.7662760416666666 0.02734375 0.026041666666666668
0 0.6647135416666666 0.09830729166666667 0.044270833333333336 0.046875
0 0.736328125 0.443359375 0.03515625 0.03515625
0 0.029947916666666668 0.15755208333333334 0.032552083333333336 0.032552083333333336
0 0.059895833333333336 0.953125 0.037760416666666664 0.0390625
0 0.6126302083333334 0.21158854166666666 0.032552083333333336 0.03125
0 0.0078125 0.81640625 0.015625 0.033854166666666664
0 0.8541666666666666 0.5279947916666666 0.040364583333333336 0.040364583333333336
0 0.12044270833333333 0.546875 0.044270833333333336 0.041666666666666664
0 0.032552083333333336 0.8899739583333334 0.029947916666666668 0.029947916666666668
0 0.443359375 0.4694010416666667 0.032552083333333336 0.03125
0 0.009765625 0.2890625 0.01953125 0.044270833333333336
0 0.053385416666666664 0.4186197916666667 0.032552083333333336 0.03125
0 0.05078125 0.041666666666666664 0.048177083333333336 0.049479166666666664
0 0.034505208333333336 0.73046875 0.036458333333333336 0.03515625
0 0.6341145833333334 0.7141927083333334 0.049479166666666664 0.048177083333333336
0 0.751953125 0.9889322916666666 0.032552083333333336 0.022135416666666668
0 0.193359375 0.013020833333333334 0.02734375 0.026041666666666668
0 0.9921875 0.01171875 0.015625 0.0234375
0 0.2903645833333333 0.263671875 0.052083333333333336 0.044270833333333336
0 0.9856770833333334 0.5768229166666666 0.028645833333333332 0.041666666666666664
0 0.6907552083333334 0.6705729166666666 0.029947916666666668 0.029947916666666668
0 0.3932291666666667 0.4309895833333333 0.040364583333333336 0.037760416666666664
0 0.3098958333333333 0.18229166666666666 0.044270833333333336 0.04296875
0 0.6321614583333334 0.2955729166666667 0.049479166666666664 0.05078125
0 0.5104166666666666 0.07747395833333333 0.040364583333333336 0.04296875
0 0.5540364583333334 0.9303385416666666 0.053385416666666664 0.05078125
0 0.205078125 0.791015625 0.024739583333333332 0.026041666666666668
0 0.7838541666666666 0.490234375 0.03125 0.028645833333333332
0 0.548828125 0.88671875 0.028645833333333332 0.02734375
0 0.22330729166666666 0.7506510416666666 0.029947916666666668 0.029947916666666668
0 0.056640625 0.6484375 0.049479166666666664 0.049479166666666664
0 0.5032552083333334 0.6712239583333334 0.02734375 0.028645833333333332
0 0.19075520833333334 0.13671875 0.04296875 0.048177083333333336
0 0.15494791666666666 0.7493489583333334 0.08072916666666667 0.08203125
0 0.8639322916666666 0.16015625 0.061197916666666664 0.06510416666666667
0 0.076171875 0.6803385416666666 0.041666666666666664 0.037760416666666664
0 0.9739583333333334 0.890625 0.052083333333333336 0.0625
0 0.7076822916666666 0.3190104166666667 0.08723958333333333 0.07421875
0 0.853515625 0.947265625 0.15494791666666666 0.10546875
0 0.2643229166666667 0.5026041666666666 0.13020833333333334 0.10026041666666667
0 0.3352864583333333 0.822265625 0.18229166666666666 0.1796875