0 0.40234375 0.671875 0.026041666666666668 0.024739583333333332
0 0.9375 0.095703125 0.026041666666666668 0.0234375
0 0.4947916666666667 0.4342447916666667 0.02734375 0.024739583333333332
0 0.4759114583333333 0.9837239583333334 0.029947916666666668 0.032552083333333336
0 0.625 0.2936197916666667 0.02734375 0.02734375
0 0.8391927083333334 0.37890625 0.02734375 0.02734375
0 0.525390625 0.84765625 0.032552083333333336 0.032552083333333336
0 0.3125 0.8606770833333334 0.033854166666666664 0.033854166666666664
0 0.115234375 0.02734375 0.0234375 0.0234375
0 0.689453125 0.900390625 0.03125 0.03125
0 0.045572916666666664 0.3333333333333333 0.026041666666666668 0.026041666666666668
0 0.7760416666666666 0.12044270833333333 0.022135416666666668 0.01953125
0 0.4733072916666667 0.134765625 0.032552083333333336 0.032552083333333336
0 0.3997395833333333 0.11979166666666667 0.028645833333333332 0.02734375
0 0.5013020833333334 0.087890625 0.024739583333333332 0.0234375
0 0.748046875 0.6783854166666666 0.028645833333333332 0.028645833333333332
0 0.13606770833333334 0.9283854166666666 0.03515625 0.03515625
0 0.677734375 0.3209635416666667 0.026041666666666668 0.032552083333333336
0 0.779296875 0.49609375 0.028645833333333332 0.026041666666666668
0 0.8528645833333334 0.8352864583333334 0.02734375 0.02734375
0 0.5690104166666666 0.6080729166666666 0.028645833333333332 0.026041666666666668
0 0.17252604166666666 0.6243489583333334 0.036458333333333336 0.03515625
0 0.022135416666666668 0.9772135416666666 0.02734375 0.028645833333333332
0 0.4752604166666667 0.53515625 0.03125 0.028645833333333332
0 0.322265625 0.5501302083333334 0.03125 0.026041666666666668
0 0.2591145833333333 0.0703125 0.020833333333333332 0.020833333333333332
0 0.5944010416666666 0.693359375 0.03515625 0.036458333333333336
0 0.181640625 0.9889322916666666 0.037760416666666664 0.022135416666666668
0 0.11197916666666667 0.076171875 0.03515625 0.03515625
0 0.708984375 0.181640625 0.03515625 0.04296875
0 0.33203125 0.974609375 0.036458333333333336 0.03515625
0 0.734375 0.96484375 0.045572916666666664 0.046875
0 0.4108072916666667 0.916015625 0.03125 0.036458333333333336
0 0.5078125 0.4993489583333333 0.036458333333333336 0.03515625
0 0.07877604166666667 0.4075520833333333 0.026041666666666668 0.02734375
0 0.7454427083333334 0.4283854166666667 0.049479166666666664 0.045572916666666664
0 0.3697916666666667 0.44921875 0.0234375 0.0234375
0 0.8567708333333334 0.3307291666666667 0.03515625 0.02734375
0 0.7493489583333334 0.5852864583333334 0.041666666666666664 0.03125
0 0.8671875 0.525390625 0.04296875 0.037760416666666664
0 0.2570614583333333 0.3528645833333333 0.2825520833333333 0.2838541666666667