0 0.7076822916666666 0.9375 0.3606770833333333 0.125
0 0.6462760416666667 0.46218750000000003 0.19483072916666658 0.17095052083333329
0 0.958984375 0.6653645833333334 0.08203125 0.2109375
0 0.9700520833333334 0.05078125 0.059895833333333336 0.1015625
0 0.046223958333333336 0.57421875 0.09244791666666667 0.203125
0 0.1467057291666667 0.3177473958333333 0.15179687499999997 0.13505208333333338
0 0.083984375 0.9752604166666666 0.07161458333333333 0.049479166666666664
0 0.037929687499999996 0.8889713541666667 0.057005208333333335 0.05354166666666652
0 0.11611979166666668 0.7219140624999999 0.052161458333333334 0.05052083333333327
0 0.17339843750000003 0.7962239583333334 0.04893229166666665 0.05035156250000009
0 0.21707031249999997 0.5528385416666667 0.035820312499999986 0.036041666666666604
0 0.28472656249999995 0.7454557291666667 0.03348958333333337 0.0343619791666668
0 0.18842447916666663 0.8560026041666666 0.034335937500000004 0.03596354166666652
0 0.4390625000000001 0.1239453125 0.055703124999999964 0.05251302083333331
0 0.2845052083333333 0.013671875 0.029947916666666668 0.02734375
0 0.010416666666666666 0.3893229166666667 0.020833333333333332 0.078125
0 0.87109375 0.2890625 0.2578125 0.265625
0 0.7827604166666666 0.35015625 0.05484374999999986 0.05477864583333336
0 0.8919140625 0.43825520833333337 0.049934895833333215 0.04868489583333332
0 0.5107552083333333 0.5401432291666667 0.039114583333333286 0.03669270833333327
0 0.4009765625000001 0.7270182291666667 0.057656249999999964 0.049570312499999915
0 0.41911458333333335 0.8535286458333333 0.03067708333333326 0.03472656250000009
0 0.5376953125 0.8273567708333333 0.04091145833333328 0.03447916666666669
0 0.5279427083333333 0.94890625 0.03256510416666666 0.03575520833333338
0 0.6217708333333333 0.84609375 0.030481770833333293 0.03102864583333324
0 0.6640364583333334 0.6819661458333334 0.02944010416666661 0.03760416666666674
0 0.8837109375000001 0.5474088541666666 0.044687499999999915 0.0530989583333333
0 0.2771354166666667 0.6223567708333334 0.05177083333333332 0.04858072916666659
0 0.4420052083333334 0.2685546875 0.06529947916666663 0.06641927083333332
0 0.7821614583333334 0.6765494791666667 0.03131510416666661 0.02677083333333326
0 0.8577083333333334 0.8394401041666667 0.0224609375 0.028880208333333417