0 0.052734375 0.3372395833333333 0.06380208333333333 0.07291666666666667
0 0.017578125 0.5227864583333334 0.009114583333333334 0.01171875
0 0.5501302083333334 0.4869791666666667 0.032552083333333336 0.033854166666666664
0 0.3958333333333333 0.6490885416666666 0.018229166666666668 0.01953125
0 0.61328125 0.7018229166666666 0.015625 0.018229166666666668
0 0.7877604166666666 0.012369791666666666 0.026041666666666668 0.01953125
0 0.9739583333333334 0.035807291666666664 0.018229166666666668 0.016927083333333332
0 0.853515625 0.0859375 0.014322916666666666 0.018229166666666668
0 0.9108072916666666 0.022786458333333332 0.01171875 0.016927083333333332
0 0.8203125 0.5358072916666666 0.013020833333333334 0.01953125
0 0.43359375 0.5032552083333334 0.018229166666666668 0.014322916666666666
0 0.4837239583333333 0.22330729166666666 0.014322916666666666 0.01171875
0 0.7662760416666666 0.888671875 0.045572916666666664 0.048177083333333336
0 0.7649739583333334 0.9427083333333334 0.01953125 0.020833333333333332
0 0.3587239583333333 0.890625 0.014322916666666666 0.020833333333333332
0 0.2799479166666667 0.9192708333333334 0.026041666666666668 0.026041666666666668
0 0.24479166666666666 0.9016927083333334 0.018229166666666668 0.022135416666666668
0 0.17122395833333334 0.6067708333333334 0.024739583333333332 0.026041666666666668
0 0.3463541666666667 0.9459635416666666 0.010416666666666666 0.01171875
0 0.2825520833333333 0.9440104166666666 0.013020833333333334 0.015625
0 0.6770833333333334 0.8450520833333334 0.013020833333333334 0.018229166666666668
0 0.3932291666666667 0.87109375 0.3541666666666667 0.25
0 0.8138020833333334 0.2701822916666667 0.013020833333333334 0.016927083333333332
0 0.5286458333333334 0.2734375 0.013020833333333334 0.010416666666666666
0 0.84765625 0.33203125 0.015625 0.010416666666666666
0 0.10416666666666667 0.296875 0.026041666666666668 0.0234375
0 0.8372395833333334 0.6614583333333334 0.020833333333333332 0.020833333333333332
0 0.4244791666666667 0.833984375 0.020833333333333332 0.016927083333333332