0 0.23111979166666666 0.6529947916666666 0.02734375 0.02734375
0 0.564453125 0.6549479166666666 0.024739583333333332 0.026041666666666668
0 0.6243489583333334 0.5162760416666666 0.032552083333333336 0.032552083333333336
0 0.6145833333333334 0.23893229166666666 0.09635416666666667 0.09765625
0 0.9055989583333334 0.7096354166666666 0.02734375 0.026041666666666668
0 0.6451822916666666 0.97265625 0.014322916666666666 0.018229166666666668
0 0.6783854166666666 0.9674479166666666 0.07552083333333333 0.0625
0 0.5494791666666666 0.9609375 0.020833333333333332 0.020833333333333332
0 0.4270833333333333 0.6471354166666666 0.026041666666666668 0.026041666666666668
0 0.03515625 0.498046875 0.013020833333333334 0.014322916666666666
0 0.2591145833333333 0.16080729166666666 0.026041666666666668 0.022135416666666668
0 0.265625 0.2819010416666667 0.028645833333333332 0.029947916666666668
0 0.7115885416666666 0.423828125 0.01953125 0.01953125
0 0.8372395833333334 0.4381510416666667 0.046875 0.048177083333333336
0 0.80859375 0.3776041666666667 0.06770833333333333 0.06770833333333333
0 0.849609375 0.802734375 0.037760416666666664 0.04296875
0 0.7975260416666666 0.8567708333333334 0.045572916666666664 0.049479166666666664
0 0.9166666666666666 0.7376302083333334 0.16666666666666666 0.19140625
0 0.5963541666666666 0.7389322916666666 0.2838541666666667 0.3033854166666667
0 0.9596354166666666 0.4036458333333333 0.013020833333333334 0.013020833333333334
0 0.9876302083333334 0.216796875 0.014322916666666666 0.014322916666666666
0 0.23697916666666666 0.024739583333333332 0.046875 0.049479166666666664
0 0.20182291666666666 0.22721354166666666 0.018229166666666668 0.01953125
0 0.18880208333333334 0.18424479166666666 0.015625 0.014322916666666666
0 0.057291666666666664 0.13671875 0.015625 0.013020833333333334
0 0.050130208333333336 0.5494791666666666 0.014322916666666666 0.013020833333333334
0 0.07682291666666667 0.9348958333333334 0.015625 0.010416666666666666
0 0.4544270833333333 0.9264322916666666 0.015625 0.014322916666666666
0 0.974609375 0.8860677083333334 0.016927083333333332 0.014322916666666666
0 0.07096354166666667 0.22135416666666666 0.014322916666666666 0.013020833333333334
0 0.17643229166666666 0.23763020833333334 0.014322916666666666 0.014322916666666666
0 0.17252604166666666 0.7421875 0.01953125 0.020833333333333332
0 0.6302083333333334 0.12434895833333333 0.013020833333333334 0.014322916666666666
0 0.71875 0.15299479166666666 0.010416666666666666 0.009114583333333334
0 0.146484375 0.4967447916666667 0.01171875 0.01171875
0 0.775390625 0.039713541666666664 0.08984375 0.07942708333333333
0 0.9303385416666666 0.08854166666666667 0.01171875 0.010416666666666666
0 0.9557291666666666 0.763671875 0.010416666666666666 0.01171875