0 0.03232510884602865 0.26859283447265625 0.0233880877494812 0.0233880877494812
0 0.44301732381184894 0.7529455820719401 0.029620567957560223 0.028274178504943848
0 0.8154894510904948 0.7835216522216797 0.02916453282038371 0.028621633847554524
0 0.11362965901692708 0.016166528065999348 0.033790032068888344 0.03140127658843994
0 0.9586410522460938 0.8425890604654948 0.021824538707733154 0.021737674872080486
0 0.2984759012858073 0.917639414469401 0.035527308781941734 0.03511470556259155
0 0.15462938944498697 0.1872882843017578 0.0299680233001709 0.02721009651819865
0 0.3207130432128906 0.044310410817464195 0.02849133809407552 0.027101516723632812
0 0.009765625 0.669921875 0.01953125 0.032552083333333336
0 0.723761240641276 0.07888221740722656 0.036222219467163086 0.03287796179453532
0 0.08861287434895833 0.3255755106608073 0.03287796179453532 0.031032105286916096
0 0.2824929555257161 0.8453687032063802 0.0299680233001709 0.029620567957560223
0 0.5847791035970052 0.9231986999511719 0.043909668922424316 0.040174523989359535
0 0.038579305013020836 0.7779623667399088 0.03926245371500651 0.04241126775741577
0 0.5247395833333334 0.994140625 0.026041666666666668 0.01171875
0 0.1560192108154297 0.44093068440755206 0.026276310284932453 0.02647175391515096
0 0.021901448567708332 0.9238936106363932 0.03274766604105631 0.031770447889963783
0 0.600067138671875 0.960723876953125 0.025081932544708252 0.024995068709055584
0 0.026070912679036457 0.8064537048339844 0.026688913504282635 0.026276310284932453
0 0.14490063985188803 0.9252834320068359 0.0233880877494812 0.02249773343404134
0 0.8988787333170573 0.8696905771891276 0.05741699536641439 0.051510254542032875
0 0.43328857421875 0.15775458017985025 0.2371382713317871 0.22028668721516928
0 0.5597623189290365 0.34572792053222656 0.12186996142069499 0.10293364524841309
0 0.3515625 0.9576822916666666 0.11197916666666667 0.08463541666666667
0 0.3380858103434245 0.4478797912597656 0.09242312113444011 0.09928536415100098
0 0.7043037414550781 0.6904036204020182 0.18241405487060547 0.17259844144185385
0 0.7356770833333334 0.9895833333333334 0.06770833333333333 0.020833333333333332