0 0.7291666666666666 0.22265625 0.0625 0.06510416666666667
0 0.5989583333333334 0.7311197916666666 0.0625 0.053385416666666664
0 0.3723958333333333 0.65234375 0.013020833333333334 0.013020833333333334
0 0.4153645833333333 0.5677083333333334 0.020833333333333332 0.013020833333333334
0 0.6276041666666666 0.11002604166666667 0.015625 0.014322916666666666
0 0.4029947916666667 0.13606770833333334 0.014322916666666666 0.01171875
0 0.11848958333333333 0.2916666666666667 0.010416666666666666 0.013020833333333334
0 0.3919270833333333 0.9537760416666666 0.013020833333333334 0.016927083333333332
0 0.3372395833333333 0.06380208333333333 0.0078125 0.0078125
0 0.24544270833333334 0.055989583333333336 0.01171875 0.010416666666666666
0 0.560546875 0.6419270833333334 0.01171875 0.013020833333333334