0 0.12890625 0.4967447916666667 0.0546875 0.053385416666666664
0 0.140625 0.6341145833333334 0.018229166666666668 0.015625
0 0.2532552083333333 0.9016927083333334 0.23046875 0.19401041666666666
0 0.74609375 0.7395833333333334 0.0390625 0.0390625
0 0.8046875 0.6959635416666666 0.0390625 0.04296875
0 0.8138020833333334 0.9140625 0.033854166666666664 0.036458333333333336
0 0.7936197916666666 0.2701822916666667 0.03515625 0.040364583333333336
0 0.7526041666666666 0.4140625 0.026041666666666668 0.026041666666666668
0 0.9622395833333334 0.5266927083333334 0.03125 0.03515625
0 0.75390625 0.8209635416666666 0.018229166666666668 0.024739583333333332
0 0.3001302083333333 0.5299479166666666 0.05078125 0.052083333333333336
0 0.26171875 0.3990885416666667 0.03125 0.029947916666666668
0 0.3118489583333333 0.283203125 0.048177083333333336 0.05078125
0 0.46875 0.4928385416666667 0.020833333333333332 0.022135416666666668
0 0.8776041666666666 0.4993489583333333 0.018229166666666668 0.016927083333333332
0 0.15299479166666666 0.07877604166666667 0.19401041666666666 0.15755208333333334
0 0.474609375 0.11653645833333333 0.016927083333333332 0.016927083333333332
0 0.375 0.6666666666666666 0.013020833333333334 0.015625
0 0.8235677083333334 0.3404947916666667 0.016927083333333332 0.022135416666666668
0 0.888671875 0.79296875 0.014322916666666666 0.015625
0 0.634765625 0.8606770833333334 0.014322916666666666 0.020833333333333332
0 0.623046875 0.5690104166666666 0.014322916666666666 0.015625
0 0.6953125 0.18684895833333334 0.018229166666666668 0.01953125
0 0.030598958333333332 0.9765625 0.014322916666666666 0.018229166666666668
0 0.5891927083333334 0.09309895833333333 0.014322916666666666 0.01171875
0 0.4635416666666667 0.5377604166666666 0.013020833333333334 0.015625
0 0.4108072916666667 0.3990885416666667 0.01171875 0.014322916666666666
0 0.767578125 0.375 0.01171875 0.013020833333333334
0 0.8001302083333334 0.3463541666666667 0.014322916666666666 0.015625
0 0.857421875 0.3268229166666667 0.01171875 0.015625
0 0.8658854166666666 0.21614583333333334 0.013020833333333334 0.015625
0 0.5240885416666666 0.654296875 0.01171875 0.014322916666666666
0 0.662109375 0.9791666666666666 0.01171875 0.013020833333333334