0 0.681640625 0.20833333333333334 0.08984375 0.09635416666666667
0 0.13216145833333334 0.5625 0.024739583333333332 0.026041666666666668
0 0.19466145833333334 0.6432291666666666 0.01953125 0.020833333333333332
0 0.822265625 0.049479166666666664 0.016927083333333332 0.018229166666666668
0 0.9010416666666666 0.6907552083333334 0.07291666666666667 0.07942708333333333
0 0.4733072916666667 0.8313802083333334 0.016927083333333332 0.01953125
0 0.7838541666666666 0.7194010416666666 0.015625 0.016927083333333332
0 0.916015625 0.17317708333333334 0.014322916666666666 0.013020833333333334
0 0.9296875 0.4010416666666667 0.015625 0.018229166666666668
0 0.4466145833333333 0.21809895833333334 0.020833333333333332 0.022135416666666668
0 0.7858072916666666 0.3932291666666667 0.014322916666666666 0.013020833333333334
0 0.90625 0.5670572916666666 0.013020833333333334 0.014322916666666666
0 0.9342447916666666 0.5182291666666666 0.01171875 0.015625
0 0.8958333333333334 0.9303385416666666 0.018229166666666668 0.016927083333333332
0 0.3255208333333333 0.013671875 0.013020833333333334 0.014322916666666666
0 0.091796875 0.125 0.01171875 0.010416666666666666
0 0.12109375 0.5735677083333334 0.013020833333333334 0.014322916666666666
0 0.4296875 0.5865885416666666 0.3177083333333333 0.3606770833333333
0 0.08919270833333333 0.2779947916666667 0.014322916666666666 0.014322916666666666
0 0.3841145833333333 0.951171875 0.015625 0.016927083333333332
0 0.5729166666666666 0.984375 0.0625 0.03125
0 0.7005208333333334 0.9055989583333334 0.018229166666666668 0.016927083333333332
0 0.8509114583333334 0.302734375 0.014322916666666666 0.016927083333333332
0 0.7083333333333334 0.11979166666666667 0.013020833333333334 0.018229166666666668