0 0.21875 0.4016927083333333 0.026041666666666668 0.024739583333333332
0 0.484375 0.9401041666666666 0.0234375 0.026041666666666668
0 0.7161458333333334 0.68359375 0.0546875 0.057291666666666664
0 0.392578125 0.5631510416666666 0.022135416666666668 0.024739583333333332
0 0.27734375 0.4283854166666667 0.015625 0.018229166666666668
0 0.693359375 0.9772135416666666 0.016927083333333332 0.01953125
0 0.7662760416666666 0.8977864583333334 0.014322916666666666 0.016927083333333332
0 0.8235677083333334 0.58203125 0.016927083333333332 0.020833333333333332
0 0.7604166666666666 0.4498697916666667 0.015625 0.01953125
0 0.8196614583333334 0.19986979166666666 0.029947916666666668 0.032552083333333336
0 0.5455729166666666 0.2884114583333333 0.018229166666666668 0.016927083333333332
0 0.9075520833333334 0.7486979166666666 0.015625 0.018229166666666668
0 0.9479166666666666 0.5026041666666666 0.10416666666666667 0.13802083333333334
0 0.6608072916666666 0.17447916666666666 0.01953125 0.018229166666666668
0 0.212890625 0.2688802083333333 0.02734375 0.02734375
0 0.14713541666666666 0.038411458333333336 0.052083333333333336 0.061197916666666664
0 0.27734375 0.798828125 0.026041666666666668 0.024739583333333332
0 0.6243489583333334 0.4856770833333333 0.016927083333333332 0.013020833333333334
0 0.022786458333333332 0.4147135416666667 0.024739583333333332 0.024739583333333332
0 0.10286458333333333 0.345703125 0.0234375 0.024739583333333332
0 0.10221354166666667 0.6419270833333334 0.022135416666666668 0.026041666666666668
0 0.197265625 0.1796875 0.11328125 0.1171875
0 0.22200520833333334 0.8782552083333334 0.01953125 0.016927083333333332
0 0.095703125 0.061197916666666664 0.040364583333333336 0.041666666666666664
0 0.21419270833333334 0.6178385416666666 0.014322916666666666 0.014322916666666666
0 0.8079427083333334 0.73828125 0.014322916666666666 0.013020833333333334
0 0.10026041666666667 0.9127604166666666 0.015625 0.013020833333333334
0 0.9264322916666666 0.15234375 0.016927083333333332 0.018229166666666668
0 0.9270833333333334 0.125 0.015625 0.018229166666666668
0 0.11458333333333333 0.517578125 0.013020833333333334 0.01171875
0 0.279296875 0.12044270833333333 0.014322916666666666 0.01953125
0 0.8977864583333334 0.9251302083333334 0.016927083333333332 0.014322916666666666
0 0.7428385416666666 0.15885416666666666 0.014322916666666666 0.015625
0 0.048177083333333336 0.9251302083333334 0.09375 0.12630208333333334
0 0.080078125 0.46875 0.022135416666666668 0.020833333333333332
0 0.3697916666666667 0.6393229166666666 0.015625 0.015625
0 0.052083333333333336 0.7194010416666666 0.1015625 0.15755208333333334
0 0.2513020833333333 0.8717447916666666 0.028645833333333332 0.03515625
0 0.3821614583333333 0.60546875 0.01171875 0.013020833333333334
0 0.9720052083333334 0.11393229166666667 0.055989583333333336 0.12630208333333334
0 0.6399739583333334 0.18098958333333334 0.024739583333333332 0.041666666666666664
0 0.010416666666666666 0.10611979166666667 0.018229166666666668 0.05078125
0 0.024088541666666668 0.21028645833333334 0.045572916666666664 0.11588541666666667
0 0.9029947916666666 0.2584635416666667 0.01171875 0.01171875