0 0.130859375 0.10416666666666667 0.26171875 0.20833333333333334
0 0.5138411458333333 0.6008463541666668 0.23273437500000002 0.24204427083333324
0 0.9001953125000001 0.35390625000000003 0.1037630208333334 0.12812499999999996
0 0.09505208333333333 0.826171875 0.19010416666666666 0.34765625
0 0.3411458333333333 0.82421875 0.2734375 0.3515625
0 0.24348958333333334 0.9674479166666666 0.125 0.06510416666666667
0 0.7252604166666666 0.97265625 0.16145833333333334 0.0546875
0 0.953125 0.6912760416666667 0.04325520833333337 0.05348958333333331
0 0.8326822916666666 0.12434895833333333 0.3346354166666667 0.24869791666666666
0 0.6139322916666666 0.01171875 0.06380208333333333 0.0234375
0 0.09759114583333332 0.28890625 0.07755208333333334 0.0905598958333333
0 0.15369791666666668 0.4695703125 0.048802083333333336 0.0576171875
0 0.21360677083333335 0.6248828125 0.044479166666666625 0.047760416666666604
0 0.06604166666666667 0.5329947916666667 0.04805989583333333 0.04897135416666668
0 0.7340885416666666 0.5661588541666666 0.3072916666666667 0.49111979166666675
0 0.6101562500000001 0.8522916666666666 0.07354166666666669 0.11321614583333339