0 0.15690104166666666 0.4134114583333333 0.032552083333333336 0.029947916666666668
0 0.14322916666666666 0.3919270833333333 0.013020833333333334 0.013020833333333334
0 0.12565104166666666 0.4296875 0.014322916666666666 0.015625
0 0.4388020833333333 0.5110677083333334 0.028645833333333332 0.02734375
0 0.24544270833333334 0.5924479166666666 0.02734375 0.026041666666666668
0 0.24479166666666666 0.4947916666666667 0.013020833333333334 0.013020833333333334
0 0.28125 0.607421875 0.015625 0.016927083333333332
0 0.349609375 0.6575520833333334 0.07161458333333333 0.07291666666666667
0 0.5670572916666666 0.6764322916666666 0.016927083333333332 0.01953125
0 0.880859375 0.5052083333333334 0.02734375 0.026041666666666668
0 0.5358072916666666 0.42578125 0.024739583333333332 0.0234375
0 0.59375 0.3658854166666667 0.0234375 0.0234375
0 0.7037760416666666 0.306640625 0.014322916666666666 0.014322916666666666
0 0.5305989583333334 0.068359375 0.03515625 0.032552083333333336
0 0.4583333333333333 0.040364583333333336 0.013020833333333334 0.0078125
0 0.6139322916666666 0.09440104166666667 0.022135416666666668 0.01953125
0 0.040364583333333336 0.453125 0.078125 0.09895833333333333
0 0.14713541666666666 0.09244791666666667 0.06770833333333333 0.0625
0 0.6803385416666666 0.1328125 0.03515625 0.033854166666666664
0 0.6875 0.6516927083333334 0.026041666666666668 0.01953125
0 0.6712239583333334 0.75390625 0.18619791666666666 0.16666666666666666
0 0.9739583333333334 0.3743489583333333 0.0390625 0.045572916666666664
0 0.6940104166666666 0.08658854166666667 0.018229166666666668 0.016927083333333332
0 0.5774739583333334 0.3111979166666667 0.053385416666666664 0.046875
0 0.474609375 0.529296875 0.016927083333333332 0.014322916666666666
0 0.4134114583333333 0.3079427083333333 0.024739583333333332 0.024739583333333332
0 0.4830729166666667 0.2571614583333333 0.018229166666666668 0.01953125
0 0.412109375 0.5416666666666666 0.01171875 0.013020833333333334
0 0.328125 0.5091145833333334 0.018229166666666668 0.013020833333333334
0 0.5364583333333334 0.8450520833333334 0.013020833333333334 0.013020833333333334
0 0.654296875 0.9095052083333334 0.016927083333333332 0.016927083333333332
0 0.4596354166666667 0.5885416666666666 0.0625 0.06510416666666667
0 0.6067708333333334 0.046875 0.013020833333333334 0.013020833333333334
0 0.1796875 0.2513020833333333 0.20052083333333334 0.18489583333333334
0 0.078125 0.04296875 0.15364583333333334 0.08333333333333333
0 0.7864583333333334 0.18880208333333334 0.13020833333333334 0.1171875
0 0.9453125 0.537109375 0.08333333333333333 0.11067708333333333
0 0.587890625 0.900390625 0.014322916666666666 0.014322916666666666
0 0.8580729166666666 0.9915364583333334 0.015625 0.016927083333333332
0 0.876953125 0.8268229166666666 0.014322916666666666 0.015625
0 0.3704427083333333 0.09635416666666667 0.016927083333333332 0.013020833333333334
0 0.21809895833333334 0.12825520833333334 0.01171875 0.009114583333333334
0 0.3235677083333333 0.06380208333333333 0.01171875 0.010416666666666666
0 0.10611979166666667 0.7877604166666666 0.014322916666666666 0.013020833333333334
0 0.03125 0.6881510416666666 0.013020833333333334 0.014322916666666666
0 0.09114583333333333 0.8873697916666666 0.013020833333333334 0.016927083333333332
0 0.3040364583333333 0.994140625 0.014322916666666666 0.01171875
0 0.7799479166666666 0.3444010416666667 0.013020833333333334 0.014322916666666666
0 0.486328125 0.3001302083333333 0.01171875 0.014322916666666666
0 0.9140625 0.6634114583333334 0.015625 0.014322916666666666
0 0.3118489583333333 0.7721354166666666 0.016927083333333332 0.015625
0 0.21223958333333334 0.419921875 0.013020833333333334 0.01171875
0 0.6822916666666666 0.8352864583333334 0.0078125 0.009114583333333334
0 0.6940104166666666 0.9114583333333334 0.010416666666666666 0.010416666666666666
0 0.6842447916666666 0.884765625 0.009114583333333334 0.01171875
0 0.81640625 0.2584635416666667 0.013020833333333334 0.01171875
0 0.54296875 0.4381510416666667 0.013020833333333334 0.01171875
0 0.578125 0.4069010416666667 0.010416666666666666 0.009114583333333334
0 0.65625 0.033203125 0.21354166666666666 0.06380208333333333
0 0.8795572916666666 0.07421875 0.01171875 0.013020833333333334
0 0.87890625 0.049479166666666664 0.013020833333333334 0.010416666666666666
0 0.5891927083333334 0.6009114583333334 0.009114583333333334 0.009114583333333334
0 0.5149739583333334 0.6009114583333334 0.009114583333333334 0.009114583333333334
0 0.4694010416666667 0.548828125 0.009114583333333334 0.009114583333333334
0 0.955078125 0.90234375 0.01171875 0.010416666666666666
0 0.6848958333333334 0.5384114583333334 0.010416666666666666 0.009114583333333334