0 0.3463541666666667 0.3118489583333333 0.0390625 0.04296875
0 0.0859375 0.322265625 0.0625 0.06380208333333333
0 0.05859375 0.4798177083333333 0.026041666666666668 0.02734375
0 0.7890625 0.375 0.0390625 0.0390625
0 0.8346354166666666 0.6920572916666666 0.0234375 0.022135416666666668
0 0.017578125 0.8125 0.016927083333333332 0.020833333333333332
0 0.849609375 0.794921875 0.11067708333333333 0.11067708333333333
0 0.3990885416666667 0.974609375 0.04296875 0.040364583333333336
0 0.9635416666666666 0.794921875 0.026041666666666668 0.032552083333333336
0 0.11263020833333333 0.9212239583333334 0.014322916666666666 0.014322916666666666
0 0.4654947916666667 0.9622395833333334 0.016927083333333332 0.018229166666666668
0 0.08268229166666667 0.19401041666666666 0.014322916666666666 0.015625
0 0.7877604166666666 0.9368489583333334 0.010416666666666666 0.01171875
0 0.7415364583333334 0.86328125 0.014322916666666666 0.015625
0 0.80859375 0.9596354166666666 0.013020833333333334 0.010416666666666666
0 0.9153645833333334 0.8977864583333334 0.03125 0.032552083333333336