0 0.025390625 0.3450520833333333 0.022135416666666668 0.028645833333333332
0 0.030598958333333332 0.3743489583333333 0.032552083333333336 0.032552083333333336
0 0.008463541666666666 0.4557291666666667 0.014322916666666666 0.0234375
0 0.423828125 0.5696614583333334 0.032552083333333336 0.029947916666666668
0 0.505859375 0.3489583333333333 0.02734375 0.020833333333333332
0 0.4967447916666667 0.310546875 0.022135416666666668 0.022135416666666668
0 0.4303385416666667 0.1953125 0.07161458333333333 0.06510416666666667
0 0.3743489583333333 0.09895833333333333 0.03515625 0.036458333333333336
0 0.08854166666666667 0.038411458333333336 0.020833333333333332 0.022135416666666668
0 0.12434895833333333 0.09895833333333333 0.014322916666666666 0.013020833333333334
0 0.7135416666666666 0.4680989583333333 0.0390625 0.032552083333333336
0 0.9583333333333334 0.13606770833333334 0.08333333333333333 0.10286458333333333
0 0.8040364583333334 0.14322916666666666 0.024739583333333332 0.026041666666666668
0 0.7760416666666666 0.1328125 0.020833333333333332 0.018229166666666668
0 0.8990885416666666 0.3463541666666667 0.01953125 0.015625
0 0.8665364583333334 0.37890625 0.01953125 0.026041666666666668
0 0.9485677083333334 0.361328125 0.024739583333333332 0.01953125
0 0.9446614583333334 0.7623697916666666 0.029947916666666668 0.02734375
0 0.9095052083333334 0.7923177083333334 0.02734375 0.022135416666666668
0 0.76953125 0.8079427083333334 0.044270833333333336 0.02734375
0 0.53125 0.7109375 0.10416666666666667 0.09375
0 0.14713541666666666 0.86328125 0.25 0.21875
0 0.3053385416666667 0.7096354166666666 0.11328125 0.10416666666666667
0 0.6614583333333334 0.8834635416666666 0.013020833333333334 0.022135416666666668
0 0.9036458333333334 0.853515625 0.020833333333333332 0.022135416666666668
0 0.4446614583333333 0.8763020833333334 0.016927083333333332 0.020833333333333332
0 0.1796875 0.1796875 0.15625 0.15104166666666666
0 0.2890625 0.453125 0.015625 0.015625
0 0.8248697916666666 0.9427083333333334 0.01953125 0.020833333333333332
0 0.7473958333333334 0.9557291666666666 0.018229166666666668 0.020833333333333332
0 0.6985677083333334 0.9524739583333334 0.022135416666666668 0.016927083333333332
0 0.9778645833333334 0.9615885416666666 0.020833333333333332 0.022135416666666668
0 0.478515625 0.7766927083333334 0.016927083333333332 0.014322916666666666
0 0.5755208333333334 0.8404947916666666 0.015625 0.01171875
0 0.8919270833333334 0.22981770833333334 0.018229166666666668 0.016927083333333332
0 0.4993489583333333 0.3639322916666667 0.01953125 0.016927083333333332
0 0.5592447916666666 0.787109375 0.014322916666666666 0.014322916666666666