0 0.9563802083333334 0.4348958333333333 0.032552083333333336 0.033854166666666664
0 0.91015625 0.10677083333333333 0.018229166666666668 0.018229166666666668
0 0.9915364583333334 0.020833333333333332 0.014322916666666666 0.0234375
0 0.9010416666666666 0.2421875 0.11197916666666667 0.12760416666666666
0 0.6673177083333334 0.10481770833333333 0.01953125 0.024739583333333332
0 0.8723958333333334 0.462890625 0.078125 0.07682291666666667
0 0.7421875 0.4459635416666667 0.15625 0.18880208333333334
0 0.8404947916666666 0.5579427083333334 0.016927083333333332 0.022135416666666668
0 0.6119791666666666 0.16341145833333334 0.026041666666666668 0.02734375
0 0.5787760416666666 0.13997395833333334 0.01953125 0.01953125
0 0.5325520833333334 0.042317708333333336 0.015625 0.01953125
0 0.5240885416666666 0.12044270833333333 0.014322916666666666 0.01953125
0 0.4505208333333333 0.08919270833333333 0.018229166666666668 0.01953125
0 0.478515625 0.12890625 0.014322916666666666 0.013020833333333334
0 0.3665364583333333 0.16341145833333334 0.01953125 0.01953125
0 0.3561197916666667 0.0546875 0.01953125 0.018229166666666668
0 0.3567708333333333 0.2994791666666667 0.018229166666666668 0.0234375
0 0.4322916666666667 0.5188802083333334 0.020833333333333332 0.022135416666666668
0 0.3020833333333333 0.525390625 0.020833333333333332 0.022135416666666668
0 0.30859375 0.3098958333333333 0.015625 0.015625
0 0.7102864583333334 0.22981770833333334 0.016927083333333332 0.016927083333333332
0 0.630859375 0.6451822916666666 0.037760416666666664 0.037760416666666664
0 0.7819010416666666 0.7786458333333334 0.43359375 0.421875
0 0.90234375 0.09700520833333333 0.059895833333333336 0.061197916666666664
0 0.095703125 0.7083333333333334 0.04296875 0.044270833333333336
0 0.912109375 0.3854166666666667 0.016927083333333332 0.015625
0 0.23046875 0.9544270833333334 0.15364583333333334 0.09114583333333333
0 0.21028645833333334 0.177734375 0.01171875 0.014322916666666666
0 0.4798177083333333 0.2565104166666667 0.016927083333333332 0.018229166666666668
0 0.9596354166666666 0.4869791666666667 0.013020833333333334 0.013020833333333334
0 0.13736979166666666 0.9733072916666666 0.01953125 0.016927083333333332
0 0.009114583333333334 0.8131510416666666 0.015625 0.016927083333333332