0 0.259765625 0.3580729166666667 0.024739583333333332 0.0234375
0 0.5286458333333334 0.18619791666666666 0.018229166666666668 0.018229166666666668
0 0.9479166666666666 0.15885416666666666 0.041666666666666664 0.0390625
0 0.337890625 0.12434895833333333 0.01171875 0.01171875
0 0.3157552083333333 0.6959635416666666 0.01953125 0.022135416666666668
0 0.291015625 0.7037760416666666 0.01953125 0.022135416666666668
0 0.232421875 0.90625 0.024739583333333332 0.0234375
0 0.228515625 0.9563802083333334 0.016927083333333332 0.022135416666666668
0 0.9381510416666666 0.8541666666666666 0.037760416666666664 0.033854166666666664
0 0.9329427083333334 0.9088541666666666 0.02734375 0.028645833333333332
0 0.8157552083333334 0.9029947916666666 0.016927083333333332 0.016927083333333332
0 0.8463541666666666 0.18489583333333334 0.010416666666666666 0.013020833333333334
0 0.7135416666666666 0.7623697916666666 0.013020833333333334 0.014322916666666666
0 0.13671875 0.365234375 0.010416666666666666 0.009114583333333334
0 0.8795572916666666 0.537109375 0.009114583333333334 0.01171875
0 0.9108072916666666 0.734375 0.01171875 0.010416666666666666
0 0.19205729166666666 0.291015625 0.01171875 0.01171875
0 0.24634114583333333 0.7563541666666667 0.012473958333333313 0.012382812499999988
0 0.5903385416666667 0.5556640625 0.020481770833333357 0.021145833333333346
0 0.088984375 0.947265625 0.014778645833333326 0.014778645833333215
0 0.8061588541666667 0.29614583333333333 0.012643229166666714 0.012903645833333366
0 0.8603515625 0.9350651041666667 0.01014322916666662 0.010481770833333274
0 0.7958984375 0.39453125 0.013502604166666524 0.013450520833333387
0 0.0975390625 0.26342447916666667 0.014023437500000013 0.013841145833333327
0 0.35083333333333333 0.0129296875 0.01580729166666665 0.014518229166666665
0 0.65234375 0.052434895833333335 0.01738281250000003 0.017200520833333326
0 0.48486979166666666 0.019947916666666666 0.014374999999999952 0.014179687500000001
0 0.7710026041666667 0.1591796875 0.012825520833333215 0.012552083333333316
0 0.9038151041666667 0.814453125 0.010299479166666773 0.011171874999999906
0 0.44165364583333333 0.26244791666666667 0.01602864583333326 0.015156249999999982
0 0.43872395833333333 0.42700520833333333 0.013268229166666737 0.013138020833333375
0 0.634765625 0.5205078125 0.011966145833333405 0.012057291666666655
0 0.0938671875 0.35303385416666666 0.012682291666666679 0.012473958333333387
0 0.478515625 0.7421875 0.011445312499999952 0.011848958333333215
0 0.6630859375 0.44287760416666666 0.010481770833333274 0.010950520833333291
0 0.2646484375 0.102109375 0.011249999999999982 0.01196614583333333
0 0.7710026041666667 0.4140625 0.010546874999999881 0.010807291666666607
0 0.9624088541666667 0.7021484375 0.010807291666666607 0.011093749999999977
0 0.5234375 0.6860416666666667 0.011809895833333398 0.01171875
0 0.7905338541666667 0.544921875 0.00947916666666663 0.010273437499999982
0 0.3193359375 0.18774739583333333 0.011171874999999979 0.011093749999999977
0 0.6176822916666667 0.48877604166666666 0.009999999999999934 0.010104166666666655
0 0.630859375 0.33959635416666667 0.009999999999999934 0.010208333333333375
0 0.6694401041666667 0.8310546875 0.010690104166666714 0.011067708333333334
0 0.37427083333333333 0.5634765625 0.009895833333333362 0.010520833333333387
0 0.96875 0.7529296875 0.01083333333333325 0.01065104166666675
0 0.6337890625 0.62109375 0.010169270833333263 0.010520833333333387
0 0.36352864583333333 0.62109375 0.009973958333333291 0.010520833333333387
0 0.36865885416666666 0.23194010416666666 0.010104166666666655 0.010234375000000018
0 0.9536197916666667 0.5498046875 0.010520833333333238 0.010872395833333362
0 0.5908203125 0.40356770833333333 0.010065104166666691 0.010169270833333263
0 0.6142578125 0.8081119791666667 0.010026041666666726 0.010625000000000107
0 0.5971744791666667 0.6547916666666667 0.01054687500000003 0.01102864583333337