0 0.14583333333333334 0.8893229166666666 0.0234375 0.026041666666666668
0 0.10481770833333333 0.3372395833333333 0.01953125 0.018229166666666668
0 0.912109375 0.8919270833333334 0.032552083333333336 0.033854166666666664
0 0.923828125 0.833984375 0.03515625 0.045572916666666664
0 0.931640625 0.6217447916666666 0.032552083333333336 0.037760416666666664
0 0.62890625 0.3704427083333333 0.0390625 0.03515625
0 0.2858072916666667 0.16471354166666666 0.016927083333333332 0.014322916666666666
0 0.51953125 0.4921875 0.013020833333333334 0.013020833333333334
0 0.23177083333333334 0.2766927083333333 0.013020833333333334 0.014322916666666666
0 0.029296875 0.03125 0.055989583333333336 0.044270833333333336
0 0.7330729166666666 0.0234375 0.052083333333333336 0.0390625
0 0.91015625 0.71875 0.010416666666666666 0.010416666666666666
0 0.6861979166666666 0.6087239583333334 0.013020833333333334 0.013020833333333334
0 0.9654947916666666 0.859375 0.009114583333333334 0.009114583333333334
0 0.9088541666666666 0.7369791666666666 0.009114583333333334 0.009114583333333334
0 0.970703125 0.681640625 0.009114583333333334 0.009114583333333334
0 0.5240885416666666 0.4915364583333333 0.01171875 0.013020833333333334
0 0.23502604166666666 0.275390625 0.013020833333333334 0.013020833333333334
0 0.5611979166666666 0.1484375 0.013020833333333334 0.013020833333333334
0 0.060546875 0.22135416666666666 0.013020833333333334 0.013020833333333334
0 0.962890625 0.7532552083333334 0.005208333333333333 0.005208333333333333
0 0.3880208333333333 0.3697916666666667 0.013020833333333334 0.014322916666666666
0 0.5123697916666666 0.3483072916666667 0.01171875 0.01171875
0 0.59375 0.7037760416666666 0.005208333333333333 0.005208333333333333