0 0.3984375 0.390625 0.234375 0.234375
0 0.53515625 0.4342447916666667 0.03125 0.048177083333333336
0 0.18033854166666666 0.2942708333333333 0.024739583333333332 0.028645833333333332
0 0.012369791666666666 0.7259114583333334 0.022135416666666668 0.032552083333333336
0 0.06966145833333333 0.869140625 0.024739583333333332 0.032552083333333336
0 0.8001302083333334 0.4798177083333333 0.06901041666666667 0.07421875
0 0.955078125 0.4381510416666667 0.024739583333333332 0.040364583333333336
0 0.6484375 0.7923177083333334 0.0390625 0.04296875
0 0.4986979166666667 0.791015625 0.026041666666666668 0.01953125
0 0.8020833333333334 0.7259114583333334 0.020833333333333332 0.01953125
0 0.8053385416666666 0.7493489583333334 0.02734375 0.014322916666666666
0 0.8665364583333334 0.7662760416666666 0.08984375 0.10026041666666667
0 0.041666666666666664 0.018880208333333332 0.028645833333333332 0.032552083333333336
0 0.21419270833333334 0.032552083333333336 0.022135416666666668 0.026041666666666668
0 0.2740885416666667 0.027994791666666668 0.08463541666666667 0.053385416666666664
0 0.7630208333333334 0.0390625 0.020833333333333332 0.026041666666666668
0 0.7916666666666666 0.030598958333333332 0.078125 0.055989583333333336
0 0.8522135416666666 0.0859375 0.04296875 0.041666666666666664
0 0.888671875 0.13020833333333334 0.024739583333333332 0.026041666666666668
0 0.951171875 0.12369791666666667 0.032552083333333336 0.0390625
0 0.7200520833333334 0.19596354166666666 0.026041666666666668 0.024739583333333332
0 0.765625 0.2805989583333333 0.026041666666666668 0.024739583333333332
0 0.9778645833333334 0.90234375 0.044270833333333336 0.07291666666666667
0 0.8834635416666666 0.9342447916666666 0.016927083333333332 0.016927083333333332
0 0.9283854166666666 0.9869791666666666 0.0390625 0.020833333333333332
0 0.8704427083333334 0.4915364583333333 0.024739583333333332 0.01953125
0 0.7350260416666666 0.5970052083333334 0.016927083333333332 0.016927083333333332
0 0.8658854166666666 0.5279947916666666 0.018229166666666668 0.016927083333333332
0 0.6640625 0.8815104166666666 0.018229166666666668 0.015625
0 0.6647135416666666 0.9505208333333334 0.01953125 0.015625
0 0.8072916666666666 0.9055989583333334 0.018229166666666668 0.016927083333333332
0 0.11328125 0.59375 0.015625 0.013020833333333334
0 0.026692708333333332 0.2584635416666667 0.045572916666666664 0.055989583333333336
0 0.06966145833333333 0.359375 0.11848958333333333 0.12760416666666666
0 0.130859375 0.14973958333333334 0.045572916666666664 0.052083333333333336
0 0.552734375 0.21028645833333334 0.016927083333333332 0.016927083333333332
0 0.5052083333333334 0.07942708333333333 0.052083333333333336 0.0546875
0 0.5950520833333334 0.078125 0.049479166666666664 0.052083333333333336
0 0.5703125 0.4947916666666667 0.013020833333333334 0.013020833333333334
0 0.5768229166666666 0.6139322916666666 0.013020833333333334 0.01171875
0 0.626953125 0.7369791666666666 0.01953125 0.015625
0 0.4915364583333333 0.3802083333333333 0.016927083333333332 0.018229166666666668
0 0.7005208333333334 0.007161458333333333 0.013020833333333334 0.01171875
0 0.751953125 0.8294270833333334 0.014322916666666666 0.013020833333333334
0 0.080078125 0.5110677083333334 0.15494791666666666 0.19140625
0 0.12630208333333334 0.662109375 0.010416666666666666 0.009114583333333334
0 0.15559895833333334 0.005208333333333333 0.024739583333333332 0.0078125
0 0.9752604166666666 0.05859375 0.049479166666666664 0.09375
0 0.4778645833333333 0.6276041666666666 0.013020833333333334 0.013020833333333334
0 0.7630208333333334 0.56640625 0.015625 0.015625
0 0.7291666666666666 0.5123697916666666 0.015625 0.014322916666666666
0 0.513671875 0.5475260416666666 0.01171875 0.014322916666666666
0 0.8606770833333334 0.4596354166666667 0.013020833333333334 0.015625
0 0.041015625 0.779296875 0.016927083333333332 0.016927083333333332
0 0.18033854166666666 0.4114583333333333 0.014322916666666666 0.015625
0 0.2265625 0.337890625 0.015625 0.01171875
0 0.3287760416666667 0.4309895833333333 0.01171875 0.0078125
0 0.8567708333333334 0.1328125 0.013020833333333334 0.013020833333333334
0 0.708984375 0.0546875 0.01171875 0.010416666666666666
0 0.4947916666666667 0.12825520833333334 0.013020833333333334 0.01171875
0 0.14713541666666666 0.9837239583333334 0.11197916666666667 0.032552083333333336