0 0.2701822916666667 0.203125 0.032552083333333336 0.033854166666666664
0 0.19270833333333334 0.4251302083333333 0.0234375 0.01953125
0 0.15234375 0.4654947916666667 0.020833333333333332 0.01953125
0 0.5078125 0.3372395833333333 0.018229166666666668 0.020833333333333332
0 0.23111979166666666 0.7434895833333334 0.024739583333333332 0.026041666666666668
0 0.19205729166666666 0.7584635416666666 0.016927083333333332 0.014322916666666666
0 0.9375 0.6295572916666666 0.046875 0.061197916666666664
0 0.935546875 0.18815104166666666 0.022135416666666668 0.02734375
0 0.728515625 0.1484375 0.014322916666666666 0.018229166666666668
0 0.00390625 0.81640625 0.0078125 0.013020833333333334
0 0.7890625 0.201171875 0.010416666666666666 0.014322916666666666
0 0.8600260416666666 0.6477864583333334 0.01953125 0.022135416666666668
0 0.681640625 0.990234375 0.022135416666666668 0.014322916666666666
0 0.4264322916666667 0.3372395833333333 0.014322916666666666 0.013020833333333334
0 0.3430989583333333 0.12109375 0.01171875 0.013020833333333334
0 0.3541666666666667 0.5546875 0.010416666666666666 0.010416666666666666
0 0.96484375 0.22608072916666666 0.025755208333333297 0.023645833333333366
0 0.16967447916666667 0.23950520833333333 0.03272135416666666 0.03119791666666664
0 0.49854166666666666 0.0902734375 0.011419270833333309 0.01049479166666667
0 0.35376302083333333 0.15088541666666666 0.013164062500000018 0.013476562499999992
0 0.6645572916666667 0.31470052083333333 0.011250000000000057 0.010898437500000005
0 0.1416015625 0.521484375 0.009296874999999982 0.009557291666666709
0 0.1873828125 0.931640625 0.009557291666666634 0.00955729166666656
0 0.39916666666666667 0.5180729166666667 0.015299479166666666 0.014335937499999988
0 0.5493229166666667 0.8857421875 0.009934895833333327 0.010572916666666524
0 0.8530338541666667 0.46020833333333333 0.010690104166666714 0.010533854166666709
0 0.36841145833333333 0.019609375000000002 0.012526041666666673 0.012291666666666668
0 0.7251041666666667 0.32104166666666667 0.012421874999999952 0.012057291666666655
0 0.90625 0.62109375 0.009934895833333476 0.009856770833333398
0 0.5034244791666667 0.5542057291666667 0.01111979166666662 0.010611979166666638
0 0.3203125 0.42920572916666666 0.013216145833333304 0.013424479166666595
0 0.49096354166666667 0.3837890625 0.00927083333333334 0.009375000000000059
0 0.6875 0.5 0.00967447916666675 0.009635416666666638
0 0.701171875 0.3681640625 0.008854166666666607 0.009023437499999934
0 0.058229166666666665 0.7377994791666667 0.009088541666666672 0.009414062500000023
0 0.623046875 0.9150390625 0.008880208333333398 0.009596354166666524
0 0.08661458333333333 0.38598958333333333 0.009453124999999998 0.010533854166666709
0 0.7006901041666667 0.8330078125 0.008919270833333215 0.009453124999999988
0 0.6411197916666667 0.623046875 0.008320312499999982 0.008854166666666607
0 0.7495182291666667 0.8295963541666667 0.009127604166666655 0.009414062500000023
0 0.6596744791666667 0.5078125 0.008945312500000005 0.00927083333333334
0 0.48486979166666666 0.10126302083333333 0.009231770833333375 0.009192708333333336
0 0.6997135416666667 0.7890625 0.008007812500000119 0.008476562499999988
0 0.8559635416666667 0.47803385416666666 0.008736979166666714 0.008320312499999982
0 0.8852604166666667 0.5786197916666667 0.009713541666666714 0.009856770833333398
0 0.07055989583333333 0.6630859375 0.008736979166666659 0.009023437500000009
0 0.8169010416666667 0.34790364583333333 0.009231770833333227 0.009414062500000023
0 0.45873697916666667 0.7094791666666667 0.00916666666666662 0.009375000000000059