0 0.2766927083333333 0.6015625 0.032552083333333336 0.03125
0 0.16276041666666666 0.9205729166666666 0.026041666666666668 0.026041666666666668
0 0.18229166666666666 0.892578125 0.026041666666666668 0.016927083333333332
0 0.380859375 0.8470052083333334 0.01953125 0.022135416666666668
0 0.4563802083333333 0.638671875 0.024739583333333332 0.016927083333333332
0 0.3873697916666667 0.9596354166666666 0.01953125 0.018229166666666668
0 0.3059895833333333 0.513671875 0.026041666666666668 0.024739583333333332
0 0.15104166666666666 0.2845052083333333 0.0234375 0.022135416666666668
0 0.20703125 0.13606770833333334 0.033854166666666664 0.040364583333333336
0 0.15625 0.15885416666666666 0.026041666666666668 0.03125
0 0.051432291666666664 0.083984375 0.032552083333333336 0.024739583333333332
0 0.6549479166666666 0.57421875 0.059895833333333336 0.0625
0 0.74609375 0.5559895833333334 0.046875 0.044270833333333336
0 0.8828125 0.9388020833333334 0.03125 0.0234375
0 0.7623697916666666 0.24088541666666666 0.06640625 0.06510416666666667
0 0.802734375 0.19140625 0.014322916666666666 0.018229166666666668
0 0.458984375 0.4576822916666667 0.01953125 0.01953125
0 0.611328125 0.4505208333333333 0.01953125 0.015625
0 0.09309895833333333 0.5240885416666666 0.014322916666666666 0.01953125
0 0.23567708333333334 0.027994791666666668 0.0234375 0.01953125
0 0.4329427083333333 0.3352864583333333 0.01953125 0.01953125
0 0.6608072916666666 0.3736979166666667 0.01953125 0.018229166666666668
0 0.6354166666666666 0.22591145833333334 0.0078125 0.016927083333333332
0 0.5169270833333334 0.2604166666666667 0.013020833333333334 0.013020833333333334
0 0.12434895833333333 0.7259114583333334 0.014322916666666666 0.01953125
0 0.6451822916666666 0.4283854166666667 0.014322916666666666 0.013020833333333334
0 0.9095052083333334 0.42578125 0.01953125 0.018229166666666668
0 0.29296875 0.13216145833333334 0.013020833333333334 0.01953125
0 0.498046875 0.4615885416666667 0.01953125 0.024739583333333332
0 0.712890625 0.9947916666666666 0.01953125 0.010416666666666666
0 0.4361979166666667 0.7174479166666666 0.0390625 0.041666666666666664