0 0.3854166666666667 0.248046875 0.036458333333333336 0.032552083333333336
0 0.24283854166666666 0.2669270833333333 0.01953125 0.018229166666666668
0 0.251953125 0.3997395833333333 0.014322916666666666 0.013020833333333334
0 0.17578125 0.322265625 0.020833333333333332 0.016927083333333332
0 0.21354166666666666 0.4381510416666667 0.0234375 0.022135416666666668
0 0.17838541666666666 0.5540364583333334 0.015625 0.016927083333333332
0 0.11848958333333333 0.5944010416666666 0.0234375 0.01953125
0 0.19596354166666666 0.703125 0.016927083333333332 0.018229166666666668
0 0.2936197916666667 0.650390625 0.009114583333333334 0.009114583333333334
0 0.10807291666666667 0.9524739583333334 0.041666666666666664 0.037760416666666664
0 0.011067708333333334 0.837890625 0.014322916666666666 0.014322916666666666
0 0.022786458333333332 0.9381510416666666 0.040364583333333336 0.06901041666666667
0 0.287109375 0.05078125 0.040364583333333336 0.026041666666666668
0 0.92578125 0.939453125 0.013020833333333334 0.01171875
0 0.9869791666666666 0.7122395833333334 0.0234375 0.033854166666666664
0 0.97265625 0.8483072916666666 0.018229166666666668 0.022135416666666668
0 0.9244791666666666 0.9407552083333334 0.009114583333333334 0.009114583333333334