0 0.5833333333333334 0.6966145833333334 0.03125 0.036458333333333336
0 0.08854166666666667 0.6432291666666666 0.03125 0.033854166666666664
0 0.9453125 0.3157552083333333 0.028645833333333332 0.03515625
0 0.6946614583333334 0.880859375 0.022135416666666668 0.02734375
0 0.48828125 0.7513020833333334 0.026041666666666668 0.020833333333333332
0 0.12825520833333334 0.7389322916666666 0.016927083333333332 0.016927083333333332
0 0.4264322916666667 0.314453125 0.01953125 0.024739583333333332
0 0.7174479166666666 0.3665364583333333 0.0234375 0.01953125
0 0.5865885416666666 0.8736979166666666 0.014322916666666666 0.013020833333333334
0 0.41796875 0.8873697916666666 0.10677083333333333 0.08463541666666667
0 0.9127604166666666 0.11393229166666667 0.015625 0.016927083333333332
0 0.020182291666666668 0.91015625 0.014322916666666666 0.020833333333333332
0 0.9309895833333334 0.23763020833333334 0.015625 0.01953125