0 0.5201822916666666 0.2610677083333333 0.053385416666666664 0.05078125
0 0.5533854166666666 0.17447916666666666 0.015625 0.015625
0 0.024088541666666668 0.034505208333333336 0.022135416666666668 0.022135416666666668
0 0.009765625 0.3763020833333333 0.016927083333333332 0.015625
0 0.080078125 0.4186197916666667 0.014322916666666666 0.014322916666666666
0 0.24544270833333334 0.3430989583333333 0.037760416666666664 0.04296875
0 0.3723958333333333 0.4700520833333333 0.052083333333333336 0.049479166666666664
0 0.17903645833333334 0.630859375 0.022135416666666668 0.01953125
0 0.14127604166666666 0.7701822916666666 0.01953125 0.01953125
0 0.054036458333333336 0.7428385416666666 0.10026041666666667 0.10546875
0 0.21223958333333334 0.6796875 0.015625 0.013020833333333334
0 0.5670572916666666 0.71484375 0.022135416666666668 0.020833333333333332
0 0.5169270833333334 0.650390625 0.018229166666666668 0.016927083333333332
0 0.19205729166666666 0.10546875 0.01171875 0.013020833333333334
0 0.4596354166666667 0.9322916666666666 0.020833333333333332 0.020833333333333332
0 0.026041666666666668 0.9680989583333334 0.013020833333333334 0.014322916666666666
0 0.01953125 0.41015625 0.020833333333333332 0.020833333333333332
0 0.5579427083333334 0.4453125 0.014322916666666666 0.015625
0 0.14713541666666666 0.2552083333333333 0.010416666666666666 0.0078125
0 0.0078125 0.23502604166666666 0.013020833333333334 0.016927083333333332
0 0.3893229166666667 0.15950520833333334 0.015625 0.014322916666666666
0 0.3723958333333333 0.3619791666666667 0.013020833333333334 0.013020833333333334
0 0.5670572916666666 0.3372395833333333 0.009114583333333334 0.010416666666666666
0 0.681640625 0.892578125 0.01953125 0.01953125
0 0.7018229166666666 0.9095052083333334 0.010416666666666666 0.009114583333333334
0 0.3229166666666667 0.56640625 0.013020833333333334 0.013020833333333334
0 0.56640625 0.552734375 0.010416666666666666 0.009114583333333334
0 0.921875 0.3404947916666667 0.020833333333333332 0.022135416666666668
0 0.11328125 0.810546875 0.0078125 0.009114583333333334
0 0.19140625 0.966796875 0.010416666666666666 0.009114583333333334
0 0.21419270833333334 0.958984375 0.006510416666666667 0.006510416666666667
0 0.4876302083333333 0.2506510416666667 0.014322916666666666 0.016927083333333332
0 0.369140625 0.016927083333333332 0.01171875 0.010416666666666666