0 0.14518229166666666 0.3059895833333333 0.055989583333333336 0.057291666666666664
0 0.4329427083333333 0.15299479166666666 0.045572916666666664 0.04296875
0 0.306640625 0.06770833333333333 0.040364583333333336 0.0390625
0 0.4446614583333333 0.607421875 0.04296875 0.045572916666666664
0 0.443359375 0.3567708333333333 0.037760416666666664 0.041666666666666664
0 0.66796875 0.5403645833333334 0.020833333333333332 0.026041666666666668
0 0.2799479166666667 0.376953125 0.078125 0.08723958333333333
0 0.09440104166666667 0.7584635416666666 0.055989583333333336 0.05859375
0 0.7037760416666666 0.921875 0.02734375 0.03125
0 0.490234375 0.62890625 0.029947916666666668 0.03125
0 0.8313802083333334 0.4166666666666667 0.048177083333333336 0.052083333333333336
0 0.8274739583333334 0.4173177083333333 0.01953125 0.01953125
0 0.7122395833333334 0.8528645833333334 0.0546875 0.052083333333333336
0 0.8138020833333334 0.6438802083333334 0.015625 0.016927083333333332
0 0.8997395833333334 0.5475260416666666 0.08854166666666667 0.08723958333333333
0 0.8697916666666666 0.6881510416666666 0.049479166666666664 0.053385416666666664
0 0.8268229166666666 0.8352864583333334 0.09635416666666667 0.08984375
0 0.86328125 0.9049479166666666 0.0703125 0.0703125
0 0.9283854166666666 0.9049479166666666 0.020833333333333332 0.0234375
0 0.8697916666666666 0.0390625 0.020833333333333332 0.026041666666666668
0 0.8645833333333334 0.061848958333333336 0.044270833333333336 0.03515625
0 0.958984375 0.7669270833333334 0.08203125 0.11458333333333333
0 0.3170572916666667 0.7662760416666666 0.01953125 0.01953125
0 0.2578125 0.7532552083333334 0.020833333333333332 0.022135416666666668
0 0.0859375 0.4993489583333333 0.018229166666666668 0.01953125
0 0.22200520833333334 0.17122395833333334 0.01953125 0.01953125
0 0.08268229166666667 0.126953125 0.014322916666666666 0.014322916666666666
0 0.4973958333333333 0.07942708333333333 0.0234375 0.0234375
0 0.6979166666666666 0.373046875 0.015625 0.014322916666666666
0 0.75390625 0.2721354166666667 0.015625 0.015625
0 0.18229166666666666 0.4557291666666667 0.013020833333333334 0.015625
0 0.5520833333333334 0.19856770833333334 0.015625 0.014322916666666666
0 0.7975260416666666 0.21354166666666666 0.014322916666666666 0.015625
0 0.12174479166666667 0.8157552083333334 0.016927083333333332 0.016927083333333332
0 0.4817708333333333 0.7779947916666666 0.013020833333333334 0.01171875
0 0.7701822916666666 0.7395833333333334 0.014322916666666666 0.018229166666666668
0 0.8216145833333334 0.7708333333333334 0.015625 0.018229166666666668
0 0.7903645833333334 0.9173177083333334 0.015625 0.016927083333333332
0 0.3828125 0.9544270833333334 0.018229166666666668 0.015625
0 0.21875 0.20768229166666666 0.026041666666666668 0.02734375
0 0.2799479166666667 0.44921875 0.013020833333333334 0.013020833333333334
0 0.5052083333333334 0.3333333333333333 0.013020833333333334 0.013020833333333334
0 0.083984375 0.0859375 0.01171875 0.013020833333333334
0 0.6529947916666666 0.7447916666666666 0.037760416666666664 0.041666666666666664
0 0.6321614583333334 0.77734375 0.01171875 0.010416666666666666
0 0.7252604166666666 0.8020833333333334 0.015625 0.013020833333333334
0 0.5709635416666666 0.6139322916666666 0.01171875 0.01171875
0 0.802734375 0.7467447916666666 0.014322916666666666 0.016927083333333332
0 0.64453125 0.48046875 0.015625 0.015625
0 0.900390625 0.482421875 0.032552083333333336 0.029947916666666668
0 0.8489583333333334 0.462890625 0.013020833333333334 0.014322916666666666
0 0.9283854166666666 0.4466145833333333 0.015625 0.015625
0 0.90625 0.4283854166666667 0.013020833333333334 0.015625
0 0.9498697916666666 0.376953125 0.01171875 0.01171875
0 0.9635416666666666 0.3391927083333333 0.013020833333333334 0.01171875
0 0.7805989583333334 0.5358072916666666 0.029947916666666668 0.029947916666666668
0 0.84765625 0.24088541666666666 0.013020833333333334 0.013020833333333334
0 0.8515625 0.2747395833333333 0.013020833333333334 0.013020833333333334
0 0.3763020833333333 0.2688802083333333 0.010416666666666666 0.01171875
0 0.3841145833333333 0.2845052083333333 0.010416666666666666 0.01171875
0 0.8098958333333334 0.14453125 0.010416666666666666 0.013020833333333334
0 0.7213541666666666 0.125 0.013020833333333334 0.013020833333333334
0 0.73828125 0.08333333333333333 0.010416666666666666 0.010416666666666666
0 0.8033854166666666 0.064453125 0.041666666666666664 0.040364583333333336
0 0.888671875 0.044921875 0.014322916666666666 0.016927083333333332
0 0.9733072916666666 0.059895833333333336 0.01171875 0.010416666666666666
0 0.9596354166666666 0.9016927083333334 0.013020833333333334 0.014322916666666666
0 0.9954427083333334 0.8450520833333334 0.009114583333333334 0.026041666666666668
0 0.06966145833333333 0.7545572916666666 0.024739583333333332 0.02734375
0 0.039713541666666664 0.7259114583333334 0.014322916666666666 0.014322916666666666
0 0.11848958333333333 0.6979166666666666 0.013020833333333334 0.013020833333333334
0 0.10611979166666667 0.6100260416666666 0.01171875 0.01171875