0 0.6751302083333334 0.029947916666666668 0.029947916666666668 0.03125
0 0.8326822916666666 0.3984375 0.05859375 0.0546875
0 0.83984375 0.72265625 0.03125 0.026041666666666668
0 0.7819010416666666 0.939453125 0.03515625 0.032552083333333336
0 0.3984375 0.61328125 0.028645833333333332 0.028645833333333332
0 0.5859375 0.642578125 0.026041666666666668 0.022135416666666668
0 0.3697916666666667 0.8190104166666666 0.0234375 0.0234375
0 0.318359375 0.19205729166666666 0.02734375 0.029947916666666668
0 0.12369791666666667 0.6015625 0.026041666666666668 0.026041666666666668
0 0.11263020833333333 0.4342447916666667 0.016927083333333332 0.016927083333333332
0 0.970703125 0.04296875 0.022135416666666668 0.020833333333333332
0 0.18489583333333334 0.8138020833333334 0.07291666666666667 0.078125
0 0.091796875 0.7135416666666666 0.014322916666666666 0.018229166666666668
0 0.5162760416666666 0.7473958333333334 0.024739583333333332 0.0234375
0 0.055338541666666664 0.5078125 0.014322916666666666 0.015625