0 0.34375 0.17447916666666666 0.20572916666666666 0.203125
0 0.012369791666666666 0.029296875 0.022135416666666668 0.032552083333333336
0 0.13671875 0.40625 0.020833333333333332 0.020833333333333332
0 0.259765625 0.4010416666666667 0.01171875 0.013020833333333334
0 0.6536458333333334 0.2955729166666667 0.1015625 0.109375
0 0.7044270833333334 0.06901041666666667 0.018229166666666668 0.018229166666666668
0 0.08854166666666667 0.5397135416666666 0.018229166666666668 0.01953125
0 0.12174479166666667 0.6393229166666666 0.022135416666666668 0.020833333333333332
0 0.07877604166666667 0.763671875 0.01953125 0.022135416666666668
0 0.030598958333333332 0.7063802083333334 0.032552083333333336 0.032552083333333336
0 0.51171875 0.568359375 0.028645833333333332 0.02734375
0 0.6048177083333334 0.451171875 0.037760416666666664 0.03515625
0 0.5852864583333334 0.3606770833333333 0.022135416666666668 0.020833333333333332
0 0.15234375 0.21940104166666666 0.03125 0.02734375
0 0.025390625 0.8385416666666666 0.048177083333333336 0.049479166666666664
0 0.279296875 0.8138020833333334 0.19140625 0.1953125
0 0.3990885416666667 0.8359375 0.022135416666666668 0.020833333333333332
0 0.4440104166666667 0.6881510416666666 0.0234375 0.022135416666666668
0 0.486328125 0.6393229166666666 0.016927083333333332 0.015625
0 0.7122395833333334 0.853515625 0.059895833333333336 0.055989583333333336
0 0.8209635416666666 0.818359375 0.02734375 0.024739583333333332
0 0.1015625 0.8932291666666666 0.013020833333333334 0.013020833333333334
0 0.4466145833333333 0.7532552083333334 0.015625 0.016927083333333332
0 0.7376302083333334 0.4095052083333333 0.016927083333333332 0.016927083333333332
0 0.9244791666666666 0.4166666666666667 0.0234375 0.020833333333333332
0 0.796875 0.19140625 0.015625 0.013020833333333334
0 0.8470052083333334 0.07942708333333333 0.08463541666666667 0.08333333333333333
0 0.41796875 0.8587239583333334 0.015625 0.016927083333333332
0 0.4453125 0.7734375 0.013020833333333334 0.013020833333333334
0 0.17317708333333334 0.061197916666666664 0.028645833333333332 0.026041666666666668
0 0.3958333333333333 0.32421875 0.049479166666666664 0.044270833333333336
0 0.19921875 0.4420572916666667 0.07291666666666667 0.06901041666666667
0 0.009114583333333334 0.6614583333333334 0.013020833333333334 0.018229166666666668
0 0.006510416666666667 0.6796875 0.010416666666666666 0.013020833333333334
0 0.026041666666666668 0.7884114583333334 0.0078125 0.009114583333333334
0 0.3092447916666667 0.986328125 0.01171875 0.01171875
0 0.4733072916666667 0.9889322916666666 0.014322916666666666 0.014322916666666666
0 0.5709635416666666 0.3385416666666667 0.014322916666666666 0.013020833333333334
0 0.7408854166666666 0.5325520833333334 0.013020833333333334 0.013020833333333334
0 0.7669270833333334 0.5442708333333334 0.010416666666666666 0.010416666666666666
0 0.720703125 0.482421875 0.009114583333333334 0.009114583333333334
0 0.533203125 0.8580729166666666 0.01171875 0.010416666666666666
0 0.5872395833333334 0.8997395833333334 0.010416666666666666 0.010416666666666666
0 0.80078125 0.7486979166666666 0.013020833333333334 0.013020833333333334
0 0.8795572916666666 0.5631510416666666 0.009114583333333334 0.009114583333333334
0 0.8587239583333334 0.54296875 0.009114583333333334 0.010416666666666666
0 0.8515625 0.9186197916666666 0.013020833333333334 0.014322916666666666
0 0.9928385416666666 0.4173177083333333 0.01171875 0.01171875
0 0.8684895833333334 0.3333333333333333 0.0078125 0.010416666666666666
0 0.8912760416666666 0.17838541666666666 0.006510416666666667 0.0078125
0 0.970703125 0.19010416666666666 0.05859375 0.09635416666666667
0 0.861328125 0.287109375 0.18098958333333334 0.17317708333333334
0 0.7604166666666666 0.119140625 0.010416666666666666 0.01171875
0 0.314453125 0.19401041666666666 0.01171875 0.013020833333333334
0 0.318359375 0.14778645833333334 0.01171875 0.01171875