0 0.2584635416666667 0.09635416666666667 0.04296875 0.044270833333333336
0 0.11067708333333333 0.3079427083333333 0.026041666666666668 0.014322916666666666
0 0.08919270833333333 0.3658854166666667 0.022135416666666668 0.026041666666666668
0 0.042317708333333336 0.4680989583333333 0.01953125 0.01953125
0 0.509765625 0.5032552083333334 0.024739583333333332 0.024739583333333332
0 0.7486979166666666 0.4264322916666667 0.026041666666666668 0.03515625
0 0.96875 0.4537760416666667 0.018229166666666668 0.01953125
0 0.8997395833333334 0.5436197916666666 0.015625 0.016927083333333332
0 0.88671875 0.8463541666666666 0.015625 0.015625
0 0.9674479166666666 0.41796875 0.03125 0.026041666666666668
0 0.525390625 0.109375 0.016927083333333332 0.0078125
0 0.8854166666666666 0.9713541666666666 0.013020833333333334 0.013020833333333334
0 0.384765625 0.9401041666666666 0.01171875 0.013020833333333334
0 0.3190104166666667 0.3548177083333333 0.013020833333333334 0.016927083333333332
0 0.4817708333333333 0.125 0.013020833333333334 0.013020833333333334