0 0.615234375 0.4895833333333333 0.048177083333333336 0.046875
0 0.048828125 0.2643229166666667 0.01953125 0.026041666666666668
0 0.08854166666666667 0.3151041666666667 0.09635416666666667 0.09375
0 0.232421875 0.16015625 0.029947916666666668 0.026041666666666668
0 0.10091145833333333 0.18619791666666666 0.032552083333333336 0.026041666666666668
0 0.3971354166666667 0.18033854166666666 0.0390625 0.040364583333333336
0 0.5110677083333334 0.17643229166666666 0.22786458333333334 0.18880208333333334
0 0.5247395833333334 0.15104166666666666 0.03125 0.03125
0 0.599609375 0.048177083333333336 0.024739583333333332 0.0234375
0 0.5514322916666666 0.58984375 0.022135416666666668 0.026041666666666668
0 0.673828125 0.2662760416666667 0.01953125 0.016927083333333332
0 0.578125 0.5690104166666666 0.018229166666666668 0.015625
0 0.322265625 0.09440104166666667 0.01953125 0.016927083333333332
0 0.8567708333333334 0.97265625 0.018229166666666668 0.015625
0 0.908203125 0.9251302083333334 0.01953125 0.01953125
0 0.044921875 0.07356770833333333 0.014322916666666666 0.016927083333333332
0 0.4986979166666667 0.6959635416666666 0.020833333333333332 0.016927083333333332
0 0.556640625 0.6341145833333334 0.016927083333333332 0.018229166666666668
0 0.4752604166666667 0.8567708333333334 0.020833333333333332 0.020833333333333332
0 0.1640625 0.5377604166666666 0.013020833333333334 0.013020833333333334
0 0.8522135416666666 0.8463541666666666 0.009114583333333334 0.010416666666666666
0 0.8528645833333334 0.376953125 0.013020833333333334 0.01171875
0 0.8776041666666666 0.13541666666666666 0.010416666666666666 0.010416666666666666
0 0.7415364583333334 0.07747395833333333 0.01171875 0.01171875
0 0.5696614583333334 0.007161458333333333 0.016927083333333332 0.01171875