0 0.14221354166666667 0.6337890625 0.011835937500000004 0.011927083333333291
0 0.7060546875 0.7900390625 0.011132812499999941 0.011171874999999906
0 0.6416015625 0.7807682291666667 0.010755208333333321 0.010559895833333202
0 0.38135416666666666 0.6176822916666667 0.011744791666666643 0.011171875000000053
0 0.5395572916666667 0.669921875 0.013528645833333316 0.012682291666666679
0 0.25658854166666667 0.6201171875 0.012018229166666691 0.011744791666666643
0 0.5219791666666667 0.875 0.011302083333333268 0.010716145833333357
0 0.45361979166666666 0.7861328125 0.010078125000000012 0.010625000000000107
0 0.5502994791666667 0.7641666666666667 0.009739583333333357 0.009739583333333357
0 0.5395572916666667 0.22815104166666667 0.011093749999999977 0.01079427083333336
0 0.6943359375 0.37158854166666666 0.011223958333333192 0.010755208333333321
0 0.5356510416666667 0.6381901041666667 0.009778645833333321 0.009518229166666595
0 0.31640625 0.8823307291666667 0.00927083333333334 0.009270833333333192
0 0.057278645833333336 0.61328125 0.008919270833333326 0.009296874999999982
0 0.5170963541666667 0.14697916666666666 0.010833333333333398 0.010429687499999988
0 0.17028645833333333 0.11553385416666667 0.011575520833333316 0.010794270833333322
0 0.8999088541666667 0.7836979166666667 0.01027343750000013 0.009921874999999858
0 0.7456119791666667 0.7763671875 0.01748697916666675 0.01651041666666675
0 0.17639322916666667 0.876953125 0.010117187499999977 0.010312500000000094
0 0.8286197916666667 0.7275390625 0.011263020833333451 0.01083333333333325
0 0.46459635416666667 0.9267578125 0.008919270833333362 0.009231770833333227
0 0.818359375 0.7397526041666667 0.010559895833333202 0.010625000000000107
0 0.9243229166666667 0.96484375 0.014882812500000083 0.014062499999999941
0 0.28760416666666666 0.22240885416666667 0.02757812500000001 0.024947916666666698
0 0.7666015625 0.470703125 0.014830729166666798 0.013893229166666613
0 0.5483463541666667 0.8481510416666667 0.010156249999999941 0.009882812499999893
0 0.21252604166666667 0.87890625 0.008880208333333325 0.009622395833333464
0 0.46729166666666666 0.669921875 0.018020833333333375 0.017682291666666645
0 0.38721354166666666 0.8779296875 0.011705729166666679 0.011601562500000107
0 0.40697916666666667 0.47045572916666667 0.009335937499999947 0.009231770833333375
0 0.5639713541666667 0.6875 0.012161458333333375 0.011888020833333476
0 0.1328125 0.06865885416666666 0.011354166666666665 0.010598958333333333
0 0.5966796875 0.37354166666666666 0.10203125000000002 0.10496093750000002
0 0.716796875 0.4990234375 0.015585937500000036 0.014778645833333362
0 0.6225651041666667 0.6665104166666667 0.04218749999999997 0.04444010416666674
0 0.48169270833333333 0.32861979166666666 0.014609375000000036 0.013736979166666644
0 0.027005208333333332 0.8193359375 0.011927083333333338 0.011835937499999893
0 0.5649479166666667 0.9399479166666667 0.009049479166666726 0.009778645833333321
0 0.08227864583333333 0.900390625 0.010507812499999991 0.010794270833333286
0 0.32006510416666667 0.44067708333333333 0.01143229166666663 0.010716145833333357
0 0.7758854166666667 0.9331119791666667 0.033697916666666806 0.030312499999999964
0 0.6450260416666667 0.2216796875 0.08536458333333326 0.08579427083333331
0 0.5600651041666667 0.43213541666666666 0.008919270833333362 0.008815104166666643
0 0.7778385416666667 0.6450260416666667 0.028489583333333474 0.026406249999999964
0 0.07397135416666667 0.42139322916666666 0.011132812499999997 0.010716145833333357
0 0.49096354166666667 0.46166666666666667 0.009088541666666691 0.009296874999999982
0 0.24963541666666667 0.9267578125 0.009401041666666702 0.00929687500000013
0 0.23682291666666666 0.5766666666666667 0.011171874999999979 0.010312499999999947
0 0.8042057291666667 0.4599609375 0.015468750000000142 0.014726562499999929
0 0.5258854166666667 0.10540364583333334 0.014947916666666691 0.013997395833333334
0 0.4501953125 0.65234375 0.010390625000000023 0.010312499999999947
0 0.048216145833333335 0.8505859375 0.008984375000000008 0.009440104166666666
0 0.30322916666666666 0.18981770833333333 0.01677083333333333 0.01582031249999997
0 0.8286197916666667 0.921875 0.009375000000000059 0.010078125000000012
0 0.7758854166666667 0.18420572916666667 0.009231770833333227 0.009088541666666691
0 0.40186197916666666 0.90625 0.010468749999999952 0.009960937500000119
0 0.6870182291666667 0.07451822916666666 0.009114583333333334 0.009153645833333335
0 0.48950520833333333 0.7797916666666667 0.008476562499999988 0.008645833333333464
0 0.30346354166666667 0.32421875 0.02532552083333332 0.02467447916666669
0 0.6137760416666667 0.36255208333333333 0.010390625000000023 0.009921875000000005
0 0.35180989583333333 0.8520572916666667 0.01220052083333334 0.012434895833333274
0 0.21947916666666667 0.47901041666666666 0.01079427083333336 0.010624999999999959
0 0.5454166666666667 0.9467838541666667 0.010078125000000012 0.009960937500000119
0 0.034088541666666666 0.13635416666666667 0.009739583333333338 0.009960937500000008
0 0.8667057291666667 0.7504947916666667 0.00929687500000013 0.009114583333333334
0 0.0809375 0.92578125 0.01100260416666666 0.010794270833333286
0 0.24072916666666666 0.892578125 0.011979166666666652 0.011523437499999881
0 0.7548828125 0.7905338541666667 0.009882812499999893 0.009882812499999893
0 0.2890625 0.8330078125 0.007721354166666676 0.008177083333333298
0 0.1873828125 0.7099609375 0.008815104166666643 0.009088541666666691
0 0.888671875 0.49682291666666667 0.00929687500000013 0.009557291666666709
0 0.09057291666666667 0.205078125 0.009440104166666666 0.00898437499999997
0 0.139765625 0.8647526041666667 0.00927083333333334 0.00929687500000013
0 0.35986979166666666 0.703125 0.00829427083333334 0.008619791666666524
0 0.05684895833333333 0.0173828125 0.013528645833333333 0.013372395833333333
0 0.07354166666666666 0.966796875 0.008515625000000008 0.009335937500000094
0 0.14221354166666667 0.46875 0.010390624999999987 0.010039062500000048
0 0.7358463541666667 0.44604166666666667 0.020624999999999893 0.019791666666666725
0 0.27123697916666667 0.8598697916666667 0.008424479166666702 0.008645833333333464
0 0.662109375 0.6552734375 0.008958333333333327 0.009153645833333298
0 0.8955078125 0.35424479166666667 0.10643229166666668 0.10026041666666667
0 0.810546875 0.5649479166666667 0.009622395833333464 0.009518229166666595
0 0.08618489583333333 0.9482421875 0.00904947916666666 0.009622395833333464
0 0.14453125 0.6650390625 0.009374999999999986 0.009518229166666595
0 0.9086979166666667 0.47240885416666667 0.06394531249999987 0.06266927083333333
0 0.6284244791666667 0.32764322916666666 0.020468750000000036 0.019401041666666636
0 0.40942708333333333 0.5537109375 0.008710937500000071 0.00927083333333334
0 0.9111328125 0.09704427083333333 0.010351562500000059 0.010000000000000009
0 0.5859375 0.9624088541666667 0.008645833333333316 0.00955729166666656
0 0.9716796875 0.8764713541666667 0.009817708333333286 0.009114583333333334
0 0.7534244791666667 0.8818359375 0.008242187499999906 0.008059895833333405
0 0.8935546875 0.5688541666666667 0.05281249999999993 0.05329427083333327
0 0.30005208333333333 0.9721744791666667 0.008958333333333327 0.009440104166666666
0 0.75 0.8784244791666667 0.10752604166666657 0.11075520833333326
0 0.5590885416666667 0.8256901041666667 0.04813802083333337 0.04968750000000011
0 0.515625 0.5053776041666667 0.009088541666666691 0.009023437499999934
0 0.7900390625 0.23657552083333333 0.009049479166666726 0.00884114583333336
0 0.44458333333333333 0.9409244791666667 0.007460937500000024 0.008593749999999881
0 0.32178385416666666 0.26514322916666666 0.010351562499999986 0.00981770833333336
0 0.05779947916666667 0.5971744791666667 0.008619791666666673 0.008958333333333327
0 0.158203125 0.03229166666666667 0.029075520833333313 0.024192708333333337
0 0.6557682291666667 0.5229557291666667 0.009114583333333334 0.009700520833333393
0 0.21130208333333333 0.9970182291666667 0.00957031250000003 0.005963541666666572
0 0.30029947916666666 0.043125 0.012434895833333348 0.011523437499999997
0 0.6220703125 0.7592838541666667 0.008554687500000066 0.009335937500000094
0 0.34057291666666667 0.5239322916666667 0.008515624999999952 0.008580729166666709
0 0.08587239583333334 0.9751041666666667 0.009296874999999991 0.010390625000000023
0 0.5458984375 0.34790364583333333 0.013320312500000023 0.012109374999999941
0 0.8681640625 0.91796875 0.03834635416666673 0.028867187500000096
0 0.9565494791666667 0.6337890625 0.08658854166666667 0.08261718750000006
0 0.10522135416666667 0.6796875 0.007773437499999998 0.008177083333333298
0 0.259765625 0.6518619791666667 0.009374999999999986 0.009921875000000005
0 0.29248697916666666 0.046197916666666665 0.00996093749999997 0.009583333333333333
0 0.8911197916666667 0.019908854166666667 0.009960937500000119 0.009440104166666666
0 0.623046875 0.034088541666666666 0.010598958333333316 0.009401041666666665
0 0.013020833333333334 0.26489583333333333 0.015937500000000004 0.016380208333333313
0 0.34692708333333333 0.8828125 0.008710937500000071 0.009440104166666666
0 0.421875 0.8618229166666667 0.004635416666666596 0.005208333333333333
0 0.1561328125 0.38208333333333333 0.012018229166666653 0.01416666666666666
0 0.3564453125 0.42455729166666667 0.007864583333333286 0.008177083333333298
0 0.5966796875 0.564453125 0.0077734375000000355 0.008333333333333304
0 0.4990234375 0.9848697916666667 0.008958333333333327 0.008919270833333215
0 0.7294921875 0.14111979166666666 0.030546875000000046 0.029973958333333345
0 0.7060546875 0.6840885416666667 0.0072265624999999405 0.008268229166666549
0 0.34619791666666666 0.859375 0.014882812499999934 0.016328124999999954
0 0.8388671875 0.9814453125 0.008750000000000036 0.00947916666666663
0 0.021328125 0.23596354166666667 0.008749999999999999 0.008958333333333327
0 0.486328125 0.11475260416666666 0.03095052083333331 0.029036458333333348
0 0.33666666666666667 0.857421875 0.009999999999999972 0.011354166666666702
0 0.2333984375 0.5712890625 0.04804687499999997 0.04734375000000002
0 0.27319010416666667 0.5717838541666667 0.05154947916666671 0.05186197916666672
0 0.9404296875 0.07610677083333334 0.10868489583333336 0.12498697916666664
0 0.404296875 0.2010546875 0.04563802083333327 0.043372395833333334
0 0.9838932291666667 0.7504947916666667 0.032083333333333464 0.10605468750000006
0 0.748046875 0.9829166666666667 0.009401041666666702 0.009401041666666702
0 0.9966015625 0.31177083333333333 0.0067968750000000355 0.010664062499999996
0 0.9965755208333333 0.057499999999999996 0.0068489583333333215 0.010546874999999992
0 0.9585026041666667 0.0938671875 0.007955729166666536 0.008372395833333343
0 0.9345703125 0.21338541666666666 0.12839843749999988 0.1626953125
0 0.44092447916666666 0.73828125 0.009518229166666595 0.010000000000000083
0 0.642578125 0.8662109375 0.010755208333333321 0.010078125000000012
0 0.6474609375 0.9013671875 0.05015624999999998 0.04554687500000002
0 0.6733463541666667 0.755859375 0.023802083333333297 0.02382812499999994
0 0.9892578125 0.05834635416666667 0.010000000000000083 0.009661458333333336
0 0.02981770833333333 0.263671875 0.05833333333333333 0.0887890625