0 0.212890625 0.51953125 0.09765625 0.11197916666666667
0 0.4986979166666667 0.5345052083333334 0.026041666666666668 0.032552083333333336
0 0.30859375 0.5013020833333334 0.036458333333333336 0.033854166666666664
0 0.4485677083333333 0.8665364583333334 0.016927083333333332 0.01953125
0 0.3541666666666667 0.2708333333333333 0.0234375 0.026041666666666668
0 0.22200520833333334 0.16471354166666666 0.024739583333333332 0.024739583333333332
0 0.10091145833333333 0.0390625 0.024739583333333332 0.028645833333333332
0 0.4576822916666667 0.2727864583333333 0.045572916666666664 0.055989583333333336
0 0.4361979166666667 0.21875 0.041666666666666664 0.0390625
0 0.482421875 0.12955729166666666 0.032552083333333336 0.04296875
0 0.73828125 0.7838541666666666 0.0546875 0.0546875
0 0.8489583333333334 0.9446614583333334 0.028645833333333332 0.032552083333333336
0 0.7076822916666666 0.375 0.037760416666666664 0.0390625
0 0.7721354166666666 0.248046875 0.026041666666666668 0.032552083333333336
0 0.8444010416666666 0.3092447916666667 0.02734375 0.02734375
0 0.9407552083333334 0.9479166666666666 0.016927083333333332 0.026041666666666668
0 0.9303385416666666 0.8984375 0.048177083333333336 0.057291666666666664
0 0.5364583333333334 0.765625 0.0234375 0.026041666666666668
0 0.90234375 0.12630208333333334 0.0390625 0.049479166666666664
0 0.8346354166666666 0.0546875 0.125 0.1015625
0 0.9811197916666666 0.11783854166666667 0.02734375 0.032552083333333336
0 0.470703125 0.5071614583333334 0.01953125 0.016927083333333332
0 0.59375 0.599609375 0.020833333333333332 0.01953125
0 0.6256510416666666 0.6712239583333334 0.01953125 0.01953125
0 0.009114583333333334 0.9850260416666666 0.015625 0.024739583333333332
0 0.3268229166666667 0.7356770833333334 0.018229166666666668 0.018229166666666668
0 0.3079427083333333 0.890625 0.016927083333333332 0.018229166666666668
0 0.37109375 0.8860677083333334 0.020833333333333332 0.016927083333333332
0 0.6302083333333334 0.23307291666666666 0.015625 0.015625
0 0.7083333333333334 0.857421875 0.015625 0.016927083333333332
0 0.7154947916666666 0.5397135416666666 0.016927083333333332 0.014322916666666666
0 0.7005208333333334 0.634765625 0.013020833333333334 0.01171875
0 0.759765625 0.95703125 0.01171875 0.010416666666666666
0 0.8430989583333334 0.9798177083333334 0.016927083333333332 0.016927083333333332
0 0.8522135416666666 0.3671875 0.014322916666666666 0.015625
0 0.86328125 0.234375 0.015625 0.013020833333333334