0 0.29774739583333326 0.04253906249999998 0.025429687499999964 0.027057291666666667
0 0.1897526041666667 0.04253906249999998 0.030143229166666636 0.0302734375
0 0.4908854166666667 0.008463541666666666 0.028645833333333332 0.016927083333333332
0 0.9928385416666666 0.006510416666666667 0.014322916666666666 0.013020833333333334
0 0.3402864583333334 0.2212239583333333 0.029583333333333368 0.028906249999999984
0 0.15178385416666673 0.5334374999999999 0.026835937500000018 0.025833333333333375
0 0.7539583333333333 0.12238281250000001 0.02802083333333331 0.026835937500000018
0 0.6583984375000002 0.05415364583333334 0.027161458333333277 0.026432291666666663
0 0.24276041666666673 0.19994791666666667 0.02446614583333336 0.022994791666666698
0 0.08699218749999993 0.704921875 0.026953124999999994 0.027161458333333204
0 0.990234375 0.205078125 0.01953125 0.024739583333333332
0 0.34356770833333333 0.4293619791666667 0.023098958333333346 0.021861979166666618
0 0.98828125 0.39453125 0.0234375 0.026041666666666668
0 0.9411588541666666 0.11813802083333336 0.03643229166666669 0.031822916666666666
0 0.9280729166666667 0.6990364583333334 0.024361979166666714 0.025234375000000142
0 0.6780338541666667 0.6401302083333333 0.021458333333333357 0.0224609375
0 0.32131510416666664 0.7173567708333333 0.022825520833333297 0.022825520833333297
0 0.006510416666666667 0.07161458333333333 0.013020833333333334 0.026041666666666668
0 0.47839843749999994 0.6361979166666667 0.025520833333333364 0.024570312500000007
0 0.505234375 0.7657942708333333 0.026835937500000018 0.03332031249999989
0 0.8102473958333333 0.6126302083333334 0.03949218749999991 0.03614583333333332
0 0.40967447916666666 0.5367057291666667 0.026119791666666597 0.026223958333333314
0 0.6583984375000002 0.4633984375 0.02335937500000007 0.0224609375
0 0.48625000000000007 0.3642447916666667 0.030143229166666636 0.0282291666666666
0 0.6426953124999999 0.1367838541666667 0.04516927083333341 0.038736979166666664
0 0.7696744791666665 0.8319010416666667 0.02683593749999987 0.027473958333333215
0 0.4927994791666667 0.732421875 0.025429687499999964 0.023541666666666572
0 0.7264713541666667 0.2820963541666666 0.026223958333333464 0.025520833333333364
0 0.020182291666666668 0.4811197916666667 0.040364583333333336 0.05859375
0 0.007161458333333333 0.7897135416666666 0.014322916666666666 0.01953125
0 0.929375 0.7841276041666667 0.02335937500000007 0.023255208333333204
0 0.42014322916666663 0.2297265625 0.13622395833333334 0.152421875
0 0.06080729166666673 0.8247005208333333 0.0234375 0.024283854166666785
0 0.007161458333333333 0.4069010416666667 0.014322916666666666 0.02734375
0 0.9018880208333334 0.4863151041666667 0.03084635416666674 0.024934895833333304
0 0.7002864583333333 0.8116145833333334 0.04072916666666663 0.04263020833333334
0 0.43389322916666667 0.8482682291666667 0.03643229166666669 0.03256510416666666
0 0.2656770833333333 0.9307421874999999 0.02812500000000003 0.027903645833333417
0 0.6649479166666667 0.9163411458333334 0.02523437500000007 0.025429687499999964
0 0.14589843749999995 0.8875390625 0.04925781249999998 0.04696614583333325
0 0.5130859375 0.7612109375 0.06750000000000005 0.06660156250000011
0 0.5615234375 0.5995442708333334 0.06647135416666661 0.06880208333333337
0 0.5916406250000001 0.5857942708333334 0.11847656250000001 0.11847656250000001
0 0.8298828124999998 0.20911458333333335 0.060546875 0.05441406250000003