0 0.13151041666666666 0.6061197916666666 0.018229166666666668 0.01953125
0 0.16080729166666666 0.4205729166666667 0.01953125 0.026041666666666668
0 0.23697916666666666 0.5950520833333334 0.049479166666666664 0.0390625
0 0.16471354166666666 0.6927083333333334 0.01953125 0.015625
0 0.181640625 0.724609375 0.11328125 0.11848958333333333
0 0.24674479166666666 0.73828125 0.016927083333333332 0.0234375
0 0.4095052083333333 0.853515625 0.16015625 0.16276041666666666
0 0.5872395833333334 0.900390625 0.0703125 0.06380208333333333
0 0.552734375 0.71875 0.022135416666666668 0.015625
0 0.591796875 0.7220052083333334 0.022135416666666668 0.022135416666666668
0 0.2760416666666667 0.2766927083333333 0.036458333333333336 0.02734375
0 0.30859375 0.2825520833333333 0.028645833333333332 0.036458333333333336
0 0.6842447916666666 0.5891927083333334 0.08463541666666667 0.07682291666666667
0 0.619140625 0.5104166666666666 0.01953125 0.0234375
0 0.7135416666666666 0.7584635416666666 0.06510416666666667 0.06640625
0 0.7493489583333334 0.806640625 0.01953125 0.016927083333333332
0 0.7662760416666666 0.5963541666666666 0.02734375 0.026041666666666668
0 0.6555989583333334 0.3997395833333333 0.06380208333333333 0.06510416666666667
0 0.6959635416666666 0.12890625 0.016927083333333332 0.020833333333333332
0 0.7526041666666666 0.119140625 0.1171875 0.14192708333333334
0 0.9583333333333334 0.11653645833333333 0.03125 0.032552083333333336
0 0.4830729166666667 0.361328125 0.020833333333333332 0.02734375
0 0.4153645833333333 0.036458333333333336 0.0390625 0.0390625
0 0.4537760416666667 0.026692708333333332 0.014322916666666666 0.01953125
0 0.39453125 0.580078125 0.013020833333333334 0.01953125
0 0.609375 0.6015625 0.013020833333333334 0.015625
0 0.5319010416666666 0.5924479166666666 0.01171875 0.018229166666666668
0 0.4505208333333333 0.56640625 0.018229166666666668 0.018229166666666668
0 0.06575520833333333 0.9869791666666666 0.01953125 0.013020833333333334
0 0.310546875 0.9602864583333334 0.01171875 0.014322916666666666
0 0.11588541666666667 0.9088541666666666 0.22135416666666666 0.16927083333333334
0 0.2109375 0.966796875 0.0234375 0.02734375
0 0.23828125 0.08138020833333333 0.026041666666666668 0.014322916666666666
0 0.2643229166666667 0.042317708333333336 0.026041666666666668 0.024739583333333332
0 0.8665364583333334 0.90234375 0.032552083333333336 0.0390625
0 0.9251302083333334 0.8795572916666666 0.01953125 0.01953125
0 0.962890625 0.796875 0.016927083333333332 0.0234375
0 0.984375 0.9576822916666666 0.020833333333333332 0.032552083333333336
0 0.98828125 0.7486979166666666 0.013020833333333334 0.020833333333333332
0 0.84765625 0.80859375 0.018229166666666668 0.013020833333333334
0 0.287109375 0.11979166666666667 0.01953125 0.015625
0 0.005859375 0.423828125 0.009114583333333334 0.01953125
0 0.4049479166666667 0.7024739583333334 0.018229166666666668 0.009114583333333334
0 0.583984375 0.4791666666666667 0.014322916666666666 0.013020833333333334
0 0.7174479166666666 0.52734375 0.018229166666666668 0.018229166666666668
0 0.62109375 0.279296875 0.015625 0.016927083333333332
0 0.6940104166666666 0.751953125 0.013020833333333334 0.014322916666666666
0 0.6901041666666666 0.23828125 0.015625 0.013020833333333334
0 0.416015625 0.09049479166666667 0.022135416666666668 0.009114583333333334
0 0.8424479166666666 0.13736979166666666 0.010416666666666666 0.01953125
0 0.8430989583333334 0.5852864583333334 0.055989583333333336 0.06901041666666667
0 0.857421875 0.7493489583333334 0.024739583333333332 0.01953125
0 0.98046875 0.6907552083333334 0.026041666666666668 0.045572916666666664