0 0.6647135416666666 0.3365885416666667 0.02734375 0.024739583333333332
0 0.4036458333333333 0.5182291666666666 0.026041666666666668 0.026041666666666668
0 0.32421875 0.5703125 0.026041666666666668 0.026041666666666668
0 0.22135416666666666 0.6822916666666666 0.020833333333333332 0.020833333333333332
0 0.16015625 0.669921875 0.03125 0.02734375
0 0.5319010416666666 0.794921875 0.05859375 0.05859375
0 0.7936197916666666 0.18033854166666666 0.029947916666666668 0.02734375
0 0.607421875 0.3971354166666667 0.022135416666666668 0.020833333333333332
0 0.19791666666666666 0.7630208333333334 0.018229166666666668 0.018229166666666668
0 0.3821614583333333 0.8704427083333334 0.022135416666666668 0.022135416666666668
0 0.17122395833333334 0.11783854166666667 0.022135416666666668 0.016927083333333332
0 0.498046875 0.08268229166666667 0.01953125 0.01953125
0 0.65625 0.034505208333333336 0.015625 0.016927083333333332
0 0.9602864583333334 0.10807291666666667 0.01953125 0.026041666666666668
0 0.654296875 0.7298177083333334 0.01953125 0.01953125
0 0.73046875 0.759765625 0.028645833333333332 0.032552083333333336
0 0.8092447916666666 0.701171875 0.016927083333333332 0.016927083333333332
0 0.9147135416666666 0.7428385416666666 0.01953125 0.01953125
0 0.3580729166666667 0.7688802083333334 0.026041666666666668 0.01953125
0 0.3359375 0.1171875 0.018229166666666668 0.018229166666666668
0 0.10807291666666667 0.158203125 0.015625 0.016927083333333332
0 0.4798177083333333 0.3430989583333333 0.01953125 0.01953125
0 0.7708333333333334 0.3268229166666667 0.015625 0.018229166666666668
0 0.7063802083333334 0.7565104166666666 0.01953125 0.020833333333333332
0 0.24348958333333334 0.3079427083333333 0.013020833333333334 0.01171875
0 0.056640625 0.3639322916666667 0.01171875 0.01171875
0 0.9635416666666666 0.3600260416666667 0.018229166666666668 0.014322916666666666
0 0.5390625 0.3196614583333333 0.013020833333333334 0.014322916666666666
0 0.90625 0.61328125 0.015625 0.015625
0 0.4817708333333333 0.9016927083333334 0.010416666666666666 0.01171875
0 0.20638020833333334 0.5305989583333334 0.01171875 0.01171875
0 0.23046875 0.6236979166666666 0.013020833333333334 0.013020833333333334
0 0.341796875 0.61328125 0.01171875 0.010416666666666666
0 0.6106770833333334 0.17122395833333334 0.013020833333333334 0.014322916666666666