0 0.533203125 0.8248697916666666 0.01953125 0.01953125
0 0.96484375 0.8092447916666666 0.026041666666666668 0.029947916666666668
0 0.8932291666666666 0.1796875 0.0390625 0.0390625
0 0.16080729166666666 0.25 0.032552083333333336 0.036458333333333336
0 0.22526041666666666 0.19205729166666666 0.015625 0.014322916666666666
0 0.6412760416666666 0.9869791666666666 0.016927083333333332 0.013020833333333334
0 0.031901041666666664 0.09700520833333333 0.01953125 0.009114583333333334
0 0.18424479166666666 0.52734375 0.024739583333333332 0.018229166666666668
0 0.46875 0.09830729166666667 0.015625 0.014322916666666666
0 0.7630208333333334 0.11393229166666667 0.015625 0.01171875
0 0.8255208333333334 0.14518229166666666 0.013020833333333334 0.014322916666666666
0 0.8528645833333334 0.2838541666666667 0.015625 0.015625
0 0.28125 0.8880208333333334 0.013020833333333334 0.013020833333333334
0 0.30078125 0.9537760416666666 0.013020833333333334 0.014322916666666666