0 0.462890625 0.14713541666666666 0.040364583333333336 0.0390625
0 0.15950520833333334 0.2610677083333333 0.032552083333333336 0.032552083333333336
0 0.021484375 0.7819010416666666 0.040364583333333336 0.045572916666666664
0 0.380859375 0.3170572916666667 0.01953125 0.024739583333333332
0 0.4466145833333333 0.009114583333333334 0.020833333333333332 0.015625
0 0.8561197916666666 0.09244791666666667 0.032552083333333336 0.033854166666666664
0 0.3645833333333333 0.7526041666666666 0.026041666666666668 0.026041666666666668
0 0.603515625 0.7233072916666666 0.01953125 0.01953125
0 0.5221354166666666 0.7272135416666666 0.015625 0.01953125
0 0.5305989583333334 0.755859375 0.01953125 0.01953125
0 0.5891927083333334 0.93359375 0.045572916666666664 0.049479166666666664
0 0.13411458333333334 0.4407552083333333 0.018229166666666668 0.014322916666666666
0 0.205078125 0.8287760416666666 0.01953125 0.016927083333333332
0 0.2819010416666667 0.556640625 0.016927083333333332 0.016927083333333332
0 0.8014322916666666 0.5598958333333334 0.01171875 0.015625
0 0.10611979166666667 0.2779947916666667 0.016927083333333332 0.016927083333333332
0 0.10546875 0.9765625 0.013020833333333334 0.013020833333333334
0 0.06805989583333334 0.36205729166666667 0.015833333333333328 0.015833333333333293
0 0.27979166666666666 0.5581119791666667 0.013684895833333321 0.013528645833333316
0 0.9477604166666667 0.35962239583333333 0.014505208333333464 0.013528645833333316
0 0.08416666666666667 0.583984375 0.015481770833333344 0.014674479166666643
0 0.13549479166666667 0.4443359375 0.01342447916666667 0.012669270833333357
0 0.4501953125 0.716796875 0.01209635416666662 0.01125000000000013
0 0.7607421875 0.7749088541666667 0.018880208333333332 0.018268229166666632
0 0.31079427083333333 0.139765625 0.010859374999999968 0.01001302083333333
0 0.11614583333333334 0.6987369791666667 0.011158854166666657 0.010729166666666679
0 0.9975390625 0.10321614583333333 0.004908854166666643 0.014114583333333338
0 0.12744791666666666 0.5854557291666667 0.015546874999999996 0.014114583333333375
0 0.3115234375 0.7216796875 0.018398437499999993 0.018398437500000142
0 0.6118229166666667 0.48389322916666666 0.009518229166666595 0.009453124999999988
0 0.6313541666666667 0.43604166666666666 0.009739583333333357 0.009335937499999947
0 0.16735677083333333 0.11358072916666667 0.01049479166666667 0.010651041666666675
0 0.39184895833333333 0.53515625 0.01036458333333338 0.010611979166666638
0 0.7944401041666667 0.7085026041666667 0.009192708333333263 0.009023437500000083
0 0.65625 0.28002604166666667 0.007695312499999958 0.007669270833333315
0 0.06940104166666666 0.8725651041666667 0.009166666666666675 0.00858072916666656