0 0.6875 0.4505208333333333 0.03125 0.026041666666666668
0 0.068359375 0.22591145833333334 0.01953125 0.01953125
0 0.9036458333333334 0.6315104166666666 0.044270833333333336 0.044270833333333336
0 0.8821614583333334 0.7864583333333334 0.01953125 0.03125
0 0.9583333333333334 0.6881510416666666 0.015625 0.01953125
0 0.3795572916666667 0.046875 0.014322916666666666 0.013020833333333334
0 0.306640625 0.4583333333333333 0.014322916666666666 0.018229166666666668
0 0.294921875 0.37109375 0.014322916666666666 0.015625
0 0.5032552083333334 0.619140625 0.014322916666666666 0.014322916666666666
0 0.326171875 0.07356770833333333 0.01171875 0.01171875
0 0.21354166666666666 0.10026041666666667 0.013020833333333334 0.013020833333333334
0 0.010416666666666666 0.5677083333333334 0.010416666666666666 0.010416666666666666