0 0.4661458333333333 0.043619791666666664 0.033854166666666664 0.037760416666666664
0 0.4635416666666667 0.11458333333333333 0.028645833333333332 0.026041666666666668
0 0.026692708333333332 0.24479166666666666 0.037760416666666664 0.0390625
0 0.068359375 0.091796875 0.01953125 0.01953125
0 0.263671875 0.19921875 0.01953125 0.013020833333333334
0 0.5891927083333334 0.134765625 0.032552083333333336 0.024739583333333332
0 0.5833333333333334 0.248046875 0.020833333333333332 0.01953125
0 0.8046875 0.638671875 0.020833333333333332 0.01953125
0 0.8626302083333334 0.732421875 0.05859375 0.04296875
0 0.701171875 0.7786458333333334 0.032552083333333336 0.026041666666666668
0 0.361328125 0.7578125 0.01953125 0.0234375
0 0.3515625 0.833984375 0.026041666666666668 0.01953125
0 0.04296875 0.18294270833333334 0.018229166666666668 0.01953125
0 0.07552083333333333 0.8098958333333334 0.020833333333333332 0.0234375
0 0.75 0.3001302083333333 0.015625 0.01953125
0 0.8997395833333334 0.09830729166666667 0.015625 0.01953125
0 0.740234375 0.7141927083333334 0.016927083333333332 0.016927083333333332
0 0.3782552083333333 0.248046875 0.016927083333333332 0.01953125
0 0.4108072916666667 0.7434895833333334 0.01953125 0.015625
0 0.029296875 0.4856770833333333 0.01171875 0.018229166666666668
0 0.6979166666666666 0.9934895833333334 0.033854166666666664 0.013020833333333334
0 0.271484375 0.9537760416666666 0.014322916666666666 0.01171875
0 0.07877604166666667 0.8118489583333334 0.01953125 0.016927083333333332
0 0.2662760416666667 0.203125 0.018229166666666668 0.015625
0 0.19921875 0.46875 0.018229166666666668 0.018229166666666668
0 0.365234375 0.4765625 0.018229166666666668 0.016927083333333332
0 0.6171875 0.041666666666666664 0.013020833333333334 0.013020833333333334
0 0.412109375 0.7447916666666666 0.013020833333333334 0.013020833333333334
0 0.701171875 0.06705729166666667 0.013020833333333334 0.01171875
0 0.892578125 0.5930989583333334 0.015625 0.014322916666666666
0 0.4029947916666667 0.14322916666666666 0.022135416666666668 0.01953125
0 0.2708333333333333 0.9557291666666666 0.01171875 0.01171875
0 0.3678385416666667 0.16145833333333334 0.014322916666666666 0.013020833333333334
0 0.3391927083333333 0.6165364583333334 0.013020833333333334 0.01171875
0 0.014973958333333334 0.40234375 0.029947916666666668 0.053385416666666664
0 0.373046875 0.5416666666666666 0.01171875 0.010416666666666666
0 0.2552083333333333 0.9674479166666666 0.010416666666666666 0.010416666666666666
0 0.3678385416666667 0.37890625 0.01171875 0.010416666666666666
0 0.5872395833333334 0.13932291666666666 0.015625 0.015625
0 0.6875 0.7044270833333334 0.010416666666666666 0.010416666666666666