0 0.5420833333333334 0.9856250000000001 0.02802083333333331 0.026341145833333357
0 0.08921874999999997 0.887734375 0.019960937500000008 0.019583333333333286
0 0.4789583333333334 0.8822526041666667 0.020833333333333332 0.02003906250000013
0 0.3435546875 0.6722786458333333 0.030624999999999975 0.025065104166666668
0 0.8430859375 0.625625 0.02614583333333324 0.02276041666666669
0 0.8778515625000001 0.6956119791666667 0.01717447916666674 0.015885416666666725
0 0.9605859375 0.055000000000000004 0.03358072916666662 0.03447916666666667
0 0.25984374999999993 0.9298177083333333 0.028671874999999975 0.025742187499999975
0 0.977578125 0.6645052083333334 0.027278645833333393 0.02411458333333331
0 0.29735677083333334 0.8913932291666667 0.020039062499999982 0.019804687500000046
0 0.5539843750000001 0.7248828125000001 0.02140625000000007 0.018906249999999975
0 0.7488541666666667 0.8666927083333333 0.02098958333333319 0.018684895833333215
0 0.348125 0.9655078125 0.022929687500000018 0.02216145833333331
0 0.1674348958333333 0.7212239583333333 0.022239583333333313 0.018906249999999975
0 0.7064583333333333 0.3730598958333333 0.12257812500000005 0.1410807291666667
0 0.6967057291666667 0.2418229166666667 0.015221354166666737 0.014869791666666687
0 0.4995442708333333 0.6265364583333333 0.019583333333333286 0.01717447916666674
0 0.380859375 0.99609375 0.04296875 0.0078125
0 0.45746093750000005 0.6622135416666667 0.018684895833333364 0.017643229166666607
0 0.11757812500000002 0.45453125000000005 0.02634114583333332 0.021901041666666732
0 0.8659505208333332 0.5231510416666666 0.03665364583333345 0.0302734375
0 0.8183854166666666 0.5268098958333334 0.027708333333333297 0.025455729166666607
0 0.715 0.7111588541666666 0.019583333333333286 0.019960937499999904
0 0.42315104166666667 0.8044791666666667 0.042656249999999986 0.04920572916666662
0 0.7140885416666666 0.0771484375 0.01805989583333319 0.015338541666666669
0 0.2758463541666667 0.4472135416666667 0.015468749999999995 0.015585937500000036
0 0.4835286458333334 0.79625 0.03802083333333339 0.029114583333333204
0 0.9830729166666666 0.2591145833333333 0.033854166666666664 0.07291666666666667
0 0.19401041666666666 0.982421875 0.046875 0.03515625
0 0.16561197916666667 0.23175781250000002 0.01632812500000001 0.015169270833333304
0 0.8156380208333333 0.7651432291666667 0.018320312499999918 0.01690104166666669
0 0.661015625 0.16131510416666664 0.017226562500000025 0.01764322916666668
0 0.7259765625 0.7834374999999999 0.016067708333333226 0.015169270833333451
0 0.7159114583333334 0.9270833333333334 0.017916666666666654 0.017226562500000025
0 0.9611067708333335 0.489765625 0.06460937499999986 0.062330729166666675
0 0.9967447916666666 0.23307291666666666 0.006510416666666667 0.028645833333333332
0 0.24382812499999998 0.3099869791666667 0.02240885416666664 0.019492187500000036
0 0.45151041666666664 0.02727864583333332 0.016067708333333375 0.015468750000000003
0 0.9084895833333334 0.9031119791666667 0.09695312500000004 0.09442708333333331