0 0.7486979166666666 0.2662760416666667 0.026041666666666668 0.022135416666666668
0 0.19205729166666666 0.21875 0.032552083333333336 0.026041666666666668
0 0.055989583333333336 0.287109375 0.03125 0.032552083333333336
0 0.25390625 0.3912760416666667 0.0390625 0.032552083333333336
0 0.296875 0.4173177083333333 0.018229166666666668 0.01953125
0 0.4986979166666667 0.24544270833333334 0.03125 0.01953125
0 0.4303385416666667 0.2552083333333333 0.3111979166666667 0.2552083333333333
0 0.4759114583333333 0.3515625 0.037760416666666664 0.036458333333333336
0 0.48828125 0.3997395833333333 0.078125 0.07552083333333333
0 0.3170572916666667 0.51171875 0.03515625 0.0390625
0 0.224609375 0.6145833333333334 0.01953125 0.0234375
0 0.22135416666666666 0.681640625 0.052083333333333336 0.032552083333333336
0 0.13346354166666666 0.7350260416666666 0.032552083333333336 0.03515625
0 0.042317708333333336 0.748046875 0.032552083333333336 0.03515625
0 0.10481770833333333 0.8404947916666666 0.037760416666666664 0.032552083333333336
0 0.15755208333333334 0.873046875 0.028645833333333332 0.032552083333333336
0 0.06575520833333333 0.5852864583333334 0.024739583333333332 0.016927083333333332
0 0.4720052083333333 0.521484375 0.045572916666666664 0.045572916666666664
0 0.09440104166666667 0.3717447916666667 0.01953125 0.01953125
0 0.6197916666666666 0.533203125 0.0234375 0.029947916666666668
0 0.5833333333333334 0.5950520833333334 0.018229166666666668 0.015625
0 0.6217447916666666 0.7298177083333334 0.01953125 0.01953125
0 0.7200520833333334 0.7643229166666666 0.020833333333333332 0.028645833333333332
0 0.693359375 0.8795572916666666 0.09765625 0.08463541666666667
0 0.4563802083333333 0.037109375 0.07682291666666667 0.07161458333333333
0 0.1640625 0.0078125 0.028645833333333332 0.013020833333333334
0 0.7936197916666666 0.0703125 0.01953125 0.020833333333333332
0 0.9407552083333334 0.8151041666666666 0.01953125 0.020833333333333332
0 0.859375 0.865234375 0.026041666666666668 0.022135416666666668
0 0.45703125 0.7630208333333334 0.08854166666666667 0.0703125
0 0.501953125 0.7135416666666666 0.09244791666666667 0.06510416666666667
0 0.830078125 0.5279947916666666 0.01953125 0.01953125
0 0.061848958333333336 0.23502604166666666 0.045572916666666664 0.045572916666666664
0 0.5384114583333334 0.06640625 0.07421875 0.059895833333333336
0 0.13151041666666666 0.5026041666666666 0.015625 0.013020833333333334
0 0.18359375 0.16861979166666666 0.046875 0.032552083333333336
0 0.037760416666666664 0.17122395833333334 0.013020833333333334 0.01171875
0 0.279296875 0.8841145833333334 0.01953125 0.015625
0 0.4173177083333333 0.8098958333333334 0.022135416666666668 0.020833333333333332
0 0.4303385416666667 0.8821614583333334 0.016927083333333332 0.016927083333333332
0 0.3170572916666667 0.9049479166666666 0.014322916666666666 0.0078125
0 0.115234375 0.9694010416666666 0.01171875 0.01171875
0 0.13671875 0.9713541666666666 0.013020833333333334 0.010416666666666666
0 0.51953125 0.658203125 0.013020833333333334 0.01171875
0 0.7213541666666666 0.7096354166666666 0.0234375 0.013020833333333334
0 0.93359375 0.6764322916666666 0.020833333333333332 0.01953125
0 0.8248697916666666 0.5950520833333334 0.01953125 0.015625
0 0.8717447916666666 0.529296875 0.01953125 0.01953125
0 0.6321614583333334 0.556640625 0.016927083333333332 0.016927083333333332
0 0.68359375 0.34765625 0.020833333333333332 0.020833333333333332
0 0.056640625 0.5423177083333334 0.016927083333333332 0.01171875
0 0.2591145833333333 0.051432291666666664 0.013020833333333334 0.014322916666666666
0 0.6048177083333334 0.953125 0.15494791666666666 0.09375
0 0.958984375 0.8098958333333334 0.08203125 0.265625