0 0.5891927083333334 0.392578125 0.08463541666666667 0.09244791666666667
0 0.23111979166666666 0.45703125 0.045572916666666664 0.026041666666666668
0 0.3626302083333333 0.41796875 0.022135416666666668 0.026041666666666668
0 0.18359375 0.4309895833333333 0.026041666666666668 0.026041666666666668
0 0.4524739583333333 0.8450520833333334 0.045572916666666664 0.046875
0 0.033854166666666664 0.8040364583333334 0.052083333333333336 0.09505208333333333
0 0.022786458333333332 0.275390625 0.01953125 0.014322916666666666
0 0.05078125 0.16536458333333334 0.018229166666666668 0.013020833333333334
0 0.7161458333333334 0.087890625 0.026041666666666668 0.022135416666666668
0 0.521484375 0.23893229166666666 0.014322916666666666 0.01953125
0 0.9700520833333334 0.751953125 0.026041666666666668 0.03515625
0 0.90625 0.4459635416666667 0.0234375 0.022135416666666668
0 0.8509114583333334 0.5774739583333334 0.022135416666666668 0.01953125
0 0.228515625 0.76953125 0.014322916666666666 0.013020833333333334
0 0.2604166666666667 0.9453125 0.026041666666666668 0.013020833333333334
0 0.9322916666666666 0.8834635416666666 0.015625 0.01953125
0 0.7747395833333334 0.19010416666666666 0.013020833333333334 0.013020833333333334
0 0.13671875 0.2526041666666667 0.013020833333333334 0.0078125
0 0.4921875 0.5533854166666666 0.018229166666666668 0.015625
0 0.384765625 0.15755208333333334 0.01171875 0.013020833333333334
0 0.07291666666666667 0.33203125 0.013020833333333334 0.015625
0 0.4114583333333333 0.3411458333333333 0.010416666666666666 0.015625
0 0.18424479166666666 0.263671875 0.014322916666666666 0.01171875
0 0.10611979166666667 0.23307291666666666 0.016927083333333332 0.015625
0 0.07421875 0.06380208333333333 0.013020833333333334 0.015625
0 0.9186197916666666 0.19466145833333334 0.014322916666666666 0.016927083333333332
0 0.6744791666666666 0.7467447916666666 0.013020833333333334 0.016927083333333332
0 0.8665364583333334 0.8372395833333334 0.016927083333333332 0.015625