0 0.09700520833333333 0.16145833333333334 0.022135416666666668 0.020833333333333332
0 0.3639322916666667 0.2701822916666667 0.029947916666666668 0.029947916666666668
0 0.3092447916666667 0.6171875 0.03515625 0.03125
0 0.3229166666666667 0.8098958333333334 0.033854166666666664 0.03125
0 0.3385416666666667 0.859375 0.044270833333333336 0.044270833333333336
0 0.06901041666666667 0.044921875 0.1328125 0.08203125
0 0.2747395833333333 0.041015625 0.11979166666666667 0.07942708333333333
0 0.4967447916666667 0.01953125 0.022135416666666668 0.0234375
0 0.42578125 0.0390625 0.015625 0.015625
0 0.8938802083333334 0.0390625 0.01953125 0.018229166666666668
0 0.73828125 0.15559895833333334 0.125 0.12890625
0 0.6243489583333334 0.568359375 0.01953125 0.01953125
0 0.912109375 0.5052083333333334 0.02734375 0.026041666666666668
0 0.9322916666666666 0.5455729166666666 0.018229166666666668 0.020833333333333332
0 0.978515625 0.5963541666666666 0.03515625 0.0390625
0 0.5716145833333334 0.20247395833333334 0.010416666666666666 0.014322916666666666
0 0.396484375 0.5735677083333334 0.014322916666666666 0.016927083333333332
0 0.13411458333333334 0.9166666666666666 0.013020833333333334 0.015625
0 0.8600260416666666 0.4837239583333333 0.022135416666666668 0.01953125
0 0.9524739583333334 0.7096354166666666 0.022135416666666668 0.0234375
0 0.66015625 0.9524739583333334 0.015625 0.022135416666666668
0 0.953125 0.794921875 0.015625 0.016927083333333332
0 0.791015625 0.978515625 0.014322916666666666 0.014322916666666666
0 0.8704427083333334 0.580078125 0.014322916666666666 0.014322916666666666
0 0.6171875 0.2845052083333333 0.010416666666666666 0.01171875
0 0.578125 0.716796875 0.013020833333333334 0.014322916666666666
0 0.15364583333333334 0.537109375 0.010416666666666666 0.009114583333333334
0 0.005299479166666667 0.5854557291666667 0.010364583333333335 0.013632812500000036
0 0.31713541666666667 0.35912760416666667 0.01738281250000003 0.016718750000000043
0 0.17139322916666666 0.5068359375 0.011601562500000015 0.01191406249999997
0 0.8178776041666667 0.8193359375 0.010690104166666714 0.011549479166666524
0 0.22985677083333333 0.17700520833333333 0.011822916666666647 0.01191406249999997
0 0.7338932291666667 0.6904296875 0.010781249999999964 0.011549479166666524
0 0.5400390625 0.8525390625 0.011197916666666696 0.011289062500000094
0 0.52734375 0.27807291666666667 0.009895833333333362 0.009934895833333327
0 0.5073307291666667 0.17432291666666666 0.011289062499999947 0.011380208333333345
0 0.13330729166666666 0.8916015625 0.010572916666666673 0.010781249999999964
0 0.49463541666666666 0.30859375 0.011471354166666595 0.011601562500000032
0 0.8627994791666667 0.55078125 0.011783854166666607 0.012421874999999952
0 0.638671875 0.720703125 0.008854166666666607 0.009231770833333227
0 0.8955078125 0.39404947916666666 0.012148437499999906 0.01191406249999997
0 0.15515625 0.7666015625 0.010572916666666673 0.01036458333333338
0 0.642578125 0.35962239583333333 0.00927083333333334 0.009895833333333362
0 0.6684635416666667 0.6318359375 0.008320312500000057 0.008945312500000005
0 0.6220703125 0.37744791666666666 0.008710937500000071 0.008919270833333362
0 0.7172916666666667 0.9086979166666667 0.012330729166666702 0.013020833333333334
0 0.3935546875 0.7153385416666667 0.009062500000000048 0.00967447916666675
0 0.48096354166666666 0.3681640625 0.005013020833333363 0.005325520833333375
0 0.09638020833333333 0.6083984375 0.009817708333333322 0.009856770833333398
0 0.5673828125 0.9331119791666667 0.004804687500000071 0.005716145833333464
0 0.9243229166666667 0.40576822916666666 0.009635416666666785 0.010091145833333334