0 0.109375 0.529296875 0.08333333333333333 0.08203125
0 0.1796875 0.4557291666666667 0.0859375 0.08072916666666667
0 0.6184895833333334 0.9583333333333334 0.033854166666666664 0.0390625
0 0.7408854166666666 0.9498697916666666 0.07291666666666667 0.06901041666666667
0 0.72265625 0.7981770833333334 0.020833333333333332 0.018229166666666668
0 0.83203125 0.41015625 0.049479166666666664 0.052083333333333336
0 0.8567708333333334 0.37890625 0.020833333333333332 0.015625
0 0.8841145833333334 0.64453125 0.018229166666666668 0.018229166666666668
0 0.5494791666666666 0.18294270833333334 0.020833333333333332 0.022135416666666668
0 0.5481770833333334 0.18098958333333334 0.15885416666666666 0.15104166666666666
0 0.2825520833333333 0.15104166666666666 0.033854166666666664 0.036458333333333336
0 0.24869791666666666 0.564453125 0.0546875 0.055989583333333336
0 0.451171875 0.5390625 0.016927083333333332 0.018229166666666668
0 0.341796875 0.521484375 0.014322916666666666 0.016927083333333332
0 0.6165364583333334 0.6842447916666666 0.42578125 0.40234375
0 0.09114583333333333 0.40234375 0.1640625 0.16666666666666666
0 0.9225260416666666 0.3248697916666667 0.016927083333333332 0.014322916666666666
0 0.951171875 0.150390625 0.01171875 0.014322916666666666
0 0.765625 0.07161458333333333 0.013020833333333334 0.013020833333333334
0 0.4765625 0.6927083333333334 0.015625 0.015625
0 0.20572916666666666 0.84765625 0.015625 0.018229166666666668
0 0.228515625 0.2994791666666667 0.014322916666666666 0.013020833333333334
0 0.33203125 0.4088541666666667 0.015625 0.015625
0 0.7623697916666666 0.4381510416666667 0.01171875 0.01171875
0 0.697265625 0.3802083333333333 0.01171875 0.010416666666666666
0 0.7766927083333334 0.3893229166666667 0.01171875 0.013020833333333334
0 0.7942708333333334 0.24088541666666666 0.013020833333333334 0.013020833333333334
0 0.9016927083333334 0.23502604166666666 0.014322916666666666 0.014322916666666666
0 0.9765625 0.482421875 0.010416666666666666 0.009114583333333334
0 0.888671875 0.6139322916666666 0.01171875 0.01171875
0 0.83984375 0.009765625 0.052083333333333336 0.01953125
0 0.22981770833333334 0.228515625 0.014322916666666666 0.01171875
0 0.2864583333333333 0.054036458333333336 0.026041666666666668 0.016927083333333332
0 0.3821614583333333 0.0078125 0.016927083333333332 0.013020833333333334
0 0.005208333333333333 0.2545572916666667 0.0078125 0.014322916666666666
0 0.787109375 0.166015625 0.01171875 0.01171875
0 0.5813802083333334 0.3125 0.01171875 0.010416666666666666
0 0.5755208333333334 0.2877604166666667 0.010416666666666666 0.010416666666666666
0 0.55859375 0.310546875 0.010416666666666666 0.01171875
0 0.5416666666666666 0.28515625 0.010416666666666666 0.013020833333333334
0 0.4654947916666667 0.3587239583333333 0.01171875 0.01171875
0 0.13671875 0.548828125 0.018229166666666668 0.01953125
0 0.19010416666666666 0.490234375 0.013020833333333334 0.01171875
0 0.18684895833333334 0.4375 0.01171875 0.010416666666666666