0 0.4459635416666667 0.431640625 0.032552083333333336 0.032552083333333336
0 0.18619791666666666 0.3274739583333333 0.018229166666666668 0.016927083333333332
0 0.099609375 0.29296875 0.053385416666666664 0.041666666666666664
0 0.17708333333333334 0.11197916666666667 0.08854166666666667 0.08333333333333333
0 0.3385416666666667 0.08658854166666667 0.10416666666666667 0.09765625
0 0.373046875 0.21354166666666666 0.024739583333333332 0.0234375
0 0.490234375 0.2955729166666667 0.022135416666666668 0.020833333333333332
0 0.7805989583333334 0.3671875 0.029947916666666668 0.028645833333333332
0 0.9713541666666666 0.25 0.028645833333333332 0.028645833333333332
0 0.099609375 0.4244791666666667 0.029947916666666668 0.026041666666666668
0 0.29296875 0.4622395833333333 0.13541666666666666 0.109375
0 0.3125 0.5872395833333334 0.24739583333333334 0.17447916666666666
0 0.4251302083333333 0.68359375 0.024739583333333332 0.020833333333333332
0 0.322265625 0.794921875 0.02734375 0.024739583333333332
0 0.3196614583333333 0.798828125 0.13932291666666666 0.14192708333333334
0 0.07552083333333333 0.7265625 0.0859375 0.078125
0 0.248046875 0.888671875 0.03515625 0.029947916666666668
0 0.42578125 0.8782552083333334 0.0234375 0.022135416666666668
0 0.20638020833333334 0.8899739583333334 0.029947916666666668 0.02734375
0 0.6608072916666666 0.7805989583333334 0.032552083333333336 0.02734375
0 0.7760416666666666 0.7903645833333334 0.049479166666666664 0.041666666666666664
0 0.833984375 0.7415364583333334 0.23567708333333334 0.21223958333333334
0 0.763671875 0.650390625 0.014322916666666666 0.01953125
0 0.9375 0.4811197916666667 0.052083333333333336 0.048177083333333336
0 0.84765625 0.4518229166666667 0.0625 0.0546875
0 0.8372395833333334 0.509765625 0.041666666666666664 0.03515625
0 0.2955729166666667 0.26171875 0.015625 0.018229166666666668
0 0.97265625 0.14973958333333334 0.020833333333333332 0.020833333333333332
0 0.9375 0.06640625 0.052083333333333336 0.057291666666666664
0 0.09635416666666667 0.08203125 0.015625 0.013020833333333334
0 0.6653645833333334 0.404296875 0.020833333333333332 0.01953125
0 0.6165364583333334 0.97265625 0.10026041666666667 0.049479166666666664
0 0.7994791666666666 0.8880208333333334 0.015625 0.015625
0 0.634765625 0.3763020833333333 0.014322916666666666 0.013020833333333334
0 0.630859375 0.490234375 0.01953125 0.016927083333333332
0 0.0859375 0.63671875 0.013020833333333334 0.013020833333333334
0 0.043619791666666664 0.7454427083333334 0.016927083333333332 0.014322916666666666
0 0.21744791666666666 0.08463541666666667 0.013020833333333334 0.013020833333333334
0 0.21744791666666666 0.041015625 0.015625 0.01171875
0 0.2552083333333333 0.267578125 0.013020833333333334 0.01171875
0 0.255859375 0.234375 0.01171875 0.010416666666666666
0 0.12369791666666667 0.2584635416666667 0.010416666666666666 0.01171875
0 0.4055989583333333 0.4049479166666667 0.014322916666666666 0.015625
0 0.10091145833333333 0.4440104166666667 0.032552083333333336 0.0234375
0 0.18033854166666666 0.5188802083333334 0.01171875 0.014322916666666666
0 0.045572916666666664 0.638671875 0.013020833333333334 0.014322916666666666
0 0.892578125 0.3723958333333333 0.01953125 0.018229166666666668
0 0.9342447916666666 0.357421875 0.016927083333333332 0.014322916666666666
0 0.8509114583333334 0.2721354166666667 0.01171875 0.013020833333333334
0 0.8248697916666666 0.4928385416666667 0.014322916666666666 0.014322916666666666
0 0.9505208333333334 0.5846354166666666 0.013020833333333334 0.015625
0 0.5833333333333334 0.9381510416666666 0.015625 0.014322916666666666
0 0.712890625 0.9251302083333334 0.014322916666666666 0.014322916666666666
0 0.16536458333333334 0.9153645833333334 0.013020833333333334 0.013020833333333334
0 0.3274739583333333 0.939453125 0.3658854166666667 0.12109375
0 0.052734375 0.5149739583333334 0.01171875 0.01171875
0 0.07356770833333333 0.5807291666666666 0.014322916666666666 0.013020833333333334
0 0.7454427083333334 0.5983072916666666 0.01171875 0.014322916666666666
0 0.791015625 0.546875 0.01171875 0.013020833333333334
0 0.68359375 0.4388020833333333 0.013020833333333334 0.010416666666666666
0 0.7532552083333334 0.44921875 0.014322916666666666 0.015625
0 0.39453125 0.2766927083333333 0.013020833333333334 0.014322916666666666