0 0.298828125 0.19205729166666666 0.032552083333333336 0.02734375
0 0.4908854166666667 0.3619791666666667 0.041666666666666664 0.033854166666666664
0 0.515625 0.4205729166666667 0.052083333333333336 0.052083333333333336
0 0.4635416666666667 0.4420572916666667 0.11979166666666667 0.12369791666666667
0 0.677734375 0.5963541666666666 0.040364583333333336 0.044270833333333336
0 0.4420572916666667 0.7291666666666666 0.016927083333333332 0.015625
0 0.5240885416666666 0.6536458333333334 0.01953125 0.018229166666666668
0 0.9407552083333334 0.7486979166666666 0.01953125 0.0234375
0 0.3001302083333333 0.779296875 0.01171875 0.01171875
0 0.13932291666666666 0.9446614583333334 0.015625 0.016927083333333332
0 0.5735677083333334 0.775390625 0.01171875 0.01171875
0 0.541015625 0.7044270833333334 0.01171875 0.013020833333333334
0 0.83203125 0.8248697916666666 0.015625 0.024739583333333332
0 0.15885416666666666 0.740234375 0.013020833333333334 0.016927083333333332
0 0.8430989583333334 0.208984375 0.01171875 0.014322916666666666
0 0.84375 0.3391927083333333 0.013020833333333334 0.014322916666666666
0 0.935546875 0.3098958333333333 0.014322916666666666 0.015625
0 0.970703125 0.2779947916666667 0.01171875 0.01171875
0 0.9231770833333334 0.5579427083333334 0.013020833333333334 0.01171875
0 0.9088541666666666 0.4186197916666667 0.013020833333333334 0.014322916666666666
0 0.9869791666666666 0.6764322916666666 0.013020833333333334 0.016927083333333332
0 0.4967447916666667 0.8795572916666666 0.016927083333333332 0.022135416666666668
0 0.6484375 0.9427083333333334 0.013020833333333334 0.010416666666666666
0 0.671875 0.9498697916666666 0.010416666666666666 0.01171875
0 0.1875 0.177734375 0.013020833333333334 0.01171875
0 0.23828125 0.035807291666666664 0.013020833333333334 0.016927083333333332
0 0.4231770833333333 0.66015625 0.013020833333333334 0.018229166666666668
0 0.236328125 0.9010416666666666 0.01171875 0.010416666666666666
0 0.20963541666666666 0.939453125 0.010416666666666666 0.01171875
0 0.6080729166666666 0.6471354166666666 0.013020833333333334 0.015625
0 0.23697916666666666 0.6829427083333334 0.010416666666666666 0.009114583333333334
0 0.3802083333333333 0.21744791666666666 0.013020833333333334 0.015625
0 0.7291666666666666 0.029947916666666668 0.013020833333333334 0.013020833333333334
0 0.15950520833333334 0.625 0.009114583333333334 0.010416666666666666
0 0.14453125 0.3463541666666667 0.010416666666666666 0.010416666666666666
0 0.5520833333333334 0.5950520833333334 0.010416666666666666 0.015625
0 0.6764322916666666 0.22005208333333334 0.01171875 0.010416666666666666
0 0.3541666666666667 0.10221354166666667 0.013020833333333334 0.014322916666666666
0 0.22005208333333334 0.6575520833333334 0.018229166666666668 0.015625
0 0.18684895833333334 0.923828125 0.01171875 0.014322916666666666
0 0.0234375 0.6217447916666666 0.015625 0.01171875
0 0.19140625 0.427734375 0.010416666666666666 0.01171875
0 0.6608072916666666 0.421875 0.01171875 0.013020833333333334
0 0.9016927083333334 0.5598958333333334 0.014322916666666666 0.015625
0 0.607421875 0.7467447916666666 0.014322916666666666 0.01171875
0 0.884765625 0.041015625 0.009114583333333334 0.016927083333333332