0 0.3739583333333334 0.8877994791666667 0.24287760416666662 0.2237499999999999
0 0.7192838541666666 0.2899479166666667 0.1500911458333333 0.13880208333333335
0 0.7960026041666667 0.3790104166666666 0.036002604166666785 0.03278645833333327
0 0.7512369791666668 0.22864583333333335 0.021848958333333297 0.019075520833333304
0 0.7839713541666667 0.22414062499999998 0.01222656250000013 0.010442708333333309
0 0.6711979166666667 0.2406770833333333 0.01929687499999999 0.016067708333333302
0 0.962890625 0.21028645833333334 0.07421875 0.07682291666666667
0 0.8669791666666667 0.8757031249999999 0.1915885416666668 0.1592968749999999
0 0.564453125 0.947265625 0.11067708333333333 0.10546875
0 0.5873697916666667 0.6806640625 0.07188802083333339 0.0687239583333333
0 0.13736979166666666 0.035807291666666664 0.09244791666666667 0.07161458333333333
0 0.3365494791666667 0.5508984375 0.1532682291666667 0.14432291666666672
0 0.3854166666666667 0.5862760416666667 0.02921875000000007 0.028880208333333268
0 0.5943229166666667 0.39131510416666665 0.04222656249999993 0.041679687499999986
0 0.5114713541666666 0.33950520833333336 0.028437500000000043 0.0347395833333333
0 0.017578125 0.96875 0.03515625 0.0625
0 0.7365234374999999 0.6784374999999999 0.06669270833333336 0.06290364583333326
0 0.990234375 0.8326822916666666 0.01953125 0.048177083333333336
0 0.78125 0.9837239583333334 0.057291666666666664 0.032552083333333336
0 0.6361067708333333 0.8383333333333334 0.040846354166666675 0.04263020833333334
0 0.6109635416666667 0.8284114583333334 0.028671874999999975 0.028854166666666774
0 0.15149739583333335 0.3400651041666667 0.140859375 0.13352864583333332
0 0.8932291666666666 0.026041666666666668 0.06510416666666667 0.052083333333333336
0 0.9811197916666666 0.0234375 0.037760416666666664 0.041666666666666664
0 0.9263411458333334 0.34575520833333334 0.04522135416666669 0.04481770833333332
0 0.7312109375000001 0.07325520833333332 0.04908854166666673 0.06424479166666668
0 0.7417057291666667 0.05390625000000001 0.022617187499999858 0.02243489583333334
0 0.8715625 0.08914062500000001 0.029661458333333297 0.027942708333333344
0 0.9373307291666665 0.12404947916666664 0.025026041666666703 0.021432291666666676
0 0.8999479166666666 0.07195312499999999 0.021432291666666714 0.020377604166666674
0 0.99609375 0.34765625 0.0078125 0.044270833333333336
0 0.9778645833333334 0.5319010416666666 0.044270833333333336 0.20963541666666666
0 0.584453125 0.329375 0.08257812499999995 0.0886588541666667
0 0.564296875 0.3650911458333333 0.02423177083333335 0.023867187500000053
0 0.5520703125 0.45835937499999996 0.026822916666666696 0.02881510416666666
0 0.4436848958333333 0.5594010416666667 0.04032552083333337 0.04652343750000002
0 0.4277864583333333 0.5166666666666666 0.02235677083333328 0.01914062500000006
0 0.5445442708333333 0.5341145833333334 0.02393229166666666 0.02714843750000003
0 0.5075651041666666 0.5605338541666667 0.01726562499999999 0.01805989583333334
0 0.5149348958333334 0.5431901041666666 0.020052083333333304 0.02402343750000006
0 0.9495572916666667 0.46611979166666667 0.019960937499999904 0.022968749999999982