0 0.2779947916666667 0.07552083333333333 0.037760416666666664 0.03125
0 0.2421875 0.12369791666666667 0.046875 0.0390625
0 0.22721354166666666 0.087890625 0.016927083333333332 0.01953125
0 0.142578125 0.06640625 0.022135416666666668 0.015625
0 0.10026041666666667 0.052083333333333336 0.028645833333333332 0.026041666666666668
0 0.5123697916666666 0.045572916666666664 0.024739583333333332 0.026041666666666668
0 0.5638020833333334 0.08138020833333333 0.013020833333333334 0.01953125
0 0.4811197916666667 0.10416666666666667 0.055989583333333336 0.052083333333333336
0 0.2936197916666667 0.17903645833333334 0.045572916666666664 0.032552083333333336
0 0.3444010416666667 0.23763020833333334 0.022135416666666668 0.01953125
0 0.5338541666666666 0.2825520833333333 0.028645833333333332 0.026041666666666668
0 0.7838541666666666 0.150390625 0.028645833333333332 0.024739583333333332
0 0.8046875 0.185546875 0.013020833333333334 0.01953125
0 0.6438802083333334 0.055989583333333336 0.12109375 0.09635416666666667
0 0.2669270833333333 0.4342447916666667 0.0234375 0.022135416666666668
0 0.12825520833333334 0.3209635416666667 0.024739583333333332 0.014322916666666666
0 0.78515625 0.318359375 0.052083333333333336 0.045572916666666664
0 0.7317708333333334 0.6171875 0.028645833333333332 0.033854166666666664
0 0.57421875 0.7115885416666666 0.033854166666666664 0.02734375
0 0.15690104166666666 0.564453125 0.032552083333333336 0.022135416666666668
0 0.2552083333333333 0.53125 0.018229166666666668 0.018229166666666668
0 0.055338541666666664 0.11458333333333333 0.022135416666666668 0.020833333333333332
0 0.7955729166666666 0.701171875 0.020833333333333332 0.022135416666666668
0 0.7630208333333334 0.4622395833333333 0.052083333333333336 0.052083333333333336
0 0.9837239583333334 0.3528645833333333 0.01953125 0.015625
0 0.6223958333333334 0.439453125 0.06510416666666667 0.05859375
0 0.5709635416666666 0.3352864583333333 0.07161458333333333 0.045572916666666664
0 0.232421875 0.3424479166666667 0.032552083333333336 0.020833333333333332
0 0.669921875 0.287109375 0.061197916666666664 0.06640625
0 0.08984375 0.23177083333333334 0.013020833333333334 0.018229166666666668
0 0.2864583333333333 0.126953125 0.010416666666666666 0.01953125
0 0.3736979166666667 0.5149739583333334 0.07552083333333333 0.07942708333333333
0 0.3619791666666667 0.3951822916666667 0.013020833333333334 0.022135416666666668
0 0.486328125 0.6673177083333334 0.01953125 0.01953125
0 0.5735677083333334 0.5611979166666666 0.18880208333333334 0.15625
0 0.6829427083333334 0.59375 0.016927083333333332 0.015625
0 0.029947916666666668 0.75390625 0.026041666666666668 0.018229166666666668
0 0.4420572916666667 0.728515625 0.11328125 0.12369791666666667
0 0.5091145833333334 0.7981770833333334 0.018229166666666668 0.018229166666666668
0 0.6731770833333334 0.7486979166666666 0.036458333333333336 0.0390625
0 0.630859375 0.8046875 0.048177083333333336 0.044270833333333336
0 0.865234375 0.830078125 0.029947916666666668 0.032552083333333336
0 0.2747395833333333 0.8984375 0.018229166666666668 0.013020833333333334
0 0.349609375 0.9251302083333334 0.014322916666666666 0.014322916666666666
0 0.2610677083333333 0.740234375 0.01953125 0.01953125
0 0.046875 0.8391927083333334 0.018229166666666668 0.01953125
0 0.3958333333333333 0.8802083333333334 0.13020833333333334 0.1015625
0 0.3072916666666667 0.8014322916666666 0.1484375 0.14192708333333334
0 0.2903645833333333 0.9446614583333334 0.013020833333333334 0.014322916666666666
0 0.375 0.9739583333333334 0.06510416666666667 0.044270833333333336
0 0.095703125 0.548828125 0.18098958333333334 0.3372395833333333
0 0.80859375 0.4381510416666667 0.013020833333333334 0.01171875
0 0.8606770833333334 0.12369791666666667 0.044270833333333336 0.0390625
0 0.6809895833333334 0.9388020833333334 0.0390625 0.041666666666666664