0 0.2845052083333333 0.365234375 0.022135416666666668 0.024739583333333332
0 0.3072916666666667 0.24609375 0.0234375 0.020833333333333332
0 0.3268229166666667 0.061848958333333336 0.041666666666666664 0.032552083333333336
0 0.14453125 0.20638020833333334 0.036458333333333336 0.04296875
0 0.23046875 0.12890625 0.07291666666666667 0.0703125
0 0.20247395833333334 0.3268229166666667 0.03515625 0.028645833333333332
0 0.14973958333333334 0.4817708333333333 0.0390625 0.0390625
0 0.033854166666666664 0.6985677083333334 0.0234375 0.029947916666666668
0 0.7565104166666666 0.9752604166666666 0.036458333333333336 0.033854166666666664
0 0.435546875 0.4459635416666667 0.014322916666666666 0.014322916666666666
0 0.9778645833333334 0.3326822916666667 0.0234375 0.024739583333333332
0 0.4440104166666667 0.9596354166666666 0.08072916666666667 0.08072916666666667
0 0.3997395833333333 0.3287760416666667 0.09895833333333333 0.09765625
0 0.3802083333333333 0.189453125 0.018229166666666668 0.014322916666666666
0 0.028645833333333332 0.08919270833333333 0.018229166666666668 0.01953125
0 0.5442708333333334 0.10546875 0.015625 0.0234375
0 0.45703125 0.14973958333333334 0.013020833333333334 0.015625
0 0.006510416666666667 0.4739583333333333 0.013020833333333334 0.020833333333333332