0 0.8033854166666666 0.5110677083333334 0.02734375 0.026041666666666668
0 0.024088541666666668 0.09244791666666667 0.028645833333333332 0.02734375
0 0.259765625 0.294921875 0.0234375 0.0234375
0 0.15494791666666666 0.224609375 0.024739583333333332 0.0234375
0 0.994140625 0.8098958333333334 0.01171875 0.0234375
0 0.2109375 0.016276041666666668 0.029947916666666668 0.029947916666666668
0 0.3020833333333333 0.9850260416666666 0.024739583333333332 0.0234375
0 0.376953125 0.3606770833333333 0.0234375 0.022135416666666668
0 0.9055989583333334 0.18619791666666666 0.0234375 0.0234375
0 0.2552083333333333 0.06901041666666667 0.022135416666666668 0.0234375
0 0.18359375 0.4446614583333333 0.026041666666666668 0.02734375
0 0.83203125 0.072265625 0.03125 0.028645833333333332
0 0.373046875 0.9036458333333334 0.026041666666666668 0.024739583333333332
0 0.115234375 0.548828125 0.024739583333333332 0.0234375
0 0.14713541666666666 0.024088541666666668 0.024739583333333332 0.024739583333333332
0 0.5729166666666666 0.7213541666666666 0.024739583333333332 0.0234375
0 0.3131510416666667 0.634765625 0.02734375 0.026041666666666668
0 0.18033854166666666 0.15625 0.033854166666666664 0.033854166666666664
0 0.024739583333333332 0.5891927083333334 0.022135416666666668 0.01953125
0 0.3483072916666667 0.7037760416666666 0.028645833333333332 0.028645833333333332
0 0.8346354166666666 0.4205729166666667 0.024739583333333332 0.024739583333333332
0 0.041666666666666664 0.3938802083333333 0.0234375 0.0234375
0 0.140625 0.849609375 0.026041666666666668 0.0234375
0 0.73828125 0.6334635416666666 0.029947916666666668 0.024739583333333332
0 0.396484375 0.5052083333333334 0.029947916666666668 0.029947916666666668
0 0.53125 0.5865885416666666 0.040364583333333336 0.040364583333333336
0 0.021484375 0.34375 0.040364583333333336 0.0390625
0 0.0078125 0.18229166666666666 0.015625 0.0234375
0 0.8470052083333334 0.912109375 0.049479166666666664 0.045572916666666664
0 0.6588541666666666 0.177734375 0.026041666666666668 0.026041666666666668
0 0.7415364583333334 0.9674479166666666 0.032552083333333336 0.03125
0 0.73828125 0.259765625 0.07291666666666667 0.07291666666666667
0 0.166015625 0.72265625 0.078125 0.078125
0 0.4329427083333333 0.845703125 0.0546875 0.049479166666666664
0 0.751953125 0.044270833333333336 0.05859375 0.05078125
0 0.8619791666666666 0.357421875 0.053385416666666664 0.0546875
0 0.775390625 0.771484375 0.05078125 0.04296875
0 0.3997395833333333 0.14127604166666666 0.059895833333333336 0.057291666666666664
0 0.5084635416666666 0.2584635416666667 0.06510416666666667 0.059895833333333336
0 0.5442708333333334 0.21549479166666666 0.0703125 0.06901041666666667
0 0.10286458333333333 0.9173177083333334 0.09244791666666667 0.11197916666666667