0 0.4479166666666667 0.9244791666666666 0.03125 0.03125
0 0.07291666666666667 0.8990885416666666 0.0390625 0.045572916666666664
0 0.033854166666666664 0.8138020833333334 0.026041666666666668 0.03125
0 0.3157552083333333 0.7291666666666666 0.03515625 0.044270833333333336
0 0.427734375 0.5963541666666666 0.045572916666666664 0.0390625
0 0.6139322916666666 0.7317708333333334 0.024739583333333332 0.0234375
0 0.5032552083333334 0.6315104166666666 0.014322916666666666 0.0078125
0 0.5384114583333334 0.62109375 0.01953125 0.0234375
0 0.7890625 0.37890625 0.052083333333333336 0.052083333333333336
0 0.8834635416666666 0.38671875 0.032552083333333336 0.0625
0 0.18880208333333334 0.86328125 0.028645833333333332 0.026041666666666668
0 0.236328125 0.7805989583333334 0.014322916666666666 0.022135416666666668
0 0.12565104166666666 0.4700520833333333 0.01171875 0.013020833333333334
0 0.027994791666666668 0.166015625 0.024739583333333332 0.024739583333333332
0 0.030598958333333332 0.24348958333333334 0.01953125 0.015625
0 0.6263020833333334 0.09440104166666667 0.0390625 0.040364583333333336
0 0.671875 0.14388020833333334 0.026041666666666668 0.032552083333333336
0 0.2591145833333333 0.2897135416666667 0.020833333333333332 0.014322916666666666
0 0.5110677083333334 0.279296875 0.022135416666666668 0.01953125
0 0.099609375 0.20768229166666666 0.01171875 0.016927083333333332
0 0.17447916666666666 0.5533854166666666 0.0078125 0.0078125
0 0.939453125 0.826171875 0.01953125 0.022135416666666668
0 0.8723958333333334 0.794921875 0.015625 0.01953125
0 0.3463541666666667 0.8958333333333334 0.013020833333333334 0.013020833333333334
0 0.10416666666666667 0.712890625 0.010416666666666666 0.014322916666666666
0 0.7766927083333334 0.09830729166666667 0.040364583333333336 0.045572916666666664
0 0.953125 0.8828125 0.013020833333333334 0.013020833333333334
0 0.28125 0.43359375 0.013020833333333334 0.013020833333333334
0 0.3209635416666667 0.4635416666666667 0.01171875 0.013020833333333334
0 0.7649739583333334 0.2513020833333333 0.016927083333333332 0.013020833333333334
0 0.8984375 0.3268229166666667 0.010416666666666666 0.013020833333333334
0 0.3151041666666667 0.6861979166666666 0.0234375 0.0234375
0 0.3645833333333333 0.7083333333333334 0.013020833333333334 0.015625
0 0.3372395833333333 0.7630208333333334 0.013020833333333334 0.013020833333333334
0 0.6354166666666666 0.3203125 0.013020833333333334 0.013020833333333334
0 0.72265625 0.08268229166666667 0.0234375 0.01953125
0 0.6764322916666666 0.11588541666666667 0.016927083333333332 0.015625
0 0.701171875 0.17643229166666666 0.01171875 0.014322916666666666
0 0.69140625 0.25 0.010416666666666666 0.013020833333333334
0 0.09505208333333333 0.11328125 0.015625 0.015625
0 0.0859375 0.21419270833333334 0.013020833333333334 0.016927083333333332
0 0.09114583333333333 0.525390625 0.013020833333333334 0.014322916666666666
0 0.7858072916666666 0.724609375 0.016927083333333332 0.016927083333333332
0 0.966796875 0.6614583333333334 0.01171875 0.015625
0 0.3821614583333333 0.119140625 0.024739583333333332 0.032552083333333336