0 0.4973958333333333 0.30078125 0.028645833333333332 0.020833333333333332
0 0.4733072916666667 0.333984375 0.024739583333333332 0.024739583333333332
0 0.3470052083333333 0.474609375 0.024739583333333332 0.01953125
0 0.861328125 0.833984375 0.05078125 0.03515625
0 0.8483072916666666 0.9368489583333334 0.037760416666666664 0.045572916666666664
0 0.5299479166666666 0.026041666666666668 0.026041666666666668 0.028645833333333332
0 0.578125 0.061848958333333336 0.020833333333333332 0.016927083333333332
0 0.22330729166666666 0.14908854166666666 0.01953125 0.016927083333333332
0 0.5208333333333334 0.21158854166666666 0.015625 0.022135416666666668
0 0.6901041666666666 0.23697916666666666 0.015625 0.013020833333333334
0 0.23177083333333334 0.8287760416666666 0.018229166666666668 0.014322916666666666
0 0.6236979166666666 0.027994791666666668 0.018229166666666668 0.01171875
0 0.21354166666666666 0.24674479166666666 0.020833333333333332 0.01953125
0 0.3756510416666667 0.333984375 0.014322916666666666 0.016927083333333332
0 0.3307291666666667 0.3170572916666667 0.028645833333333332 0.029947916666666668
0 0.33203125 0.421875 0.03125 0.03125