0 0.3307291666666667 0.3450520833333333 0.018229166666666668 0.018229166666666668
0 0.09244791666666667 0.232421875 0.06770833333333333 0.07421875
0 0.040364583333333336 0.19921875 0.018229166666666668 0.020833333333333332
0 0.076171875 0.2708333333333333 0.022135416666666668 0.018229166666666668
0 0.23567708333333334 0.7662760416666666 0.028645833333333332 0.029947916666666668
0 0.1171875 0.8619791666666666 0.026041666666666668 0.026041666666666668
0 0.14713541666666666 0.7174479166666666 0.015625 0.013020833333333334
0 0.08528645833333333 0.4192708333333333 0.015625 0.015625
0 0.2805989583333333 0.76171875 0.015625 0.015625
0 0.14518229166666666 0.7174479166666666 0.010416666666666666 0.010416666666666666
0 0.4368489583333333 0.16536458333333334 0.015625 0.016927083333333332
0 0.09505208333333333 0.84375 0.010416666666666666 0.010416666666666666
0 0.2591145833333333 0.009114583333333334 0.024739583333333332 0.016927083333333332
0 0.23567708333333334 0.619140625 0.016927083333333332 0.016927083333333332
0 0.24479166666666666 0.23307291666666666 0.009114583333333334 0.009114583333333334
0 0.341796875 0.4322916666666667 0.01171875 0.01171875
0 0.052083333333333336 0.8919270833333334 0.009114583333333334 0.009114583333333334