0 0.5140755208333333 0.2774479166666666 0.22766927083333335 0.21535156249999998
0 0.40304687499999997 0.789921875 0.27346354166666664 0.25442708333333336
0 0.083984375 0.4029947916666667 0.16796875 0.17317708333333334
0 0.20467447916666667 0.12082031250000003 0.10736979166666664 0.09555989583333331
0 0.9322916666666666 0.578125 0.13541666666666666 0.140625
0 0.7739322916666667 0.06972656250000002 0.10378906250000004 0.10497395833333334
0 0.8515494791666667 0.11528645833333336 0.03207031250000014 0.03240885416666665
0 0.9086718749999999 0.12040364583333336 0.029153645833333464 0.03145833333333333
0 0.6874348958333334 0.5310026041666666 0.03867187500000006 0.045377604166666696
0 0.6462500000000001 0.7452864583333333 0.03444010416666673 0.04057291666666677
0 0.789921875 0.6551822916666666 0.0316145833333333 0.03210937500000003
0 0.7574088541666667 0.6647786458333332 0.040976562500000036 0.04075520833333327
0 0.6453255208333334 0.7422005208333333 0.036302083333333325 0.04365885416666663
0 0.638515625 0.8388151041666667 0.037565104166666696 0.036002604166666785
0 0.6627994791666666 0.9256510416666667 0.07868489583333334 0.07575520833333342
0 0.7989062499999999 0.8248697916666666 0.038398437500000014 0.045325520833333265
0 0.7410026041666667 0.8646744791666667 0.03049479166666676 0.03378906250000006
0 0.7786458333333334 0.004557291666666667 0.036458333333333336 0.009114583333333334
0 0.24153645833333334 0.9016927083333334 0.30859375 0.19661458333333334
0 0.14406249999999998 0.6516927083333334 0.23169270833333333 0.19374999999999995
0 0.13421874999999997 0.7772916666666667 0.1338671875 0.12502604166666664
0 0.2558072916666667 0.29442708333333334 0.04222656250000001 0.029830729166666698
0 0.267421875 0.43532552083333337 0.02826822916666664 0.0325911458333333
0 0.2172526041666667 0.5172265625 0.035820312499999986 0.03272135416666666
0 0.16988281250000004 0.5009765625 0.03779947916666665 0.03739583333333337
0 0.4754947916666666 0.5509895833333333 0.038893229166666675 0.033255208333333286
0 0.37919270833333335 0.5610416666666667 0.03975260416666663 0.0347916666666667
0 0.554296875 0.4808333333333333 0.03281250000000006 0.03746093749999998
0 0.49872395833333333 0.4227864583333334 0.029544270833333403 0.029843749999999947
0 0.7475 0.23311197916666662 0.03605468750000007 0.03183593749999999
0 0.799375 0.29953125 0.028177083333333464 0.028906249999999984
0 0.8264713541666667 0.76140625 0.026562500000000117 0.029986979166666632
0 0.8688802083333332 0.6954427083333333 0.03141927083333348 0.032005208333333236
0 0.7532421875 0.4907682291666666 0.021484375 0.02070312499999997
0 0.8701171875 0.48115885416666665 0.03203124999999988 0.02753906249999997
0 0.5364583333333334 0.018229166666666668 0.044270833333333336 0.036458333333333336
0 0.36695312500000005 0.16235677083333333 0.04876302083333339 0.03725260416666668
0 0.5013541666666667 0.13914062500000002 0.027369791666666643 0.02800781249999999
0 0.2411067708333333 0.36195312500000004 0.031419270833333325 0.024700520833333368
0 0.34105468749999995 0.08680989583333336 0.017604166666666643 0.019544270833333332
0 0.3208984375000001 0.05917968749999999 0.018958333333333337 0.01635416666666667
0 0.9023177083333334 0.77625 0.026744791666666618 0.02830729166666668
0 0.9436328125000001 0.8628255208333333 0.027994791666666668 0.031080729166666526
0 0.9915364583333334 0.966796875 0.016927083333333332 0.024739583333333332
0 0.04432291666666669 0.10522135416666667 0.0322265625 0.030872395833333344
0 0.005859375 0.12630208333333334 0.01171875 0.033854166666666664
0 0.06507812500000003 0.14192708333333334 0.021640625000000007 0.02243489583333332
0 0.008463541666666666 0.9205729166666666 0.016927083333333332 0.026041666666666668