0 0.8268229166666666 0.5540364583333334 0.029947916666666668 0.033854166666666664
0 0.7356770833333334 0.11197916666666667 0.028645833333333332 0.03125
0 0.8919270833333334 0.9934895833333334 0.026041666666666668 0.013020833333333334
0 0.8287760416666666 0.4713541666666667 0.02734375 0.03125
0 0.794921875 0.9251302083333334 0.03515625 0.037760416666666664
0 0.8053385416666666 0.8587239583333334 0.024739583333333332 0.026041666666666668
0 0.9440104166666666 0.7779947916666666 0.026041666666666668 0.02734375
0 0.9635416666666666 0.3509114583333333 0.026041666666666668 0.02734375
0 0.974609375 0.048828125 0.024739583333333332 0.02734375
0 0.7376302083333334 0.7180989583333334 0.026041666666666668 0.02734375
0 0.9928385416666666 0.966796875 0.014322916666666666 0.045572916666666664
0 0.3450520833333333 0.740234375 0.033854166666666664 0.036458333333333336
0 0.8216145833333334 0.759765625 0.024739583333333332 0.024739583333333332
0 0.689453125 0.6888020833333334 0.022135416666666668 0.024739583333333332
0 0.6790364583333334 0.080078125 0.02734375 0.029947916666666668
0 0.728515625 0.5904947916666666 0.024739583333333332 0.0234375
0 0.666015625 0.2669270833333333 0.0234375 0.024739583333333332
0 0.4680989583333333 0.611328125 0.026041666666666668 0.02734375
0 0.279296875 0.4270833333333333 0.037760416666666664 0.040364583333333336
0 0.057942708333333336 0.3619791666666667 0.05078125 0.05078125
0 0.24869791666666666 0.5221354166666666 0.029947916666666668 0.028645833333333332
0 0.8932291666666666 0.5611979166666666 0.0234375 0.024739583333333332
0 0.681640625 0.17643229166666666 0.07161458333333333 0.07421875
0 0.8815104166666666 0.2604166666666667 0.07552083333333333 0.07421875
0 0.16666666666666666 0.84765625 0.041666666666666664 0.045572916666666664
0 0.4225260416666667 0.14518229166666666 0.041666666666666664 0.049479166666666664
0 0.4010416666666667 0.4147135416666667 0.022135416666666668 0.022135416666666668
0 0.7233072916666666 0.982421875 0.07682291666666667 0.03515625
0 0.326171875 0.4615885416666667 0.02734375 0.02734375
0 0.509765625 0.984375 0.05078125 0.03125
0 0.24348958333333334 0.3209635416666667 0.03125 0.03125