0 0.19596354166666666 0.5462239583333334 0.032552083333333336 0.032552083333333336
0 0.2890625 0.6080729166666666 0.041666666666666664 0.041666666666666664
0 0.615234375 0.9446614583333334 0.03515625 0.032552083333333336
0 0.7786458333333334 0.923828125 0.026041666666666668 0.029947916666666668
0 0.90625 0.9661458333333334 0.03125 0.028645833333333332
0 0.4140625 0.4270833333333333 0.026041666666666668 0.026041666666666668
0 0.015625 0.3216145833333333 0.0234375 0.028645833333333332
0 0.16536458333333334 0.087890625 0.140625 0.14453125
0 0.5084635416666666 0.048828125 0.07161458333333333 0.07682291666666667
0 0.2513020833333333 0.4173177083333333 0.026041666666666668 0.01953125
0 0.30078125 0.16927083333333334 0.018229166666666668 0.018229166666666668
0 0.8235677083333334 0.08203125 0.029947916666666668 0.026041666666666668
0 0.19270833333333334 0.7434895833333334 0.015625 0.016927083333333332
0 0.380859375 0.7845052083333334 0.01171875 0.01171875
0 0.4381510416666667 0.8567708333333334 0.01171875 0.018229166666666668
0 0.19075520833333334 0.9075520833333334 0.01171875 0.018229166666666668
0 0.11328125 0.9505208333333334 0.010416666666666666 0.015625
0 0.08268229166666667 0.5149739583333334 0.016927083333333332 0.01953125
0 0.251953125 0.4192708333333333 0.016927083333333332 0.018229166666666668
0 0.6979166666666666 0.4518229166666667 0.014322916666666666 0.014322916666666666
0 0.4270833333333333 0.7552083333333334 0.009114583333333334 0.009114583333333334
0 0.5716145833333334 0.572265625 0.009114583333333334 0.009114583333333334
0 0.607421875 0.4563802083333333 0.009114583333333334 0.009114583333333334
0 0.8307291666666666 0.22981770833333334 0.013020833333333334 0.013020833333333334
0 0.8020833333333334 0.7259114583333334 0.01171875 0.013020833333333334
0 0.119140625 0.7298177083333334 0.009114583333333334 0.009114583333333334
0 0.537109375 0.5514322916666666 0.009114583333333334 0.009114583333333334
0 0.053385416666666664 0.83984375 0.010416666666666666 0.01171875
0 0.5501302083333334 0.8587239583333334 0.009114583333333334 0.010416666666666666
0 0.6751302083333334 0.6666666666666666 0.01171875 0.01171875