0 0.5182291666666666 0.2923177083333333 0.0859375 0.08203125
0 0.18684895833333334 0.474609375 0.022135416666666668 0.022135416666666668
0 0.19075520833333334 0.498046875 0.024739583333333332 0.024739583333333332
0 0.091796875 0.5852864583333334 0.02734375 0.029947916666666668
0 0.055989583333333336 0.626953125 0.020833333333333332 0.022135416666666668
0 0.2682291666666667 0.6927083333333334 0.0234375 0.028645833333333332
0 0.16015625 0.6881510416666666 0.03125 0.02734375
0 0.5013020833333334 0.5930989583333334 0.0390625 0.045572916666666664
0 0.4303385416666667 0.6067708333333334 0.19661458333333334 0.2421875
0 0.4407552083333333 0.5091145833333334 0.022135416666666668 0.026041666666666668
0 0.6139322916666666 0.560546875 0.06380208333333333 0.08463541666666667
0 0.5774739583333334 0.689453125 0.055989583333333336 0.061197916666666664
0 0.65234375 0.6666666666666666 0.028645833333333332 0.028645833333333332
0 0.7884114583333334 0.22395833333333334 0.037760416666666664 0.036458333333333336
0 0.599609375 0.07291666666666667 0.040364583333333336 0.044270833333333336
0 0.3170572916666667 0.11002604166666667 0.016927083333333332 0.016927083333333332
0 0.107421875 0.2936197916666667 0.045572916666666664 0.05859375
0 0.3352864583333333 0.228515625 0.01953125 0.01953125
0 0.25390625 0.8860677083333334 0.026041666666666668 0.01953125
0 0.20247395833333334 0.8990885416666666 0.024739583333333332 0.01953125
0 0.07421875 0.76171875 0.015625 0.015625
0 0.341796875 0.962890625 0.032552083333333336 0.03515625
0 0.09505208333333333 0.8274739583333334 0.046875 0.05859375
0 0.498046875 0.6536458333333334 0.032552083333333336 0.036458333333333336
0 0.8177083333333334 0.5833333333333334 0.033854166666666664 0.0390625
0 0.8606770833333334 0.3463541666666667 0.028645833333333332 0.033854166666666664
0 0.9739583333333334 0.298828125 0.028645833333333332 0.02734375
0 0.6490885416666666 0.16276041666666666 0.016927083333333332 0.015625
0 0.037760416666666664 0.030598958333333332 0.020833333333333332 0.01953125
0 0.91796875 0.375 0.026041666666666668 0.026041666666666668
0 0.9153645833333334 0.4108072916666667 0.020833333333333332 0.01953125
0 0.9016927083333334 0.6002604166666666 0.05859375 0.059895833333333336
0 0.5670572916666666 0.78515625 0.037760416666666664 0.052083333333333336
0 0.52734375 0.8046875 0.026041666666666668 0.026041666666666668
0 0.6204427083333334 0.9654947916666666 0.022135416666666668 0.016927083333333332
0 0.6022135416666666 0.9817708333333334 0.01953125 0.018229166666666668
0 0.2545572916666667 0.16731770833333334 0.33984375 0.2877604166666667
0 0.7916666666666666 0.06575520833333333 0.018229166666666668 0.01953125
0 0.8209635416666666 0.4309895833333333 0.040364583333333336 0.046875
0 0.3157552083333333 0.125 0.016927083333333332 0.018229166666666668
0 0.5579427083333334 0.9850260416666666 0.01953125 0.01171875
0 0.626953125 0.693359375 0.016927083333333332 0.016927083333333332
0 0.75 0.9615885416666666 0.046875 0.045572916666666664
0 0.818359375 0.9563802083333334 0.016927083333333332 0.014322916666666666
0 0.71484375 0.8619791666666666 0.4401041666666667 0.2760416666666667
0 0.4654947916666667 0.4563802083333333 0.014322916666666666 0.014322916666666666
0 0.763671875 0.6087239583333334 0.01171875 0.01171875
0 0.8860677083333334 0.5436197916666666 0.014322916666666666 0.016927083333333332
0 0.97265625 0.48046875 0.0546875 0.08072916666666667
0 0.974609375 0.3346354166666667 0.016927083333333332 0.018229166666666668
0 0.75 0.022135416666666668 0.09114583333333333 0.041666666666666664
0 0.744140625 0.359375 0.016927083333333332 0.015625
0 0.3307291666666667 0.4544270833333333 0.015625 0.013020833333333334