0 0.869140625 0.4348958333333333 0.045572916666666664 0.046875
0 0.9765625 0.10611979166666667 0.028645833333333332 0.037760416666666664
0 0.6770833333333334 0.059895833333333336 0.026041666666666668 0.028645833333333332
0 0.6263020833333334 0.014322916666666666 0.0234375 0.026041666666666668
0 0.765625 0.2506510416666667 0.018229166666666668 0.022135416666666668
0 0.814453125 0.3483072916666667 0.014322916666666666 0.01953125
0 0.7005208333333334 0.3001302083333333 0.020833333333333332 0.01953125
0 0.3899739583333333 0.38671875 0.02734375 0.026041666666666668
0 0.3352864583333333 0.3704427083333333 0.022135416666666668 0.024739583333333332
0 0.384765625 0.1171875 0.016927083333333332 0.020833333333333332
0 0.3307291666666667 0.099609375 0.0234375 0.022135416666666668
0 0.15950520833333334 0.24544270833333334 0.3190104166666667 0.37109375
0 0.1796875 0.19205729166666666 0.018229166666666668 0.01953125
0 0.15299479166666666 0.90625 0.045572916666666664 0.041666666666666664
0 0.2884114583333333 0.8912760416666666 0.016927083333333332 0.01953125
0 0.03125 0.603515625 0.028645833333333332 0.032552083333333336
0 0.08072916666666667 0.7845052083333334 0.018229166666666668 0.01953125
0 0.056640625 0.7838541666666666 0.016927083333333332 0.020833333333333332
0 0.4134114583333333 0.7376302083333334 0.01953125 0.024739583333333332
0 0.3743489583333333 0.623046875 0.01953125 0.01953125
0 0.53515625 0.6985677083333334 0.049479166666666664 0.061197916666666664
0 0.6256510416666666 0.6516927083333334 0.016927083333333332 0.01953125
0 0.828125 0.8606770833333334 0.140625 0.15885416666666666
0 0.74609375 0.5247395833333334 0.018229166666666668 0.018229166666666668
0 0.5677083333333334 0.8665364583333334 0.3854166666666667 0.2669270833333333
0 0.5299479166666666 0.2838541666666667 0.015625 0.018229166666666668
0 0.4720052083333333 0.026692708333333332 0.016927083333333332 0.01953125
0 0.12239583333333333 0.49609375 0.020833333333333332 0.020833333333333332
0 0.046875 0.55859375 0.015625 0.018229166666666668
0 0.6940104166666666 0.2877604166666667 0.018229166666666668 0.020833333333333332
0 0.7194010416666666 0.6048177083333334 0.014322916666666666 0.014322916666666666
0 0.6328125 0.396484375 0.013020833333333334 0.014322916666666666
0 0.6419270833333334 0.462890625 0.013020833333333334 0.01171875
0 0.6165364583333334 0.4733072916666667 0.014322916666666666 0.014322916666666666
0 0.734375 0.751953125 0.015625 0.016927083333333332
0 0.046223958333333336 0.24283854166666666 0.01171875 0.01171875
0 0.054036458333333336 0.09049479166666667 0.014322916666666666 0.014322916666666666
0 0.29296875 0.23502604166666666 0.010416666666666666 0.01171875
0 0.86328125 0.935546875 0.018229166666666668 0.016927083333333332