0 0.6770833333333334 0.3255208333333333 0.0390625 0.0390625
0 0.6276041666666666 0.4147135416666667 0.09635416666666667 0.11067708333333333
0 0.5852864583333334 0.5592447916666666 0.037760416666666664 0.032552083333333336
0 0.611328125 0.283203125 0.045572916666666664 0.045572916666666664
0 0.4537760416666667 0.17252604166666666 0.029947916666666668 0.032552083333333336
0 0.66015625 0.5657552083333334 0.018229166666666668 0.01953125
0 0.9498697916666666 0.15950520833333334 0.040364583333333336 0.045572916666666664
0 0.912109375 0.22916666666666666 0.014322916666666666 0.015625
0 0.8391927083333334 0.3444010416666667 0.016927083333333332 0.022135416666666668
0 0.8899739583333334 0.020182291666666668 0.016927083333333332 0.014322916666666666
0 0.9348958333333334 0.10416666666666667 0.015625 0.013020833333333334
0 0.9921875 0.040364583333333336 0.013020833333333334 0.026041666666666668
0 0.4296875 0.2701822916666667 0.052083333333333336 0.05859375
0 0.4270833333333333 0.333984375 0.018229166666666668 0.022135416666666668
0 0.408203125 0.4713541666666667 0.016927083333333332 0.018229166666666668
0 0.38671875 0.4186197916666667 0.015625 0.014322916666666666
0 0.2903645833333333 0.20182291666666666 0.07552083333333333 0.06510416666666667
0 0.13606770833333334 0.16731770833333334 0.053385416666666664 0.05859375
0 0.072265625 0.4290364583333333 0.024739583333333332 0.02734375
0 0.107421875 0.560546875 0.032552083333333336 0.037760416666666664
0 0.115234375 0.66796875 0.016927083333333332 0.018229166666666668
0 0.107421875 0.7975260416666666 0.05859375 0.05859375
0 0.3977864583333333 0.7565104166666666 0.09505208333333333 0.09375
0 0.564453125 0.890625 0.048177083333333336 0.046875
0 0.4212239583333333 0.8723958333333334 0.022135416666666668 0.026041666666666668
0 0.3196614583333333 0.443359375 0.037760416666666664 0.040364583333333336
0 0.2740885416666667 0.7076822916666666 0.016927083333333332 0.016927083333333332
0 0.12825520833333334 0.10611979166666667 0.016927083333333332 0.016927083333333332
0 0.8619791666666666 0.8216145833333334 0.028645833333333332 0.026041666666666668
0 0.9635416666666666 0.4921875 0.0390625 0.046875
0 0.8834635416666666 0.140625 0.055989583333333336 0.057291666666666664
0 0.498046875 0.3033854166666667 0.01953125 0.020833333333333332
0 0.435546875 0.6608072916666666 0.02734375 0.032552083333333336
0 0.5891927083333334 0.763671875 0.01953125 0.022135416666666668
0 0.66015625 0.6119791666666666 0.046875 0.052083333333333336
0 0.638671875 0.7317708333333334 0.016927083333333332 0.020833333333333332
0 0.6438802083333334 0.07682291666666667 0.01953125 0.015625
0 0.7643229166666666 0.6041666666666666 0.020833333333333332 0.018229166666666668
0 0.8196614583333334 0.9544270833333334 0.037760416666666664 0.03125
0 0.3548177083333333 0.595703125 0.01953125 0.01953125
0 0.4811197916666667 0.8828125 0.024739583333333332 0.020833333333333332
0 0.919921875 0.6412760416666666 0.01953125 0.022135416666666668
0 0.92578125 0.5638020833333334 0.08854166666666667 0.0859375
0 0.9342447916666666 0.404296875 0.12369791666666667 0.11848958333333333
0 0.693359375 0.185546875 0.07161458333333333 0.07161458333333333
0 0.9173177083333334 0.869140625 0.024739583333333332 0.01953125
0 0.95703125 0.8561197916666666 0.078125 0.07161458333333333
0 0.9602864583333334 0.9544270833333334 0.01953125 0.018229166666666668
0 0.552734375 0.51953125 0.01171875 0.015625
0 0.6263020833333334 0.64453125 0.015625 0.013020833333333334
0 0.5989583333333334 0.6393229166666666 0.013020833333333334 0.015625
0 0.52734375 0.7096354166666666 0.013020833333333334 0.013020833333333334
0 0.5188802083333334 0.78515625 0.016927083333333332 0.018229166666666668
0 0.4505208333333333 0.8450520833333334 0.015625 0.018229166666666668
0 0.09830729166666667 0.2877604166666667 0.014322916666666666 0.013020833333333334
0 0.8997395833333334 0.3880208333333333 0.015625 0.020833333333333332
0 0.9147135416666666 0.7669270833333334 0.014322916666666666 0.015625
0 0.8235677083333334 0.75390625 0.016927083333333332 0.015625
0 0.7643229166666666 0.119140625 0.013020833333333334 0.016927083333333332
0 0.5481770833333334 0.4147135416666667 0.041666666666666664 0.045572916666666664
0 0.8040364583333334 0.7858072916666666 0.01953125 0.016927083333333332
0 0.09440104166666667 0.498046875 0.01953125 0.01953125
0 0.12044270833333333 0.9420572916666666 0.14973958333333334 0.09505208333333333
0 0.037109375 0.986328125 0.016927083333333332 0.01953125
0 0.07421875 0.6022135416666666 0.020833333333333332 0.01953125
0 0.4036458333333333 0.7272135416666666 0.013020833333333334 0.016927083333333332
0 0.3782552083333333 0.4270833333333333 0.016927083333333332 0.018229166666666668
0 0.3424479166666667 0.603515625 0.013020833333333334 0.01171875