0 0.724609375 0.2565104166666667 0.09244791666666667 0.07552083333333333
0 0.193359375 0.11197916666666667 0.04296875 0.0390625
0 0.376953125 0.248046875 0.045572916666666664 0.045572916666666664
0 0.09114583333333333 0.19596354166666666 0.0390625 0.032552083333333336
0 0.16080729166666666 0.19466145833333334 0.029947916666666668 0.03515625
0 0.23372395833333334 0.19596354166666666 0.024739583333333332 0.01953125
0 0.2584635416666667 0.3684895833333333 0.01953125 0.015625
0 0.11458333333333333 0.3723958333333333 0.018229166666666668 0.018229166666666668
0 0.6751302083333334 0.046223958333333336 0.022135416666666668 0.01953125
0 0.6256510416666666 0.028645833333333332 0.014322916666666666 0.015625
0 0.6920572916666666 0.08854166666666667 0.029947916666666668 0.026041666666666668
0 0.4928385416666667 0.005859375 0.016927083333333332 0.009114583333333334
0 0.22981770833333334 0.62890625 0.01953125 0.015625
0 0.16927083333333334 0.6061197916666666 0.020833333333333332 0.016927083333333332
0 0.3333333333333333 0.5794270833333334 0.020833333333333332 0.020833333333333332
0 0.027994791666666668 0.6080729166666666 0.016927083333333332 0.015625
0 0.6875 0.6848958333333334 0.03125 0.03125
0 0.5475260416666666 0.4134114583333333 0.024739583333333332 0.016927083333333332
0 0.458984375 0.8802083333333334 0.01953125 0.020833333333333332
0 0.5944010416666666 0.9420572916666666 0.06380208333333333 0.055989583333333336
0 0.6634114583333334 0.44921875 0.01953125 0.018229166666666668
0 0.6614583333333334 0.2845052083333333 0.020833333333333332 0.014322916666666666
0 0.8567708333333334 0.279296875 0.059895833333333336 0.055989583333333336
0 0.8268229166666666 0.15104166666666666 0.020833333333333332 0.020833333333333332
0 0.80859375 0.18294270833333334 0.0234375 0.01953125
0 0.9759114583333334 0.3391927083333333 0.032552083333333336 0.032552083333333336
0 0.9388020833333334 0.3444010416666667 0.0234375 0.022135416666666668
0 0.9329427083333334 0.4609375 0.022135416666666668 0.018229166666666668
0 0.013671875 0.12369791666666667 0.024739583333333332 0.020833333333333332
0 0.8170572916666666 0.6848958333333334 0.01953125 0.020833333333333332
0 0.4322916666666667 0.658203125 0.018229166666666668 0.014322916666666666
0 0.802734375 0.380859375 0.07682291666666667 0.07421875
0 0.8606770833333334 0.3522135416666667 0.015625 0.01953125
0 0.6399739583333334 0.970703125 0.014322916666666666 0.01171875
0 0.744140625 0.7643229166666666 0.016927083333333332 0.015625
0 0.021484375 0.08854166666666667 0.01171875 0.013020833333333334