0 0.3072916666666667 0.3053385416666667 0.046875 0.055989583333333336
0 0.064453125 0.912109375 0.022135416666666668 0.01953125
0 0.20768229166666666 0.7278645833333334 0.4127604166666667 0.4505208333333333
0 0.087890625 0.6412760416666666 0.024739583333333332 0.022135416666666668
0 0.2643229166666667 0.5221354166666666 0.026041666666666668 0.020833333333333332
0 0.3411458333333333 0.4446614583333333 0.028645833333333332 0.029947916666666668
0 0.3424479166666667 0.1953125 0.020833333333333332 0.0234375
0 0.810546875 0.6842447916666666 0.11067708333333333 0.12369791666666667
0 0.8522135416666666 0.181640625 0.14453125 0.17057291666666666
0 0.7141927083333334 0.318359375 0.02734375 0.029947916666666668
0 0.5078125 0.3248697916666667 0.020833333333333332 0.022135416666666668
0 0.591796875 0.5865885416666666 0.022135416666666668 0.01953125
0 0.564453125 0.376953125 0.024739583333333332 0.022135416666666668
0 0.4778645833333333 0.9635416666666666 0.020833333333333332 0.020833333333333332
0 0.7623697916666666 0.9837239583333334 0.01953125 0.01953125
0 0.71875 0.36328125 0.0234375 0.0234375
0 0.951171875 0.9661458333333334 0.01953125 0.0234375
0 0.333984375 0.76171875 0.01953125 0.020833333333333332
0 0.9915364583333334 0.779296875 0.016927083333333332 0.037760416666666664
0 0.9876302083333334 0.6048177083333334 0.024739583333333332 0.08463541666666667
0 0.3567708333333333 0.3873697916666667 0.015625 0.01953125
0 0.4934895833333333 0.8854166666666666 0.015625 0.018229166666666668
0 0.5930989583333334 0.8671875 0.014322916666666666 0.018229166666666668
0 0.6119791666666666 0.6783854166666666 0.015625 0.015625
0 0.6393229166666666 0.7688802083333334 0.015625 0.014322916666666666
0 0.6412760416666666 0.5169270833333334 0.014322916666666666 0.015625
0 0.07356770833333333 0.40234375 0.014322916666666666 0.015625
0 0.06380208333333333 0.2786458333333333 0.015625 0.018229166666666668
0 0.033203125 0.23893229166666666 0.016927083333333332 0.016927083333333332
0 0.8782552083333334 0.8157552083333334 0.014322916666666666 0.014322916666666666