0 0.2701822916666667 0.203125 0.032552083333333336 0.033854166666666664
0 0.19270833333333334 0.4251302083333333 0.0234375 0.01953125
0 0.15234375 0.4654947916666667 0.020833333333333332 0.01953125
0 0.5078125 0.3372395833333333 0.018229166666666668 0.020833333333333332
0 0.23111979166666666 0.7434895833333334 0.024739583333333332 0.026041666666666668
0 0.19205729166666666 0.7584635416666666 0.016927083333333332 0.014322916666666666
0 0.9375 0.6295572916666666 0.046875 0.061197916666666664
0 0.935546875 0.18815104166666666 0.022135416666666668 0.02734375
0 0.728515625 0.1484375 0.014322916666666666 0.018229166666666668
0 0.00390625 0.81640625 0.0078125 0.013020833333333334
0 0.7890625 0.201171875 0.010416666666666666 0.014322916666666666
0 0.8600260416666666 0.6477864583333334 0.01953125 0.022135416666666668
0 0.681640625 0.990234375 0.022135416666666668 0.014322916666666666
0 0.4264322916666667 0.3372395833333333 0.014322916666666666 0.013020833333333334
0 0.3430989583333333 0.12109375 0.01171875 0.013020833333333334
0 0.3541666666666667 0.5546875 0.010416666666666666 0.010416666666666666
0 0.96484375 0.22591145833333334 0.026041666666666668 0.0234375
0 0.169921875 0.23958333333333334 0.032552083333333336 0.03125
0 0.4986979166666667 0.09049479166666667 0.01171875 0.010416666666666666
0 0.353515625 0.15104166666666666 0.013020833333333334 0.013020833333333334
0 0.6647135416666666 0.314453125 0.01171875 0.010416666666666666
0 0.14192708333333334 0.521484375 0.009114583333333334 0.009114583333333334
0 0.1875 0.931640625 0.009114583333333334 0.009114583333333334
0 0.3990885416666667 0.5182291666666666 0.015625 0.014322916666666666
0 0.5494791666666666 0.8854166666666666 0.010416666666666666 0.010416666666666666
0 0.8528645833333334 0.4602864583333333 0.010416666666666666 0.010416666666666666
0 0.3684895833333333 0.01953125 0.013020833333333334 0.01171875
0 0.7252604166666666 0.3209635416666667 0.013020833333333334 0.01171875
0 0.90625 0.62109375 0.010416666666666666 0.010416666666666666
0 0.5032552083333334 0.5540364583333334 0.01171875 0.010416666666666666
0 0.3203125 0.4290364583333333 0.013020833333333334 0.013020833333333334
0 0.4908854166666667 0.3841145833333333 0.009114583333333334 0.009114583333333334
0 0.6875 0.5 0.009114583333333334 0.009114583333333334
0 0.701171875 0.3684895833333333 0.009114583333333334 0.009114583333333334
0 0.057942708333333336 0.7376302083333334 0.009114583333333334 0.009114583333333334
0 0.623046875 0.9153645833333334 0.009114583333333334 0.009114583333333334
0 0.08658854166666667 0.3860677083333333 0.009114583333333334 0.010416666666666666
0 0.7005208333333334 0.8333333333333334 0.009114583333333334 0.009114583333333334
0 0.6412760416666666 0.623046875 0.0078125 0.009114583333333334
0 0.7493489583333334 0.8294270833333334 0.009114583333333334 0.009114583333333334
0 0.6595052083333334 0.5078125 0.009114583333333334 0.009114583333333334
0 0.4850260416666667 0.1015625 0.009114583333333334 0.009114583333333334
0 0.6998697916666666 0.7890625 0.0078125 0.009114583333333334
0 0.8561197916666666 0.4778645833333333 0.009114583333333334 0.0078125
0 0.8854166666666666 0.5787760416666666 0.009114583333333334 0.010416666666666666
0 0.0703125 0.6627604166666666 0.009114583333333334 0.009114583333333334
0 0.8170572916666666 0.34765625 0.009114583333333334 0.009114583333333334
0 0.458984375 0.7096354166666666 0.009114583333333334 0.009114583333333334