0 0.7161458333333334 0.10416666666666667 0.0703125 0.07291666666666667
0 0.2109375 0.055338541666666664 0.020833333333333332 0.01953125
0 0.030598958333333332 0.11783854166666667 0.02734375 0.02734375
0 0.20377604166666666 0.26171875 0.022135416666666668 0.020833333333333332
0 0.06315104166666667 0.18684895833333334 0.016927083333333332 0.016927083333333332
0 0.33984375 0.3626302083333333 0.020833333333333332 0.01953125
0 0.3704427083333333 0.8203125 0.03515625 0.0390625
0 0.7161458333333334 0.7858072916666666 0.015625 0.01953125
0 0.265625 0.9069010416666666 0.0859375 0.08723958333333333
0 0.453125 0.9498697916666666 0.0390625 0.040364583333333336
0 0.7513020833333334 0.9407552083333334 0.020833333333333332 0.01953125
0 0.7591145833333334 0.8658854166666666 0.026041666666666668 0.026041666666666668
0 0.189453125 0.7076822916666666 0.01953125 0.01953125
0 0.392578125 0.310546875 0.01171875 0.014322916666666666
0 0.6829427083333334 0.3645833333333333 0.016927083333333332 0.013020833333333334
0 0.5983072916666666 0.6341145833333334 0.01953125 0.020833333333333332
0 0.6171875 0.798828125 0.018229166666666668 0.01953125
0 0.4557291666666667 0.7760416666666666 0.0234375 0.0234375
0 0.2682291666666667 0.515625 0.018229166666666668 0.013020833333333334
0 0.109375 0.8020833333333334 0.020833333333333332 0.0234375
0 0.3372395833333333 0.12174479166666667 0.015625 0.014322916666666666
0 0.92578125 0.7955729166666666 0.013020833333333334 0.013020833333333334
0 0.4856770833333333 0.6451822916666666 0.015625 0.014322916666666666
0 0.4270833333333333 0.4505208333333333 0.018229166666666668 0.015625
0 0.3470052083333333 0.11328125 0.01171875 0.013020833333333334
0 0.4505208333333333 0.20377604166666666 0.010416666666666666 0.009114583333333334
0 0.4895833333333333 0.140625 0.010416666666666666 0.010416666666666666
0 0.4368489583333333 0.2591145833333333 0.01171875 0.010416666666666666
0 0.732421875 0.447265625 0.01171875 0.009114583333333334
0 0.7962239583333334 0.294921875 0.014322916666666666 0.014322916666666666