0 0.11653645833333333 0.8743489583333334 0.048177083333333336 0.040364583333333336
0 0.053385416666666664 0.7415364583333334 0.020833333333333332 0.022135416666666668
0 0.3229166666666667 0.7682291666666666 0.026041666666666668 0.03125
0 0.4869791666666667 0.8385416666666666 0.0234375 0.028645833333333332
0 0.5475260416666666 0.798828125 0.04296875 0.037760416666666664
0 0.7350260416666666 0.6419270833333334 0.04296875 0.0390625
0 0.6197916666666666 0.5611979166666666 0.03125 0.03125
0 0.7154947916666666 0.4225260416666667 0.029947916666666668 0.032552083333333336
0 0.8014322916666666 0.8984375 0.045572916666666664 0.044270833333333336
0 0.326171875 0.14973958333333334 0.032552083333333336 0.033854166666666664
0 0.3782552083333333 0.2545572916666667 0.022135416666666668 0.022135416666666668
0 0.677734375 0.10481770833333333 0.08463541666666667 0.09765625
0 0.7415364583333334 0.08528645833333333 0.055989583333333336 0.045572916666666664
0 0.7578125 0.27734375 0.0234375 0.026041666666666668
0 0.8854166666666666 0.4485677083333333 0.018229166666666668 0.022135416666666668
0 0.9889322916666666 0.7486979166666666 0.016927083333333332 0.020833333333333332
0 0.904296875 0.2975260416666667 0.016927083333333332 0.016927083333333332
0 0.055989583333333336 0.10026041666666667 0.013020833333333334 0.013020833333333334
0 0.3912760416666667 0.059244791666666664 0.01953125 0.01953125
0 0.3391927083333333 0.009114583333333334 0.01953125 0.010416666666666666
0 0.6419270833333334 0.2610677083333333 0.026041666666666668 0.01953125
0 0.833984375 0.15559895833333334 0.01953125 0.022135416666666668
0 0.5006510416666666 0.943359375 0.016927083333333332 0.016927083333333332
0 0.96484375 0.2858072916666667 0.0703125 0.08723958333333333
0 0.23828125 0.17122395833333334 0.033854166666666664 0.040364583333333336