0 0.3092447916666667 0.5130208333333334 0.11848958333333333 0.10677083333333333
0 0.55859375 0.3059895833333333 0.07552083333333333 0.07291666666666667
0 0.48828125 0.9596354166666666 0.033854166666666664 0.028645833333333332
0 0.19791666666666666 0.986328125 0.0625 0.02734375
0 0.11328125 0.162109375 0.020833333333333332 0.01953125
0 0.7311197916666666 0.673828125 0.014322916666666666 0.014322916666666666
0 0.2936197916666667 0.5221354166666666 0.009114583333333334 0.0078125
0 0.3704427083333333 0.453125 0.01171875 0.013020833333333334
0 0.2506510416666667 0.943359375 0.01171875 0.009114583333333334
0 0.2513020833333333 0.9166666666666666 0.026041666666666668 0.020833333333333332
0 0.498046875 0.9264322916666666 0.029947916666666668 0.022135416666666668
0 0.5442708333333334 0.734375 0.018229166666666668 0.015625
0 0.7076822916666666 0.3893229166666667 0.01953125 0.018229166666666668
0 0.6490885416666666 0.4954427083333333 0.016927083333333332 0.01953125
0 0.022786458333333332 0.17252604166666666 0.014322916666666666 0.013020833333333334
0 0.8684895833333334 0.6901041666666666 0.01171875 0.01171875
0 0.6223958333333334 0.984375 0.009114583333333334 0.009114583333333334
0 0.8138020833333334 0.9876302083333334 0.009114583333333334 0.009114583333333334
0 0.6569010416666666 0.5403645833333334 0.0078125 0.0078125
0 0.712890625 0.9290364583333334 0.009114583333333334 0.010416666666666666
0 0.27734375 0.845703125 0.009114583333333334 0.009114583333333334
0 0.4850260416666667 0.4602864583333333 0.009114583333333334 0.0078125
0 0.646484375 0.546875 0.009114583333333334 0.0078125
0 0.34375 0.5130208333333334 0.009114583333333334 0.009114583333333334
0 0.8606770833333334 0.2819010416666667 0.009114583333333334 0.0078125
0 0.5852864583333334 0.5110677083333334 0.0078125 0.0078125
0 0.28125 0.384765625 0.009114583333333334 0.009114583333333334
0 0.4876302083333333 0.8014322916666666 0.0078125 0.0078125
0 0.064453125 0.3932291666666667 0.009114583333333334 0.0078125
0 0.876953125 0.5481770833333334 0.0078125 0.0078125
0 0.3372395833333333 0.40234375 0.010416666666666666 0.010416666666666666
0 0.5944010416666666 0.7434895833333334 0.0078125 0.0078125
0 0.3658854166666667 0.8274739583333334 0.0078125 0.0078125
0 0.8274739583333334 0.16861979166666666 0.0078125 0.0078125