0 0.4342447916666667 0.16080729166666666 0.029947916666666668 0.02734375
0 0.3912760416666667 0.08984375 0.06640625 0.052083333333333336
0 0.5462239583333334 0.13802083333333334 0.032552083333333336 0.03125
0 0.5481770833333334 0.115234375 0.052083333333333336 0.05078125
0 0.5774739583333334 0.283203125 0.01953125 0.022135416666666668
0 0.8079427083333334 0.14453125 0.053385416666666664 0.059895833333333336
0 0.8626302083333334 0.408203125 0.2669270833333333 0.2747395833333333
0 0.8919270833333334 0.453125 0.026041666666666668 0.026041666666666668
0 0.9212239583333334 0.4108072916666667 0.01953125 0.01953125
0 0.4166666666666667 0.5182291666666666 0.026041666666666668 0.026041666666666668
0 0.650390625 0.609375 0.032552083333333336 0.0390625
0 0.7213541666666666 0.6516927083333334 0.036458333333333336 0.045572916666666664
0 0.5611979166666666 0.640625 0.018229166666666668 0.015625
0 0.4186197916666667 0.18229166666666666 0.05859375 0.06510416666666667
0 0.3072916666666667 0.744140625 0.1953125 0.18880208333333334
0 0.3294270833333333 0.794921875 0.018229166666666668 0.016927083333333332
0 0.5579427083333334 0.73046875 0.01953125 0.013020833333333334
0 0.6705729166666666 0.8079427083333334 0.013020833333333334 0.01953125
0 0.6907552083333334 0.8196614583333334 0.014322916666666666 0.022135416666666668
0 0.7421875 0.8131510416666666 0.052083333333333336 0.048177083333333336
0 0.059244791666666664 0.6861979166666666 0.07682291666666667 0.06770833333333333
0 0.10026041666666667 0.4049479166666667 0.19791666666666666 0.28125
0 0.380859375 0.58203125 0.01953125 0.015625
0 0.9466145833333334 0.7708333333333334 0.0234375 0.0234375
0 0.9466145833333334 0.9231770833333334 0.03125 0.033854166666666664
0 0.8118489583333334 0.951171875 0.01953125 0.01953125
0 0.5930989583333334 0.4544270833333333 0.022135416666666668 0.018229166666666668
0 0.6536458333333334 0.3522135416666667 0.018229166666666668 0.014322916666666666
0 0.6497395833333334 0.4147135416666667 0.018229166666666668 0.014322916666666666
0 0.24479166666666666 0.8196614583333334 0.046875 0.053385416666666664
0 0.9270833333333334 0.98046875 0.059895833333333336 0.0390625
0 0.853515625 0.9205729166666666 0.014322916666666666 0.015625
0 0.7962239583333334 0.6243489583333334 0.040364583333333336 0.03515625
0 0.7591145833333334 0.57421875 0.018229166666666668 0.018229166666666668
0 0.380859375 0.3033854166666667 0.05859375 0.052083333333333336
0 0.205078125 0.701171875 0.01171875 0.014322916666666666
0 0.9010416666666666 0.057291666666666664 0.015625 0.013020833333333334
0 0.9733072916666666 0.24739583333333334 0.01953125 0.015625
0 0.958984375 0.14388020833333334 0.01171875 0.01953125
0 0.73828125 0.16015625 0.015625 0.015625
0 0.275390625 0.3372395833333333 0.022135416666666668 0.020833333333333332
0 0.8938802083333334 0.5826822916666666 0.014322916666666666 0.01171875
0 0.02734375 0.9055989583333334 0.052083333333333336 0.10286458333333333
0 0.6263020833333334 0.6276041666666666 0.018229166666666668 0.018229166666666668
0 0.9759114583333334 0.011067708333333334 0.04296875 0.01953125