0 0.5520833333333334 0.708984375 0.036458333333333336 0.032552083333333336
0 0.779296875 0.18684895833333334 0.029947916666666668 0.03515625
0 0.5338541666666666 0.44140625 0.026041666666666668 0.026041666666666668
0 0.6666666666666666 0.5501302083333334 0.026041666666666668 0.024739583333333332
0 0.3157552083333333 0.2942708333333333 0.029947916666666668 0.028645833333333332
0 0.4921875 0.76171875 0.057291666666666664 0.052083333333333336
0 0.486328125 0.84765625 0.022135416666666668 0.0234375
0 0.61328125 0.96484375 0.0546875 0.052083333333333336
0 0.642578125 0.8072916666666666 0.022135416666666668 0.020833333333333332
0 0.349609375 0.8014322916666666 0.03515625 0.02734375
0 0.24609375 0.81640625 0.041666666666666664 0.044270833333333336
0 0.4837239583333333 0.9537760416666666 0.022135416666666668 0.01953125
0 0.8046875 0.8639322916666666 0.018229166666666668 0.01953125
0 0.095703125 0.5299479166666666 0.02734375 0.0234375
0 0.035807291666666664 0.4967447916666667 0.022135416666666668 0.024739583333333332
0 0.10026041666666667 0.896484375 0.018229166666666668 0.016927083333333332
0 0.052083333333333336 0.947265625 0.06510416666666667 0.05859375
0 0.3059895833333333 0.9635416666666666 0.052083333333333336 0.052083333333333336
0 0.24283854166666666 0.08072916666666667 0.02734375 0.026041666666666668
0 0.6666666666666666 0.12630208333333334 0.015625 0.015625
0 0.4440104166666667 0.5319010416666666 0.015625 0.016927083333333332
0 0.8196614583333334 0.19075520833333334 0.014322916666666666 0.014322916666666666
0 0.7610677083333334 0.17057291666666666 0.014322916666666666 0.015625
0 0.4915364583333333 0.41796875 0.016927083333333332 0.015625
0 0.3216145833333333 0.10416666666666667 0.018229166666666668 0.020833333333333332
0 0.05078125 0.14778645833333334 0.013020833333333334 0.014322916666666666
0 0.787109375 0.4759114583333333 0.01171875 0.01171875
0 0.61328125 0.736328125 0.013020833333333334 0.014322916666666666
0 0.5032552083333334 0.7233072916666666 0.01171875 0.01171875
0 0.455078125 0.7278645833333334 0.01171875 0.010416666666666666
0 0.4641927083333333 0.9830729166666666 0.05859375 0.033854166666666664