0 0.8723958333333334 0.3157552083333333 0.026041666666666668 0.024739583333333332
0 0.720703125 0.154296875 0.016927083333333332 0.022135416666666668
0 0.5983072916666666 0.041015625 0.01953125 0.02734375
0 0.6041666666666666 0.4596354166666667 0.020833333333333332 0.020833333333333332
0 0.3971354166666667 0.4635416666666667 0.3125 0.3229166666666667
0 0.4049479166666667 0.6979166666666666 0.036458333333333336 0.036458333333333336
0 0.4967447916666667 0.7291666666666666 0.01953125 0.020833333333333332
0 0.20963541666666666 0.013020833333333334 0.020833333333333332 0.018229166666666668
0 0.20833333333333334 0.4303385416666667 0.03125 0.037760416666666664
0 0.1796875 0.20833333333333334 0.028645833333333332 0.026041666666666668
0 0.330078125 0.8131510416666666 0.17838541666666666 0.21223958333333334
0 0.96484375 0.7682291666666666 0.015625 0.018229166666666668
0 0.9270833333333334 0.043619791666666664 0.020833333333333332 0.022135416666666668
0 0.8404947916666666 0.12109375 0.022135416666666668 0.020833333333333332
0 0.6334635416666666 0.6412760416666666 0.016927083333333332 0.01953125
0 0.255859375 0.8841145833333334 0.016927083333333332 0.018229166666666668
0 0.794921875 0.8860677083333334 0.3684895833333333 0.20963541666666666
0 0.8600260416666666 0.056640625 0.009114583333333334 0.01171875
0 0.7643229166666666 0.15299479166666666 0.013020833333333334 0.014322916666666666
0 0.56640625 0.18229166666666666 0.013020833333333334 0.013020833333333334
0 0.578125 0.24739583333333334 0.015625 0.015625
0 0.953125 0.322265625 0.0078125 0.01171875
0 0.9654947916666666 0.2955729166666667 0.006510416666666667 0.0078125
0 0.9479166666666666 0.5696614583333334 0.010416666666666666 0.009114583333333334
0 0.6875 0.6087239583333334 0.010416666666666666 0.01171875
0 0.5904947916666666 0.6510416666666666 0.01171875 0.013020833333333334
0 0.7220052083333334 0.4563802083333333 0.10546875 0.09765625
0 0.6627604166666666 0.5729166666666666 0.203125 0.20052083333333334
0 0.7669270833333334 0.6959635416666666 0.018229166666666668 0.014322916666666666
0 0.8346354166666666 0.64453125 0.010416666666666666 0.010416666666666666
0 0.7819010416666666 0.7180989583333334 0.009114583333333334 0.009114583333333334
0 0.791015625 0.7259114583333334 0.01171875 0.01171875
0 0.5891927083333334 0.7057291666666666 0.016927083333333332 0.018229166666666668
0 0.3763020833333333 0.716796875 0.013020833333333334 0.01171875
0 0.3736979166666667 0.3470052083333333 0.015625 0.016927083333333332
0 0.4127604166666667 0.55859375 0.010416666666666666 0.010416666666666666
0 0.4270833333333333 0.6608072916666666 0.010416666666666666 0.01171875
0 0.10481770833333333 0.650390625 0.014322916666666666 0.014322916666666666
0 0.13997395833333334 0.6399739583333334 0.01171875 0.014322916666666666
0 0.21158854166666666 0.23958333333333334 0.014322916666666666 0.013020833333333334
0 0.2923177083333333 0.2923177083333333 0.01953125 0.014322916666666666
0 0.07682291666666667 0.9876302083333334 0.044270833333333336 0.024739583333333332