0 0.541015625 0.20052083333333334 0.05859375 0.0546875
0 0.10091145833333333 0.17708333333333334 0.040364583333333336 0.041666666666666664
0 0.3391927083333333 0.10286458333333333 0.024739583333333332 0.0234375
0 0.3639322916666667 0.14778645833333334 0.024739583333333332 0.022135416666666668
0 0.26953125 0.20182291666666666 0.018229166666666668 0.015625
0 0.4075520833333333 0.53515625 0.026041666666666668 0.026041666666666668
0 0.6673177083333334 0.4049479166666667 0.055989583333333336 0.046875
0 0.669921875 0.13997395833333334 0.037760416666666664 0.037760416666666664
0 0.21028645833333334 0.5729166666666666 0.014322916666666666 0.018229166666666668
0 0.005208333333333333 0.42578125 0.0078125 0.015625
0 0.4772135416666667 0.7239583333333334 0.037760416666666664 0.03125
0 0.3333333333333333 0.8229166666666666 0.015625 0.015625
0 0.13802083333333334 0.908203125 0.07291666666666667 0.06380208333333333
0 0.2721354166666667 0.9537760416666666 0.018229166666666668 0.022135416666666668
0 0.053385416666666664 0.9778645833333334 0.0625 0.044270833333333336
0 0.8209635416666666 0.9641927083333334 0.040364583333333336 0.032552083333333336
0 0.8600260416666666 0.5983072916666666 0.08984375 0.08203125
0 0.4986979166666667 0.4850260416666667 0.018229166666666668 0.014322916666666666
0 0.6419270833333334 0.7630208333333334 0.044270833333333336 0.046875
0 0.369140625 0.5787760416666666 0.014322916666666666 0.01171875
0 0.4694010416666667 0.5305989583333334 0.01953125 0.016927083333333332
0 0.43359375 0.4830729166666667 0.018229166666666668 0.013020833333333334
0 0.541015625 0.2805989583333333 0.016927083333333332 0.016927083333333332
0 0.7994791666666666 0.2838541666666667 0.0234375 0.018229166666666668
0 0.6471354166666666 0.3092447916666667 0.015625 0.014322916666666666
0 0.3958333333333333 0.373046875 0.1875 0.18098958333333334
0 0.1796875 0.4856770833333333 0.0546875 0.052083333333333336
0 0.06770833333333333 0.064453125 0.015625 0.01171875
0 0.15885416666666666 0.1640625 0.015625 0.015625
0 0.958984375 0.11328125 0.016927083333333332 0.015625
0 0.291015625 0.3470052083333333 0.01171875 0.01171875
0 0.390625 0.3984375 0.015625 0.013020833333333334
0 0.2740885416666667 0.650390625 0.014322916666666666 0.01171875
0 0.01953125 0.6334635416666666 0.015625 0.014322916666666666
0 0.4869791666666667 0.7649739583333334 0.013020833333333334 0.01171875
0 0.4453125 0.07291666666666667 0.013020833333333334 0.010416666666666666
0 0.5983072916666666 0.13932291666666666 0.014322916666666666 0.013020833333333334
0 0.669921875 0.19661458333333334 0.014322916666666666 0.013020833333333334
0 0.724609375 0.255859375 0.014322916666666666 0.01171875
0 0.5631510416666666 0.2942708333333333 0.01171875 0.010416666666666666
0 0.6959635416666666 0.3912760416666667 0.01953125 0.01953125
0 0.9244791666666666 0.7063802083333334 0.015625 0.014322916666666666
0 0.814453125 0.73828125 0.014322916666666666 0.013020833333333334
0 0.798828125 0.4934895833333333 0.01171875 0.010416666666666666
0 0.767578125 0.5227864583333334 0.014322916666666666 0.01171875