0 0.5345052083333334 0.23893229166666666 0.014322916666666666 0.01953125
0 0.24088541666666666 0.75390625 0.026041666666666668 0.03125
0 0.6875 0.666015625 0.018229166666666668 0.014322916666666666
0 0.931640625 0.388671875 0.037760416666666664 0.045572916666666664
0 0.9127604166666666 0.014322916666666666 0.010416666666666666 0.013020833333333334
0 0.10546875 0.4329427083333333 0.015625 0.016927083333333332
0 0.7265625 0.2916666666666667 0.018229166666666668 0.020833333333333332
0 0.7005208333333334 0.4296875 0.018229166666666668 0.015625
0 0.5794270833333334 0.09635416666666667 0.013020833333333334 0.018229166666666668
0 0.8216145833333334 0.7408854166666666 0.015625 0.018229166666666668
0 0.4635416666666667 0.5227864583333334 0.078125 0.10286458333333333
0 0.24283854166666666 0.1953125 0.014322916666666666 0.010416666666666666
0 0.4928385416666667 0.3125 0.009114583333333334 0.010416666666666666
0 0.11848958333333333 0.7213541666666666 0.013020833333333334 0.015625