0 0.20052083333333334 0.458984375 0.0546875 0.05859375
0 0.17708333333333334 0.8990885416666666 0.041666666666666664 0.040364583333333336
0 0.10286458333333333 0.6608072916666666 0.0234375 0.024739583333333332
0 0.14778645833333334 0.6360677083333334 0.022135416666666668 0.024739583333333332
0 0.20182291666666666 0.73046875 0.015625 0.018229166666666668
0 0.53515625 0.5924479166666666 0.026041666666666668 0.026041666666666668
0 0.4049479166666667 0.3326822916666667 0.046875 0.055989583333333336
0 0.13997395833333334 0.330078125 0.037760416666666664 0.037760416666666664
0 0.5729166666666666 0.7897135416666666 0.018229166666666668 0.014322916666666666
0 0.42578125 0.9947916666666666 0.015625 0.0078125
0 0.7239583333333334 0.5227864583333334 0.03125 0.037760416666666664
0 0.8229166666666666 0.6666666666666666 0.015625 0.015625
0 0.908203125 0.8619791666666666 0.06380208333333333 0.07291666666666667
0 0.9537760416666666 0.7278645833333334 0.022135416666666668 0.018229166666666668
0 0.9778645833333334 0.9466145833333334 0.044270833333333336 0.0625
0 0.9641927083333334 0.17903645833333334 0.032552083333333336 0.040364583333333336
0 0.5983072916666666 0.13997395833333334 0.08203125 0.08984375
0 0.4850260416666667 0.5013020833333334 0.014322916666666666 0.018229166666666668
0 0.7630208333333334 0.3580729166666667 0.046875 0.044270833333333336
0 0.5787760416666666 0.630859375 0.01171875 0.014322916666666666
0 0.5305989583333334 0.5305989583333334 0.016927083333333332 0.01953125
0 0.4830729166666667 0.56640625 0.013020833333333334 0.018229166666666668
0 0.2805989583333333 0.458984375 0.016927083333333332 0.016927083333333332
0 0.2838541666666667 0.20052083333333334 0.018229166666666668 0.0234375
0 0.3092447916666667 0.3528645833333333 0.014322916666666666 0.015625
0 0.373046875 0.6041666666666666 0.18098958333333334 0.1875
0 0.4856770833333333 0.8203125 0.052083333333333336 0.0546875
0 0.064453125 0.9322916666666666 0.01171875 0.015625
0 0.1640625 0.8411458333333334 0.015625 0.015625
0 0.11328125 0.041015625 0.015625 0.016927083333333332
0 0.3470052083333333 0.708984375 0.01171875 0.01171875
0 0.3984375 0.609375 0.013020833333333334 0.015625
0 0.650390625 0.7259114583333334 0.01171875 0.014322916666666666
0 0.6334635416666666 0.98046875 0.014322916666666666 0.015625
0 0.7649739583333334 0.5130208333333334 0.01171875 0.013020833333333334
0 0.07291666666666667 0.5546875 0.010416666666666666 0.013020833333333334
0 0.13932291666666666 0.4016927083333333 0.013020833333333334 0.014322916666666666
0 0.19661458333333334 0.330078125 0.013020833333333334 0.014322916666666666
0 0.255859375 0.275390625 0.01171875 0.014322916666666666
0 0.2942708333333333 0.4368489583333333 0.010416666666666666 0.01171875
0 0.3912760416666667 0.3040364583333333 0.01953125 0.01953125
0 0.7063802083333334 0.07552083333333333 0.014322916666666666 0.015625
0 0.73828125 0.185546875 0.013020833333333334 0.014322916666666666
0 0.4934895833333333 0.201171875 0.010416666666666666 0.01171875
0 0.5227864583333334 0.232421875 0.01171875 0.014322916666666666