0 0.7962239583333334 0.061848958333333336 0.053385416666666664 0.045572916666666664
0 0.8515625 0.400390625 0.018229166666666668 0.032552083333333336
0 0.4609375 0.46875 0.0859375 0.09114583333333333
0 0.275390625 0.166015625 0.024739583333333332 0.01953125
0 0.142578125 0.23372395833333334 0.024739583333333332 0.022135416666666668
0 0.15169270833333334 0.3899739583333333 0.024739583333333332 0.024739583333333332
0 0.055989583333333336 0.2727864583333333 0.0234375 0.02734375
0 0.031901041666666664 0.2838541666666667 0.01953125 0.020833333333333332
0 0.07552083333333333 0.7298177083333334 0.041666666666666664 0.040364583333333336
0 0.050130208333333336 0.642578125 0.016927083333333332 0.016927083333333332
0 0.099609375 0.8098958333333334 0.01953125 0.020833333333333332
0 0.4029947916666667 0.9147135416666666 0.07161458333333333 0.07161458333333333
0 0.7376302083333334 0.9739583333333334 0.053385416666666664 0.044270833333333336
0 0.755859375 0.5833333333333334 0.016927083333333332 0.018229166666666668
0 0.66015625 0.09765625 0.013020833333333334 0.013020833333333334
0 0.322265625 0.546875 0.016927083333333332 0.013020833333333334
0 0.6184895833333334 0.11848958333333333 0.015625 0.015625
0 0.2643229166666667 0.580078125 0.010416666666666666 0.014322916666666666
0 0.16666666666666666 0.3528645833333333 0.020833333333333332 0.015625
0 0.677734375 0.8899739583333334 0.016927083333333332 0.016927083333333332
0 0.046875 0.11653645833333333 0.015625 0.01171875
0 0.3639322916666667 0.6412760416666666 0.01953125 0.01953125
0 0.9557291666666666 0.935546875 0.018229166666666668 0.016927083333333332
0 0.8385416666666666 0.958984375 0.018229166666666668 0.01171875
0 0.057291666666666664 0.033854166666666664 0.018229166666666668 0.013020833333333334
0 0.326171875 0.693359375 0.016927083333333332 0.01953125
0 0.3561197916666667 0.83203125 0.01171875 0.013020833333333334
0 0.5501302083333334 0.7897135416666666 0.01171875 0.01171875
0 0.5338541666666666 0.8098958333333334 0.015625 0.015625
0 0.57421875 0.7669270833333334 0.010416666666666666 0.013020833333333334
0 0.23763020833333334 0.2884114583333333 0.014322916666666666 0.01171875
0 0.310546875 0.15234375 0.01171875 0.010416666666666666