0 0.51953125 0.2838541666666667 0.0234375 0.0234375
0 0.275390625 0.11979166666666667 0.12369791666666667 0.10677083333333333
0 0.234375 0.12369791666666667 0.044270833333333336 0.0390625
0 0.095703125 0.134765625 0.014322916666666666 0.014322916666666666
0 0.08854166666666667 0.19986979166666666 0.015625 0.014322916666666666
0 0.06315104166666667 0.4680989583333333 0.014322916666666666 0.016927083333333332
0 0.07291666666666667 0.34375 0.033854166666666664 0.033854166666666664
0 0.5240885416666666 0.072265625 0.016927083333333332 0.016927083333333332
0 0.8411458333333334 0.09895833333333333 0.03125 0.0234375
0 0.390625 0.4283854166666667 0.0234375 0.0234375
0 0.3697916666666667 0.556640625 0.0234375 0.01953125
0 0.3854166666666667 0.62109375 0.08333333333333333 0.078125
0 0.2513020833333333 0.6608072916666666 0.026041666666666668 0.01953125
0 0.3033854166666667 0.6751302083333334 0.14322916666666666 0.13411458333333334
0 0.041015625 0.6647135416666666 0.061197916666666664 0.053385416666666664
0 0.11067708333333333 0.7018229166666666 0.013020833333333334 0.015625
0 0.06315104166666667 0.7454427083333334 0.01171875 0.01171875
0 0.018880208333333332 0.794921875 0.016927083333333332 0.014322916666666666
0 0.006510416666666667 0.4166666666666667 0.010416666666666666 0.015625
0 0.705078125 0.5436197916666666 0.024739583333333332 0.022135416666666668
0 0.6608072916666666 0.58203125 0.016927083333333332 0.018229166666666668
0 0.66796875 0.7122395833333334 0.020833333333333332 0.018229166666666668
0 0.7975260416666666 0.591796875 0.014322916666666666 0.014322916666666666
0 0.5338541666666666 0.94921875 0.020833333333333332 0.018229166666666668
0 0.026041666666666668 0.5494791666666666 0.049479166666666664 0.0546875
0 0.8580729166666666 0.3489583333333333 0.018229166666666668 0.018229166666666668
0 0.4303385416666667 0.09765625 0.01171875 0.013020833333333334
0 0.4055989583333333 0.3411458333333333 0.01171875 0.013020833333333334
0 0.9537760416666666 0.6419270833333334 0.016927083333333332 0.015625
0 0.294921875 0.7890625 0.037760416666666664 0.041666666666666664
0 0.4114583333333333 0.7669270833333334 0.013020833333333334 0.010416666666666666
0 0.1484375 0.5872395833333334 0.013020833333333334 0.013020833333333334
0 0.08854166666666667 0.4602864583333333 0.013020833333333334 0.01171875
0 0.4270833333333333 0.0078125 0.013020833333333334 0.010416666666666666
0 0.19270833333333334 0.014973958333333334 0.013020833333333334 0.01171875
0 0.5188802083333334 0.15364583333333334 0.01171875 0.010416666666666666
0 0.3821614583333333 0.14973958333333334 0.01171875 0.010416666666666666
0 0.4427083333333333 0.2779947916666667 0.010416666666666666 0.01171875
0 0.6510416666666666 0.3671875 0.015625 0.013020833333333334
0 0.8828125 0.8723958333333334 0.013020833333333334 0.013020833333333334
0 0.4954427083333333 0.8033854166666666 0.01171875 0.013020833333333334
0 0.611328125 0.9401041666666666 0.014322916666666666 0.013020833333333334
0 0.12174479166666667 0.267578125 0.05078125 0.055989583333333336
0 0.06380208333333333 0.283203125 0.125 0.19661458333333334
0 0.23046875 0.8046875 0.010416666666666666 0.010416666666666666
0 0.21940104166666666 0.7545572916666666 0.009114583333333334 0.009114583333333334
0 0.2265625 0.8483072916666666 0.0078125 0.009114583333333334
0 0.32421875 0.865234375 0.0078125 0.009114583333333334
0 0.3548177083333333 0.8053385416666666 0.009114583333333334 0.009114583333333334
0 0.4596354166666667 0.8515625 0.010416666666666666 0.0078125
0 0.6087239583333334 0.8255208333333334 0.01171875 0.010416666666666666
0 0.6243489583333334 0.875 0.01171875 0.010416666666666666
0 0.4244791666666667 0.4381510416666667 0.0078125 0.009114583333333334
0 0.5227864583333334 0.5201822916666666 0.01171875 0.01171875
0 0.5794270833333334 0.55859375 0.010416666666666666 0.010416666666666666
0 0.67578125 0.3372395833333333 0.013020833333333334 0.013020833333333334
0 0.3151041666666667 0.22786458333333334 0.013020833333333334 0.010416666666666666
0 0.607421875 0.22005208333333334 0.01171875 0.010416666666666666
0 0.896484375 0.048828125 0.009114583333333334 0.009114583333333334
0 0.9173177083333334 0.05078125 0.006510416666666667 0.0078125
0 0.876953125 0.18619791666666666 0.009114583333333334 0.010416666666666666
0 0.8046875 0.2942708333333333 0.015625 0.010416666666666666
0 0.8971354166666666 0.3255208333333333 0.013020833333333334 0.010416666666666666
0 0.9518229166666666 0.263671875 0.010416666666666666 0.009114583333333334
0 0.8072916666666666 0.736328125 0.010416666666666666 0.009114583333333334
0 0.77734375 0.7643229166666666 0.010416666666666666 0.010416666666666666
0 0.947265625 0.8391927083333334 0.009114583333333334 0.009114583333333334
0 0.8932291666666666 0.8001302083333334 0.0078125 0.006510416666666667
0 0.8216145833333334 0.8802083333333334 0.010416666666666666 0.010416666666666666
0 0.8912760416666666 0.9303385416666666 0.014322916666666666 0.01171875
0 0.8678385416666666 0.99609375 0.01953125 0.0078125
0 0.3352864583333333 0.32421875 0.006510416666666667 0.0078125
0 0.5787760416666666 0.365234375 0.009114583333333334 0.006510416666666667
0 0.98828125 0.4778645833333333 0.010416666666666666 0.010416666666666666
0 0.8704427083333334 0.5703125 0.01171875 0.013020833333333334