0 0.2721354166666667 0.21614583333333334 0.03125 0.026041666666666668
0 0.4967447916666667 0.2591145833333333 0.09505208333333333 0.09375
0 0.7799479166666666 0.15690104166666666 0.059895833333333336 0.05859375
0 0.5748697916666666 0.2936197916666667 0.022135416666666668 0.01953125
0 0.3346354166666667 0.3997395833333333 0.026041666666666668 0.0234375
0 0.55078125 0.39453125 0.044270833333333336 0.0390625
0 0.74609375 0.3391927083333333 0.07291666666666667 0.07161458333333333
0 0.666015625 0.08723958333333333 0.022135416666666668 0.020833333333333332
0 0.16015625 0.2936197916666667 0.03125 0.01953125
0 0.08203125 0.2513020833333333 0.03125 0.026041666666666668
0 0.53515625 0.3541666666666667 0.020833333333333332 0.018229166666666668
0 0.14453125 0.5598958333333334 0.0390625 0.03125
0 0.1796875 0.4850260416666667 0.03125 0.022135416666666668
0 0.3092447916666667 0.560546875 0.01953125 0.022135416666666668
0 0.6490885416666666 0.5611979166666666 0.022135416666666668 0.020833333333333332
0 0.3509114583333333 0.8645833333333334 0.05859375 0.0546875
0 0.19921875 0.8131510416666666 0.020833333333333332 0.02734375
0 0.078125 0.7845052083333334 0.0234375 0.024739583333333332
0 0.521484375 0.4661458333333333 0.11588541666666667 0.10416666666666667
0 0.154296875 0.5299479166666666 0.016927083333333332 0.015625
0 0.8372395833333334 0.22981770833333334 0.015625 0.016927083333333332
0 0.72265625 0.09700520833333333 0.015625 0.016927083333333332
0 0.9837239583333334 0.3033854166666667 0.024739583333333332 0.026041666666666668
0 0.05859375 0.018880208333333332 0.0390625 0.03515625
0 0.822265625 0.9251302083333334 0.022135416666666668 0.016927083333333332
0 0.123046875 0.3684895833333333 0.016927083333333332 0.018229166666666668
0 0.23177083333333334 0.3665364583333333 0.018229166666666668 0.016927083333333332
0 0.1875 0.3365885416666667 0.018229166666666668 0.016927083333333332
0 0.146484375 0.21809895833333334 0.014322916666666666 0.016927083333333332
0 0.3938802083333333 0.2109375 0.014322916666666666 0.015625
0 0.3287760416666667 0.20247395833333334 0.014322916666666666 0.01171875
0 0.3697916666666667 0.18489583333333334 0.013020833333333334 0.010416666666666666
0 0.16796875 0.3307291666666667 0.013020833333333334 0.015625
0 0.8580729166666666 0.8098958333333334 0.018229166666666668 0.015625
0 0.9830729166666666 0.80078125 0.015625 0.015625
0 0.7265625 0.8079427083333334 0.013020833333333334 0.014322916666666666
0 0.6484375 0.837890625 0.013020833333333334 0.01171875
0 0.15299479166666666 0.8580729166666666 0.30078125 0.2838541666666667