0 0.040364583333333336 0.4876302083333333 0.0390625 0.024739583333333332
0 0.5748697916666666 0.2571614583333333 0.02734375 0.029947916666666668
0 0.014973958333333334 0.24869791666666666 0.022135416666666668 0.028645833333333332
0 0.3235677083333333 0.5553385416666666 0.024739583333333332 0.024739583333333332
0 0.22005208333333334 0.658203125 0.028645833333333332 0.024739583333333332
0 0.62890625 0.7194010416666666 0.036458333333333336 0.040364583333333336
0 0.6015625 0.5904947916666666 0.015625 0.016927083333333332
0 0.1953125 0.9270833333333334 0.018229166666666668 0.0234375
0 0.010416666666666666 0.8430989583333334 0.018229166666666668 0.02734375
0 0.091796875 0.7532552083333334 0.014322916666666666 0.01953125
0 0.189453125 0.3743489583333333 0.014322916666666666 0.01953125
0 0.76953125 0.4557291666666667 0.026041666666666668 0.026041666666666668
0 0.4036458333333333 0.10546875 0.010416666666666666 0.013020833333333334
0 0.3834635416666667 0.10611979166666667 0.014322916666666666 0.016927083333333332
0 0.6959635416666666 0.23111979166666666 0.01953125 0.01953125
0 0.6790364583333334 0.2799479166666667 0.014322916666666666 0.015625
0 0.4049479166666667 0.6165364583333334 0.013020833333333334 0.01953125
0 0.5260416666666666 0.94921875 0.028645833333333332 0.03125
0 0.3834635416666667 0.88671875 0.014322916666666666 0.018229166666666668
0 0.263671875 0.9733072916666666 0.016927083333333332 0.016927083333333332
0 0.8717447916666666 0.6569010416666666 0.01171875 0.014322916666666666
0 0.8079427083333334 0.8880208333333334 0.01953125 0.020833333333333332
0 0.98828125 0.8352864583333334 0.015625 0.024739583333333332
0 0.447265625 0.681640625 0.01171875 0.014322916666666666
0 0.41015625 0.21158854166666666 0.015625 0.016927083333333332
0 0.265625 0.17903645833333334 0.0078125 0.014322916666666666
0 0.037760416666666664 0.2708333333333333 0.010416666666666666 0.015625
0 0.1640625 0.4205729166666667 0.013020833333333334 0.013020833333333334
0 0.6087239583333334 0.18815104166666666 0.01171875 0.014322916666666666
0 0.4270833333333333 0.87890625 0.010416666666666666 0.010416666666666666
0 0.794921875 0.010416666666666666 0.01171875 0.015625
0 0.078125 0.2994791666666667 0.010416666666666666 0.013020833333333334
0 0.4212239583333333 0.3990885416666667 0.01171875 0.01171875
0 0.031341145833333334 0.1542578125 0.016458333333333335 0.01618489583333334
0 0.28490885416666667 0.025221354166666668 0.012708333333333321 0.012252604166666669
0 0.7114322916666667 0.044583333333333336 0.01248697916666656 0.01248697916666667
0 0.7412109375 0.158203125 0.011236979166666808 0.011367187499999987
0 0.039947916666666666 0.96484375 0.011653645833333337 0.012044270833333334
0 0.9711979166666667 0.047239583333333335 0.011523437499999881 0.010807291666666663
0 0.03338541666666667 0.24854166666666666 0.015585937499999999 0.01677083333333333
0 0.42529947916666666 0.341796875 0.026419270833333286 0.02588541666666666
0 0.021627604166666665 0.568359375 0.014700520833333333 0.014231770833333268
0 0.763671875 0.9345703125 0.013372395833333309 0.013476562499999881
0 0.16540364583333333 0.47729166666666667 0.014596354166666659 0.014179687499999982
0 0.5961979166666667 0.6508854166666667 0.013919270833333405 0.013723958333333286
0 0.9423828125 0.6162109375 0.011731770833333321 0.011653645833333393
0 0.36865885416666666 0.8564453125 0.012343750000000023 0.012434895833333274
0 0.26587239583333333 0.18127604166666667 0.012395833333333309 0.012122395833333336
0 0.41162760416666666 0.21252604166666667 0.011692708333333357 0.01152343750000003
0 0.17553385416666667 0.36303385416666667 0.01347656250000003 0.01317708333333334
0 0.6430729166666667 0.03338541666666667 0.011861979166666684 0.011783854166666663
0 0.7255859375 0.33861979166666667 0.011367187500000023 0.0121223958333333
0 0.8818359375 0.12549479166666666 0.012213541666666808 0.011914062500000008
0 0.1396484375 0.8481510416666667 0.009231770833333338 0.01023437499999987
0 0.8212890625 0.21911458333333333 0.009635416666666785 0.0102083333333333
0 0.17041666666666666 0.44213541666666667 0.010755208333333321 0.010677083333333393
0 0.0615234375 0.7124088541666667 0.009466145833333328 0.010091145833333334
0 0.33350260416666666 0.841796875 0.008411458333333344 0.009531249999999917
0 0.8154296875 0.7802734375 0.010963541666666762 0.011080729166666655
0 0.306640625 0.7553776041666667 0.009010416666666687 0.010013020833333405
0 0.40845052083333333 0.5835026041666667 0.010234375000000018 0.010273437499999982
0 0.7407291666666667 0.11920572916666666 0.00925781249999987 0.010169270833333336
0 0.9721744791666667 0.31006510416666666 0.010989583333333405 0.010755208333333321
0 0.94140625 0.10796875 0.010390625000000023 0.010885416666666647
0 0.31006510416666666 0.736328125 0.009908854166666684 0.010677083333333393
0 0.5458984375 0.39990885416666666 0.009557291666666709 0.010091145833333334
0 0.548828125 0.9028385416666667 0.010208333333333375 0.01023437499999987
0 0.943359375 0.13233072916666666 0.010130208333333298 0.010611979166666674
0 0.019947916666666666 0.9096744791666667 0.0087109375 0.009466145833333309
0 0.5610416666666667 0.5170963541666667 0.009739583333333357 0.010234375000000018
0 0.17651041666666667 0.908203125 0.009739583333333357 0.009765625
0 0.45776041666666667 0.2705078125 0.009531250000000066 0.009062499999999973
0 0.5092838541666667 0.13794270833333333 0.009101562500000012 0.009466145833333347
0 0.9716796875 0.1893359375 0.009739583333333357 0.009869791666666647
0 0.9331119791666667 0.35596354166666666 0.01023437499999987 0.010312499999999947
0 0.07147135416666667 0.9106510416666667 0.008216145833333336 0.010716145833333357
0 0.17748697916666667 0.7158203125 0.008437500000000023 0.009231770833333227
0 0.8559635416666667 0.513671875 0.010755208333333321 0.010651041666666602
0 0.8359375 0.9252994791666667 0.010312500000000094 0.011276041666666773
0 0.8359375 0.9360416666666667 0.01023437499999987 0.011158854166666584
0 0.109921875 0.08819010416666667 0.01001302083333333 0.010390624999999995
0 0.057916666666666665 0.513671875 0.010351562500000003 0.010716145833333357
0 0.04778645833333334 0.8061588541666667 0.007122395833333332 0.00850260416666663
0 0.39526041666666667 0.607421875 0.009765625 0.010091145833333334
0 0.6298828125 0.33252604166666666 0.009127604166666655 0.009674479166666639
0 0.11393229166666667 0.24662760416666665 0.0006249999999999867 0.0005729166666666637