0 0.76171875 0.189453125 0.0234375 0.024739583333333332
0 0.08723958333333333 0.3736979166666667 0.026041666666666668 0.028645833333333332
0 0.03125 0.13671875 0.041666666666666664 0.052083333333333336
0 0.134765625 0.505859375 0.022135416666666668 0.022135416666666668
0 0.13020833333333334 0.5481770833333334 0.0390625 0.0390625
0 0.007161458333333333 0.3522135416666667 0.01171875 0.024739583333333332
0 0.012369791666666666 0.4680989583333333 0.022135416666666668 0.03515625
0 0.042317708333333336 0.609375 0.01953125 0.020833333333333332
0 0.030598958333333332 0.6881510416666666 0.022135416666666668 0.022135416666666668
0 0.23893229166666666 0.5611979166666666 0.022135416666666668 0.0234375
0 0.119140625 0.6028645833333334 0.029947916666666668 0.03125
0 0.10872395833333333 0.8763020833333334 0.048177083333333336 0.057291666666666664
0 0.5651041666666666 0.6315104166666666 0.028645833333333332 0.026041666666666668
0 0.8111979166666666 0.3919270833333333 0.013020833333333334 0.013020833333333334
0 0.5638020833333334 0.388671875 0.0390625 0.03515625
0 0.3548177083333333 0.21809895833333334 0.032552083333333336 0.032552083333333336
0 0.08333333333333333 0.078125 0.0546875 0.052083333333333336
0 0.6985677083333334 0.830078125 0.016927083333333332 0.01953125
0 0.6875 0.830078125 0.09114583333333333 0.11067708333333333
0 0.6087239583333334 0.4654947916666667 0.01953125 0.01953125
0 0.5501302083333334 0.8880208333333334 0.01953125 0.018229166666666668
0 0.11848958333333333 0.97265625 0.036458333333333336 0.0390625
0 0.7805989583333334 0.4088541666666667 0.014322916666666666 0.018229166666666668