0 0.8151041666666666 0.2766927083333333 0.018229166666666668 0.02734375
0 0.6009114583333334 0.014973958333333334 0.022135416666666668 0.016927083333333332
0 0.5286458333333334 0.033203125 0.041666666666666664 0.05078125
0 0.791015625 0.16471354166666666 0.01953125 0.01953125
0 0.900390625 0.296875 0.016927083333333332 0.020833333333333332
0 0.78125 0.6875 0.10416666666666667 0.109375
0 0.869140625 0.9212239583333334 0.032552083333333336 0.032552083333333336
0 0.767578125 0.84765625 0.024739583333333332 0.026041666666666668
0 0.6731770833333334 0.91796875 0.1640625 0.15625
0 0.7513020833333334 0.8274739583333334 0.020833333333333332 0.014322916666666666
0 0.3782552083333333 0.9173177083333334 0.06380208333333333 0.07942708333333333
0 0.529296875 0.6998697916666666 0.01953125 0.01953125
0 0.28125 0.34765625 0.036458333333333336 0.041666666666666664
0 0.9290364583333334 0.11458333333333333 0.016927083333333332 0.018229166666666668
0 0.12630208333333334 0.5240885416666666 0.018229166666666668 0.01953125
0 0.259765625 0.02734375 0.022135416666666668 0.015625
0 0.6412760416666666 0.3274739583333333 0.01953125 0.024739583333333332
0 0.4134114583333333 0.705078125 0.01953125 0.024739583333333332
0 0.6640625 0.388671875 0.026041666666666668 0.029947916666666668
0 0.21940104166666666 0.8802083333333334 0.022135416666666668 0.015625
0 0.4212239583333333 0.13411458333333334 0.022135416666666668 0.018229166666666668
0 0.8841145833333334 0.296875 0.018229166666666668 0.0234375
0 0.798828125 0.275390625 0.022135416666666668 0.029947916666666668
0 0.6263020833333334 0.3274739583333333 0.015625 0.022135416666666668
0 0.392578125 0.19075520833333334 0.014322916666666666 0.014322916666666666
0 0.24869791666666666 0.33203125 0.033854166666666664 0.049479166666666664
0 0.07161458333333333 0.78125 0.020833333333333332 0.026041666666666668
0 0.447265625 0.33203125 0.01171875 0.018229166666666668
0 0.3125 0.3919270833333333 0.015625 0.015625
0 0.2838541666666667 0.5045572916666666 0.015625 0.014322916666666666