0 0.15559895833333334 0.0859375 0.2825520833333333 0.171875
0 0.7180989583333334 0.5963541666666666 0.10026041666666667 0.09765625
0 0.5774739583333334 0.138671875 0.06510416666666667 0.0859375
0 0.6901041666666666 0.232421875 0.06640625 0.07682291666666667
0 0.7018229166666666 0.7135416666666666 0.06770833333333333 0.07421875
0 0.5091145833333334 0.7311197916666666 0.0546875 0.061197916666666664
0 0.4348958333333333 0.9895833333333334 0.049479166666666664 0.020833333333333332
0 0.4055989583333333 0.8932291666666666 0.053385416666666664 0.05078125
0 0.12630208333333334 0.7727864583333334 0.049479166666666664 0.0546875
0 0.024739583333333332 0.3502604166666667 0.04296875 0.04296875
0 0.9537760416666666 0.8821614583333334 0.04296875 0.046875
0 0.6145833333333334 0.2688802083333333 0.046875 0.048177083333333336
0 0.3671875 0.23697916666666666 0.0390625 0.036458333333333336
0 0.314453125 0.45703125 0.037760416666666664 0.045572916666666664
0 0.375 0.3561197916666667 0.040364583333333336 0.044270833333333336
0 0.7141927083333334 0.7682291666666666 0.033854166666666664 0.03515625
0 0.2786458333333333 0.4563802083333333 0.032552083333333336 0.044270833333333336
0 0.884765625 0.5305989583333334 0.044270833333333336 0.04296875
0 0.059895833333333336 0.9713541666666666 0.04296875 0.046875
0 0.8997395833333334 0.08268229166666667 0.032552083333333336 0.032552083333333336
0 0.9140625 0.012369791666666666 0.033854166666666664 0.024739583333333332
0 0.3958333333333333 0.7513020833333334 0.045572916666666664 0.049479166666666664
0 0.771484375 0.015625 0.029947916666666668 0.03125
0 0.7864583333333334 0.6744791666666666 0.037760416666666664 0.041666666666666664
0 0.049479166666666664 0.2916666666666667 0.032552083333333336 0.037760416666666664
0 0.6901041666666666 0.2858072916666667 0.029947916666666668 0.033854166666666664
0 0.5690104166666666 0.3561197916666667 0.026041666666666668 0.028645833333333332
0 0.6848958333333334 0.4694010416666667 0.02734375 0.028645833333333332
0 0.5442708333333334 0.6276041666666666 0.032552083333333336 0.032552083333333336
0 0.5305989583333334 0.1328125 0.03515625 0.036458333333333336
0 0.4733072916666667 0.505859375 0.036458333333333336 0.041666666666666664
0 0.08658854166666667 0.462890625 0.032552083333333336 0.03515625
0 0.021484375 0.89453125 0.024739583333333332 0.03515625
0 0.12760416666666666 0.8723958333333334 0.040364583333333336 0.045572916666666664
0 0.4322916666666667 0.322265625 0.024739583333333332 0.03515625
0 0.9869791666666666 0.4674479166666667 0.026041666666666668 0.036458333333333336
0 0.8893229166666666 0.4153645833333333 0.041666666666666664 0.0390625