0 0.8834635416666666 0.4563802083333333 0.032552083333333336 0.032552083333333336
0 0.89453125 0.10872395833333333 0.015625 0.014322916666666666
0 0.9498697916666666 0.12825520833333334 0.009114583333333334 0.024739583333333332
0 0.9088541666666666 0.09505208333333333 0.013020833333333334 0.013020833333333334
0 0.921875 0.12109375 0.13020833333333334 0.14322916666666666
0 0.8046875 0.020182291666666668 0.013020833333333334 0.01953125
0 0.6790364583333334 0.016927083333333332 0.10546875 0.033854166666666664
0 0.603515625 0.3776041666666667 0.05859375 0.0625
0 0.8743489583333334 0.2897135416666667 0.15494791666666666 0.15234375
0 0.97265625 0.6067708333333334 0.028645833333333332 0.044270833333333336
0 0.8977864583333334 0.5970052083333334 0.08723958333333333 0.10546875
0 0.794921875 0.6536458333333334 0.05859375 0.0625
0 0.9505208333333334 0.9225260416666666 0.03125 0.032552083333333336
0 0.80078125 0.765625 0.018229166666666668 0.013020833333333334
0 0.6770833333333334 0.81640625 0.044270833333333336 0.036458333333333336
0 0.7220052083333334 0.8385416666666666 0.16015625 0.14322916666666666
0 0.5755208333333334 0.8697916666666666 0.10677083333333333 0.14322916666666666
0 0.6022135416666666 0.974609375 0.07942708333333333 0.037760416666666664
0 0.4108072916666667 0.5279947916666666 0.11067708333333333 0.12369791666666667
0 0.5006510416666666 0.65234375 0.016927083333333332 0.026041666666666668
0 0.482421875 0.736328125 0.01953125 0.01953125
0 0.2799479166666667 0.5833333333333334 0.046875 0.052083333333333336
0 0.5182291666666666 0.3092447916666667 0.013020833333333334 0.016927083333333332
0 0.4915364583333333 0.046223958333333336 0.024739583333333332 0.01953125
0 0.3229166666666667 0.22395833333333334 0.0390625 0.041666666666666664
0 0.376953125 0.14388020833333334 0.048177083333333336 0.045572916666666664
0 0.326171875 0.046223958333333336 0.032552083333333336 0.032552083333333336
0 0.16015625 0.14127604166666666 0.15625 0.15755208333333334
0 0.13736979166666666 0.13802083333333334 0.032552083333333336 0.03125
0 0.24153645833333334 0.353515625 0.05859375 0.07161458333333333
0 0.17643229166666666 0.453125 0.01953125 0.026041666666666668
0 0.1328125 0.345703125 0.1015625 0.13671875
0 0.06901041666666667 0.8111979166666666 0.026041666666666668 0.026041666666666668
0 0.07552083333333333 0.9381510416666666 0.0390625 0.032552083333333336
0 0.06575520833333333 0.8912760416666666 0.01953125 0.016927083333333332
0 0.061848958333333336 0.12369791666666667 0.014322916666666666 0.010416666666666666
0 0.4296875 0.638671875 0.03125 0.045572916666666664
0 0.501953125 0.16080729166666666 0.01953125 0.014322916666666666
0 0.9609375 0.6536458333333334 0.013020833333333334 0.015625
0 0.82421875 0.23372395833333334 0.013020833333333334 0.009114583333333334
0 0.8821614583333334 0.8444010416666666 0.014322916666666666 0.01171875
0 0.4986979166666667 0.9661458333333334 0.013020833333333334 0.015625
0 0.2688802083333333 0.6614583333333334 0.01171875 0.013020833333333334
0 0.0234375 0.533203125 0.013020833333333334 0.022135416666666668
0 0.026692708333333332 0.23111979166666666 0.01953125 0.016927083333333332
0 0.9505208333333334 0.423828125 0.018229166666666668 0.01953125
0 0.061848958333333336 0.4986979166666667 0.014322916666666666 0.013020833333333334
0 0.330078125 0.4205729166666667 0.01953125 0.013020833333333334
0 0.6223958333333334 0.4850260416666667 0.013020833333333334 0.016927083333333332
0 0.5657552083333334 0.7005208333333334 0.009114583333333334 0.013020833333333334
0 0.80078125 0.47265625 0.018229166666666668 0.013020833333333334