0 0.5143229166666666 0.27734375 0.22786458333333334 0.21484375
0 0.4029947916666667 0.7897135416666666 0.2734375 0.25390625
0 0.083984375 0.4029947916666667 0.16796875 0.17317708333333334
0 0.20442708333333334 0.12109375 0.10677083333333333 0.09505208333333333
0 0.9322916666666666 0.578125 0.13541666666666666 0.140625
0 0.7740885416666666 0.06966145833333333 0.10416666666666667 0.10546875
0 0.8515625 0.115234375 0.032552083333333336 0.032552083333333336
0 0.9088541666666666 0.12044270833333333 0.028645833333333332 0.03125
0 0.6875 0.53125 0.0390625 0.045572916666666664
0 0.646484375 0.7454427083333334 0.033854166666666664 0.040364583333333336
0 0.7897135416666666 0.6549479166666666 0.03125 0.032552083333333336
0 0.7571614583333334 0.6647135416666666 0.040364583333333336 0.040364583333333336
0 0.6451822916666666 0.7421875 0.036458333333333336 0.044270833333333336
0 0.638671875 0.8385416666666666 0.037760416666666664 0.036458333333333336
0 0.6627604166666666 0.92578125 0.078125 0.07552083333333333
0 0.798828125 0.8248697916666666 0.037760416666666664 0.045572916666666664
0 0.7408854166666666 0.8645833333333334 0.029947916666666668 0.033854166666666664
0 0.7786458333333334 0.004557291666666667 0.036458333333333336 0.009114583333333334
0 0.24153645833333334 0.9016927083333334 0.30859375 0.19661458333333334
0 0.14388020833333334 0.6516927083333334 0.23177083333333334 0.19401041666666666
0 0.13411458333333334 0.77734375 0.13411458333333334 0.125
0 0.255859375 0.2942708333333333 0.041666666666666664 0.029947916666666668
0 0.267578125 0.435546875 0.028645833333333332 0.032552083333333336
0 0.21744791666666666 0.5169270833333334 0.036458333333333336 0.032552083333333336
0 0.169921875 0.5013020833333334 0.037760416666666664 0.037760416666666664
0 0.4752604166666667 0.55078125 0.0390625 0.033854166666666664
0 0.37890625 0.5611979166666666 0.040364583333333336 0.03515625
0 0.5540364583333334 0.4811197916666667 0.032552083333333336 0.037760416666666664
0 0.4986979166666667 0.4225260416666667 0.029947916666666668 0.029947916666666668
0 0.7473958333333334 0.23307291666666666 0.036458333333333336 0.03125
0 0.7994791666666666 0.2994791666666667 0.028645833333333332 0.028645833333333332
0 0.826171875 0.76171875 0.026041666666666668 0.029947916666666668
0 0.869140625 0.6953125 0.03125 0.032552083333333336
0 0.7532552083333334 0.4908854166666667 0.020833333333333332 0.020833333333333332
0 0.8697916666666666 0.4811197916666667 0.032552083333333336 0.02734375
0 0.5364583333333334 0.018229166666666668 0.044270833333333336 0.036458333333333336
0 0.3671875 0.162109375 0.048177083333333336 0.037760416666666664
0 0.5013020833333334 0.13932291666666666 0.02734375 0.028645833333333332
0 0.24088541666666666 0.3619791666666667 0.03125 0.024739583333333332
0 0.3411458333333333 0.08658854166666667 0.018229166666666668 0.01953125
0 0.3209635416666667 0.059244791666666664 0.01953125 0.016927083333333332
0 0.90234375 0.7760416666666666 0.02734375 0.028645833333333332
0 0.943359375 0.8626302083333334 0.028645833333333332 0.03125
0 0.9915364583333334 0.966796875 0.016927083333333332 0.024739583333333332
0 0.044270833333333336 0.10546875 0.032552083333333336 0.03125
0 0.005859375 0.12630208333333334 0.01171875 0.033854166666666664
0 0.06510416666666667 0.14192708333333334 0.022135416666666668 0.022135416666666668
0 0.008463541666666666 0.9205729166666666 0.016927083333333332 0.026041666666666668