0 0.8997395833333334 0.6471354166666666 0.0234375 0.022135416666666668
0 0.4055989583333333 0.8268229166666666 0.7096354166666666 0.3463541666666667
0 0.9733072916666666 0.298828125 0.0234375 0.0234375
0 0.014973958333333334 0.515625 0.029947916666666668 0.059895833333333336
0 0.876953125 0.4401041666666667 0.024739583333333332 0.024739583333333332
0 0.4518229166666667 0.345703125 0.04296875 0.044270833333333336
0 0.3385416666666667 0.3040364583333333 0.03515625 0.040364583333333336
0 0.4635416666666667 0.2591145833333333 0.055989583333333336 0.053385416666666664
0 0.994140625 0.65625 0.01171875 0.049479166666666664
0 0.828125 0.08854166666666667 0.022135416666666668 0.022135416666666668
0 0.3098958333333333 0.3541666666666667 0.026041666666666668 0.026041666666666668
0 0.2766927083333333 0.3287760416666667 0.022135416666666668 0.022135416666666668
0 0.005208333333333333 0.21419270833333334 0.010416666666666666 0.01953125
0 0.18098958333333334 0.4029947916666667 0.022135416666666668 0.020833333333333332
0 0.28125 0.061848958333333336 0.029947916666666668 0.028645833333333332
0 0.016276041666666668 0.3919270833333333 0.028645833333333332 0.026041666666666668
0 0.7259114583333334 0.11328125 0.022135416666666668 0.022135416666666668
0 0.7350260416666666 0.5944010416666666 0.01953125 0.018229166666666668
0 0.8743489583333334 0.060546875 0.03125 0.03125
0 0.11783854166666667 0.7473958333333334 0.026041666666666668 0.024739583333333332
0 0.173828125 0.4270833333333333 0.020833333333333332 0.022135416666666668
0 0.931640625 0.900390625 0.02734375 0.028645833333333332
0 0.6940104166666666 0.544921875 0.020833333333333332 0.022135416666666668
0 0.17057291666666666 0.035807291666666664 0.022135416666666668 0.022135416666666668
0 0.3248697916666667 0.03515625 0.020833333333333332 0.020833333333333332
0 0.6106770833333334 0.038411458333333336 0.029947916666666668 0.028645833333333332
0 0.8873697916666666 0.7890625 0.028645833333333332 0.03125
0 0.072265625 0.119140625 0.028645833333333332 0.022135416666666668