0 0.462890625 0.8287760416666666 0.01953125 0.01953125
0 0.4557291666666667 0.482421875 0.028645833333333332 0.02734375
0 0.322265625 0.4485677083333333 0.01953125 0.016927083333333332
0 0.09830729166666667 0.20703125 0.040364583333333336 0.041666666666666664
0 0.58984375 0.2721354166666667 0.015625 0.015625
0 0.8092447916666666 0.055989583333333336 0.037760416666666664 0.036458333333333336
0 0.8997395833333334 0.10546875 0.12239583333333333 0.11458333333333333
0 0.5735677083333334 0.8561197916666666 0.016927083333333332 0.016927083333333332
0 0.08333333333333333 0.6484375 0.015625 0.013020833333333334
0 0.24934895833333334 0.7565104166666666 0.014322916666666666 0.015625
0 0.7923177083333334 0.4739583333333333 0.014322916666666666 0.013020833333333334
0 0.9680989583333334 0.6516927083333334 0.01953125 0.016927083333333332
0 0.8951822916666666 0.8151041666666666 0.014322916666666666 0.015625
0 0.9368489583333334 0.796875 0.014322916666666666 0.013020833333333334
0 0.935546875 0.5924479166666666 0.01171875 0.010416666666666666
0 0.9368489583333334 0.5540364583333334 0.01171875 0.009114583333333334
0 0.5852864583333334 0.014973958333333334 0.016927083333333332 0.014322916666666666
0 0.802734375 0.3854166666666667 0.01171875 0.010416666666666666
0 0.7740885416666666 0.3352864583333333 0.014322916666666666 0.009114583333333334
0 0.4134114583333333 0.689453125 0.009114583333333334 0.01171875
0 0.14322916666666666 0.8893229166666666 0.010416666666666666 0.0078125
0 0.595703125 0.7259114583333334 0.01171875 0.01171875
0 0.310546875 0.095703125 0.009114583333333334 0.009114583333333334
0 0.3795572916666667 0.032552083333333336 0.014322916666666666 0.010416666666666666
0 0.55078125 0.13411458333333334 0.013020833333333334 0.010416666666666666
0 0.76953125 0.5852864583333334 0.010416666666666666 0.01171875
0 0.4427083333333333 0.10416666666666667 0.013020833333333334 0.0078125
0 0.568359375 0.3704427083333333 0.01171875 0.009114583333333334
0 0.5338541666666666 0.51171875 0.010416666666666666 0.010416666666666666
0 0.7220052083333334 0.9739583333333334 0.009114583333333334 0.0078125
0 0.2643229166666667 0.2565104166666667 0.11458333333333333 0.11979166666666667
0 0.20963541666666666 0.23828125 0.013020833333333334 0.013020833333333334
0 0.8782552083333334 0.018229166666666668 0.009114583333333334 0.010416666666666666
0 0.9055989583333334 0.2584635416666667 0.009114583333333334 0.01171875
0 0.6321614583333334 0.026692708333333332 0.014322916666666666 0.01171875
0 0.3893229166666667 0.421875 0.010416666666666666 0.013020833333333334