0 0.103515625 0.20703125 0.203125 0.3763020833333333
0 0.18359375 0.3548177083333333 0.026041666666666668 0.02734375
0 0.078125 0.78125 0.0234375 0.020833333333333332
0 0.09765625 0.8125 0.12760416666666666 0.13541666666666666
0 0.091796875 0.9733072916666666 0.06901041666666667 0.05078125
0 0.234375 0.5436197916666666 0.08072916666666667 0.08984375
0 0.4296875 0.7513020833333334 0.06770833333333333 0.08072916666666667
0 0.5045572916666666 0.8489583333333334 0.022135416666666668 0.0234375
0 0.19596354166666666 0.24348958333333334 0.055989583333333336 0.0546875
0 0.2994791666666667 0.833984375 0.06770833333333333 0.05859375
0 0.6100260416666666 0.9264322916666666 0.048177083333333336 0.05078125
0 0.7018229166666666 0.984375 0.046875 0.026041666666666668
0 0.876953125 0.21809895833333334 0.032552083333333336 0.040364583333333336
0 0.9127604166666666 0.228515625 0.013020833333333334 0.01953125
0 0.681640625 0.6868489583333334 0.032552083333333336 0.037760416666666664
0 0.9459635416666666 0.3541666666666667 0.024739583333333332 0.0234375
0 0.8561197916666666 0.020182291666666668 0.09505208333333333 0.032552083333333336
0 0.024088541666666668 0.103515625 0.01953125 0.01953125
0 0.158203125 0.9375 0.05078125 0.0703125
0 0.732421875 0.3658854166666667 0.016927083333333332 0.013020833333333334
0 0.4440104166666667 0.4791666666666667 0.013020833333333334 0.015625
0 0.07747395833333333 0.7265625 0.014322916666666666 0.015625
0 0.5221354166666666 0.345703125 0.013020833333333334 0.014322916666666666
0 0.25390625 0.7838541666666666 0.018229166666666668 0.020833333333333332
0 0.4166666666666667 0.8229166666666666 0.028645833333333332 0.028645833333333332
0 0.8391927083333334 0.038411458333333336 0.016927083333333332 0.016927083333333332
0 0.9674479166666666 0.048828125 0.015625 0.018229166666666668
0 0.5540364583333334 0.2981770833333333 0.010416666666666666 0.01171875
0 0.6901041666666666 0.9342447916666666 0.013020833333333334 0.014322916666666666
0 0.4661458333333333 0.908203125 0.024739583333333332 0.02734375
0 0.13020833333333334 0.69140625 0.022135416666666668 0.024739583333333332
0 0.0625 0.3717447916666667 0.016927083333333332 0.018229166666666668
0 0.9264322916666666 0.3092447916666667 0.018229166666666668 0.01953125
0 0.630859375 0.08658854166666667 0.015625 0.018229166666666668
0 0.21028645833333334 0.8658854166666666 0.014322916666666666 0.015625
0 0.427734375 0.0859375 0.01171875 0.013020833333333334
0 0.02734375 0.4322916666666667 0.013020833333333334 0.013020833333333334
0 0.7369791666666666 0.3645833333333333 0.01171875 0.013020833333333334
0 0.4869791666666667 0.3834635416666667 0.010416666666666666 0.01171875
0 0.259765625 0.423828125 0.024739583333333332 0.026041666666666668
0 0.412109375 0.4388020833333333 0.01953125 0.020833333333333332
0 0.583984375 0.701171875 0.013020833333333334 0.014322916666666666
0 0.08333333333333333 0.7805989583333334 0.022135416666666668 0.0234375
0 0.7395833333333334 0.6901041666666666 0.015625 0.016927083333333332
0 0.3177083333333333 0.9934895833333334 0.014322916666666666 0.013020833333333334
0 0.026041666666666668 0.7584635416666666 0.016927083333333332 0.0234375
0 0.4466145833333333 0.607421875 0.01171875 0.01171875
0 0.2903645833333333 0.931640625 0.024739583333333332 0.026041666666666668
0 0.7845052083333334 0.7923177083333334 0.015625 0.015625
0 0.12760416666666666 0.6393229166666666 0.03125 0.033854166666666664
0 0.5247395833333334 0.9153645833333334 0.013020833333333334 0.014322916666666666
0 0.14322916666666666 0.373046875 0.0234375 0.026041666666666668
0 0.8619791666666666 0.9459635416666666 0.01171875 0.013020833333333334
0 0.85546875 0.888671875 0.01171875 0.013020833333333334
0 0.9049479166666666 0.6477864583333334 0.014322916666666666 0.014322916666666666
0 0.3385416666666667 0.6432291666666666 0.013020833333333334 0.013020833333333334
0 0.20638020833333334 0.8248697916666666 0.014322916666666666 0.015625
0 0.7682291666666666 0.052083333333333336 0.01171875 0.01171875
0 0.6315104166666666 0.3841145833333333 0.01171875 0.013020833333333334
0 0.25390625 0.783203125 0.013020833333333334 0.014322916666666666
0 0.14713541666666666 0.9817708333333334 0.018229166666666668 0.018229166666666668
0 0.07486979166666667 0.6861979166666666 0.010416666666666666 0.01171875
0 0.08854166666666667 0.4518229166666667 0.010416666666666666 0.010416666666666666
0 0.7180989583333334 0.19401041666666666 0.01171875 0.01171875
0 0.5065104166666666 0.60546875 0.01171875 0.01171875
0 0.7473958333333334 0.8450520833333334 0.01171875 0.01171875
0 0.3020833333333333 0.5651041666666666 0.010416666666666666 0.01171875
0 0.576171875 0.3209635416666667 0.010416666666666666 0.010416666666666666
0 0.20703125 0.62890625 0.010416666666666666 0.01171875
0 0.8899739583333334 0.4798177083333333 0.010416666666666666 0.010416666666666666
0 0.271484375 0.013671875 0.01171875 0.013020833333333334
0 0.9557291666666666 0.2688802083333333 0.01171875 0.01171875
0 0.814453125 0.16796875 0.009114583333333334 0.009114583333333334
0 0.13216145833333334 0.23893229166666666 0.010416666666666666 0.010416666666666666
0 0.19075520833333334 0.8697916666666666 0.010416666666666666 0.01171875
0 0.6302083333333334 0.5345052083333334 0.010416666666666666 0.010416666666666666
0 0.5625 0.337890625 0.01171875 0.010416666666666666
0 0.494140625 0.5260416666666666 0.009114583333333334 0.010416666666666666
0 0.4153645833333333 0.640625 0.010416666666666666 0.010416666666666666
0 0.9446614583333334 0.9674479166666666 0.009114583333333334 0.010416666666666666
0 0.71484375 0.9407552083333334 0.009114583333333334 0.010416666666666666