0 0.3190104166666667 0.3509114583333333 0.16927083333333334 0.16015625
0 0.15559895833333334 0.2526041666666667 0.016927083333333332 0.020833333333333332
0 0.4986979166666667 0.18359375 0.046875 0.046875
0 0.5520833333333334 0.19010416666666666 0.018229166666666668 0.018229166666666668
0 0.4095052083333333 0.10091145833333333 0.01953125 0.01953125
0 0.018880208333333332 0.3515625 0.016927083333333332 0.020833333333333332
0 0.011067708333333334 0.21744791666666666 0.01953125 0.015625
0 0.4713541666666667 0.4915364583333333 0.018229166666666668 0.024739583333333332
0 0.5416666666666666 0.3463541666666667 0.1015625 0.09635416666666667
0 0.5416666666666666 0.482421875 0.015625 0.016927083333333332
0 0.4557291666666667 0.6614583333333334 0.14322916666666666 0.15625
0 0.6302083333333334 0.7154947916666666 0.20833333333333334 0.21223958333333334
0 0.7272135416666666 0.7740885416666666 0.029947916666666668 0.029947916666666668
0 0.5970052083333334 0.71875 0.01953125 0.018229166666666668
0 0.4557291666666667 0.857421875 0.033854166666666664 0.037760416666666664
0 0.5944010416666666 0.203125 0.01953125 0.018229166666666668
0 0.6315104166666666 0.24869791666666666 0.026041666666666668 0.026041666666666668
0 0.8138020833333334 0.4173177083333333 0.046875 0.045572916666666664
0 0.853515625 0.4947916666666667 0.02734375 0.028645833333333332
0 0.8033854166666666 0.5201822916666666 0.026041666666666668 0.022135416666666668
0 0.638671875 0.13541666666666666 0.016927083333333332 0.015625
0 0.9036458333333334 0.62890625 0.028645833333333332 0.03125
0 0.06575520833333333 0.806640625 0.016927083333333332 0.016927083333333332
0 0.4739583333333333 0.9485677083333334 0.015625 0.014322916666666666
0 0.125 0.8229166666666666 0.015625 0.015625
0 0.3522135416666667 0.9772135416666666 0.10286458333333333 0.045572916666666664
0 0.8203125 0.91796875 0.018229166666666668 0.020833333333333332
0 0.14973958333333334 0.3723958333333333 0.015625 0.015625
0 0.19921875 0.39453125 0.09114583333333333 0.08333333333333333
0 0.16341145833333334 0.5110677083333334 0.014322916666666666 0.01171875
0 0.15690104166666666 0.990234375 0.032552083333333336 0.01953125
0 0.484375 0.7083333333333334 0.06510416666666667 0.0625
0 0.8483072916666666 0.24609375 0.22265625 0.19791666666666666
0 0.9231770833333334 0.9537760416666666 0.013020833333333334 0.01171875
0 0.9134114583333334 0.8014322916666666 0.014322916666666666 0.014322916666666666
0 0.98828125 0.748046875 0.013020833333333334 0.014322916666666666