0 0.14453125 0.4778645833333333 0.0390625 0.0390625
0 0.061848958333333336 0.2786458333333333 0.12109375 0.18229166666666666
0 0.20963541666666666 0.4615885416666667 0.026041666666666668 0.024739583333333332
0 0.13997395833333334 0.8014322916666666 0.03515625 0.045572916666666664
0 0.203125 0.650390625 0.013020833333333334 0.014322916666666666
0 0.2923177083333333 0.7688802083333334 0.27734375 0.2825520833333333
0 0.3658854166666667 0.8033854166666666 0.028645833333333332 0.026041666666666668
0 0.21223958333333334 0.9095052083333334 0.020833333333333332 0.016927083333333332
0 0.6432291666666666 0.5970052083333334 0.06510416666666667 0.07421875
0 0.6490885416666666 0.75390625 0.4049479166666667 0.4479166666666667
0 0.9329427083333334 0.9791666666666666 0.02734375 0.026041666666666668
0 0.990234375 0.798828125 0.01953125 0.024739583333333332
0 0.7259114583333334 0.4674479166666667 0.10026041666666667 0.11458333333333333
0 0.6256510416666666 0.3092447916666667 0.06640625 0.08203125
0 0.4069010416666667 0.041666666666666664 0.01953125 0.020833333333333332
0 0.2708333333333333 0.07161458333333333 0.22916666666666666 0.13020833333333334
0 0.7486979166666666 0.2760416666666667 0.026041666666666668 0.026041666666666668
0 0.8717447916666666 0.31640625 0.24088541666666666 0.2604166666666667
0 0.9817708333333334 0.2643229166666667 0.036458333333333336 0.0625
0 0.98828125 0.6432291666666666 0.013020833333333334 0.018229166666666668
0 0.16015625 0.4055989583333333 0.013020833333333334 0.01953125
0 0.041666666666666664 0.6744791666666666 0.08072916666666667 0.13541666666666666
0 0.072265625 0.8984375 0.01953125 0.0234375
0 0.4765625 0.15299479166666666 0.0234375 0.01953125
0 0.3658854166666667 0.39453125 0.013020833333333334 0.018229166666666668
0 0.5553385416666666 0.06966145833333333 0.014322916666666666 0.009114583333333334
0 0.5670572916666666 0.7838541666666666 0.01171875 0.018229166666666668
0 0.24869791666666666 0.94140625 0.06510416666666667 0.06770833333333333
0 0.353515625 0.935546875 0.061197916666666664 0.061197916666666664
0 0.9485677083333334 0.6412760416666666 0.014322916666666666 0.016927083333333332
0 0.9498697916666666 0.06510416666666667 0.01953125 0.026041666666666668
0 0.9661458333333334 0.19596354166666666 0.013020833333333334 0.01953125
0 0.2858072916666667 0.8118489583333334 0.014322916666666666 0.014322916666666666
0 0.203125 0.8053385416666666 0.0078125 0.009114583333333334
0 0.3111979166666667 0.8697916666666666 0.010416666666666666 0.010416666666666666
0 0.9453125 0.7037760416666666 0.010416666666666666 0.01171875
0 0.9954427083333334 0.6100260416666666 0.009114583333333334 0.009114583333333334
0 0.8932291666666666 0.4557291666666667 0.013020833333333334 0.013020833333333334
0 0.8548177083333334 0.3756510416666667 0.01171875 0.01171875
0 0.9134114583333334 0.15950520833333334 0.17317708333333334 0.16276041666666666
0 0.5442708333333334 0.3697916666666667 0.013020833333333334 0.013020833333333334
0 0.287109375 0.5657552083333334 0.01171875 0.01171875
0 0.21875 0.3743489583333333 0.013020833333333334 0.009114583333333334
0 0.8704427083333334 0.6002604166666666 0.01171875 0.013020833333333334