0 0.10677083333333333 0.724609375 0.026041666666666668 0.02734375
0 0.3723958333333333 0.6640625 0.13020833333333334 0.109375
0 0.390625 0.84765625 0.09114583333333333 0.08333333333333333
0 0.5026041666666666 0.767578125 0.026041666666666668 0.02734375
0 0.5696614583333334 0.955078125 0.055989583333333336 0.05859375
0 0.5690104166666666 0.787109375 0.013020833333333334 0.01171875
0 0.087890625 0.83203125 0.02734375 0.028645833333333332
0 0.015625 0.6360677083333334 0.028645833333333332 0.04296875
0 0.08203125 0.298828125 0.052083333333333336 0.05078125
0 0.13216145833333334 0.26953125 0.024739583333333332 0.028645833333333332
0 0.2604166666666667 0.08854166666666667 0.018229166666666668 0.018229166666666668
0 0.23567708333333334 0.033854166666666664 0.015625 0.015625
0 0.6946614583333334 0.3919270833333333 0.024739583333333332 0.026041666666666668
0 0.576171875 0.22330729166666666 0.045572916666666664 0.04296875
0 0.23958333333333334 0.302734375 0.015625 0.014322916666666666
0 0.3509114583333333 0.13216145833333334 0.03515625 0.037760416666666664
0 0.42578125 0.16666666666666666 0.23958333333333334 0.2552083333333333
0 0.490234375 0.029947916666666668 0.05859375 0.0546875
0 0.9114583333333334 0.9609375 0.06510416666666667 0.0703125
0 0.92578125 0.5989583333333334 0.0234375 0.026041666666666668
0 0.9583333333333334 0.671875 0.018229166666666668 0.020833333333333332
0 0.974609375 0.40234375 0.040364583333333336 0.041666666666666664
0 0.201171875 0.7291666666666666 0.016927083333333332 0.018229166666666668
0 0.14453125 0.6015625 0.015625 0.015625
0 0.3684895833333333 0.4518229166666667 0.018229166666666668 0.020833333333333332
0 0.6725260416666666 0.18294270833333334 0.016927083333333332 0.016927083333333332
0 0.9225260416666666 0.810546875 0.01171875 0.01171875
0 0.6666666666666666 0.755859375 0.018229166666666668 0.016927083333333332
0 0.5305989583333334 0.5690104166666666 0.14192708333333334 0.15625
0 0.3919270833333333 0.462890625 0.0234375 0.024739583333333332
0 0.7200520833333334 0.6516927083333334 0.23697916666666666 0.2591145833333333
0 0.4733072916666667 0.4485677083333333 0.014322916666666666 0.01171875
0 0.578125 0.03515625 0.015625 0.015625
0 0.384765625 0.11263020833333333 0.016927083333333332 0.016927083333333332
0 0.08333333333333333 0.026041666666666668 0.010416666666666666 0.010416666666666666
0 0.08658854166666667 0.6673177083333334 0.016927083333333332 0.01953125
0 0.77734375 0.6953125 0.013020833333333334 0.013020833333333334
0 0.4303385416666667 0.9108072916666666 0.01953125 0.016927083333333332
0 0.4095052083333333 0.927734375 0.11067708333333333 0.09765625
0 0.4108072916666667 0.6627604166666666 0.016927083333333332 0.018229166666666668
0 0.8372395833333334 0.1796875 0.1875 0.20052083333333334
0 0.9348958333333334 0.12825520833333334 0.013020833333333334 0.014322916666666666
0 0.9700520833333334 0.18424479166666666 0.052083333333333336 0.09765625
0 0.36328125 0.5442708333333334 0.015625 0.015625
0 0.3639322916666667 0.5208333333333334 0.01171875 0.013020833333333334
0 0.41796875 0.9427083333333334 0.013020833333333334 0.013020833333333334
0 0.7825520833333334 0.4778645833333333 0.013020833333333334 0.013020833333333334
0 0.6868489583333334 0.431640625 0.014322916666666666 0.01171875
0 0.3046875 0.9596354166666666 0.14583333333333334 0.078125
0 0.78515625 0.7252604166666666 0.010416666666666666 0.010416666666666666
0 0.7916666666666666 0.6712239583333334 0.010416666666666666 0.009114583333333334
0 0.7864583333333334 0.6276041666666666 0.0078125 0.0078125
0 0.673828125 0.576171875 0.009114583333333334 0.009114583333333334
0 0.6920572916666666 0.5696614583333334 0.006510416666666667 0.009114583333333334
0 0.69140625 0.7877604166666666 0.010416666666666666 0.010416666666666666
0 0.7265625 0.4459635416666667 0.0078125 0.009114583333333334
0 0.8151041666666666 0.4270833333333333 0.033854166666666664 0.033854166666666664
0 0.84375 0.5963541666666666 0.010416666666666666 0.013020833333333334
0 0.83203125 0.55859375 0.010416666666666666 0.0078125
0 0.640625 0.556640625 0.018229166666666668 0.01953125
0 0.8131510416666666 0.3203125 0.07421875 0.10416666666666667
0 0.7213541666666666 0.3704427083333333 0.010416666666666666 0.01171875
0 0.73828125 0.3854166666666667 0.010416666666666666 0.013020833333333334
0 0.8131510416666666 0.15885416666666666 0.009114583333333334 0.010416666666666666
0 0.7428385416666666 0.23111979166666666 0.024739583333333332 0.024739583333333332
0 0.599609375 0.3515625 0.05078125 0.057291666666666664
0 0.8821614583333334 0.14192708333333334 0.01171875 0.010416666666666666
0 0.8723958333333334 0.2513020833333333 0.010416666666666666 0.010416666666666666
0 0.85546875 0.3157552083333333 0.013020833333333334 0.01171875
0 0.8430989583333334 0.3287760416666667 0.009114583333333334 0.009114583333333334
0 0.689453125 0.11653645833333333 0.009114583333333334 0.009114583333333334
0 0.6438802083333334 0.08528645833333333 0.02734375 0.029947916666666668
0 0.5397135416666666 0.55859375 0.01171875 0.013020833333333334
0 0.5690104166666666 0.5494791666666666 0.010416666666666666 0.010416666666666666
0 0.3177083333333333 0.17513020833333334 0.020833333333333332 0.01953125
0 0.2897135416666667 0.2727864583333333 0.009114583333333334 0.009114583333333334
0 0.4518229166666667 0.22200520833333334 0.010416666666666666 0.014322916666666666
0 0.3665364583333333 0.036458333333333336 0.006510416666666667 0.010416666666666666
0 0.16276041666666666 0.21484375 0.010416666666666666 0.010416666666666666
0 0.08528645833333333 0.12630208333333334 0.01171875 0.013020833333333334
0 0.078125 0.08072916666666667 0.010416666666666666 0.013020833333333334
0 0.119140625 0.07356770833333333 0.01171875 0.01171875
0 0.032552083333333336 0.087890625 0.0078125 0.009114583333333334
0 0.14908854166666666 0.3046875 0.06901041666666667 0.07552083333333333
0 0.232421875 0.2877604166666667 0.009114583333333334 0.010416666666666666
0 0.3359375 0.283203125 0.0078125 0.009114583333333334
0 0.034505208333333336 0.8157552083333334 0.014322916666666666 0.014322916666666666
0 0.4830729166666667 0.7942708333333334 0.010416666666666666 0.013020833333333334
0 0.8333333333333334 0.8248697916666666 0.010416666666666666 0.014322916666666666
0 0.8626302083333334 0.7877604166666666 0.009114583333333334 0.0078125
0 0.990234375 0.9713541666666666 0.01953125 0.0546875
0 0.8606770833333334 0.9322916666666666 0.0078125 0.010416666666666666
0 0.7721354166666666 0.8600260416666666 0.0078125 0.006510416666666667
0 0.5794270833333334 0.8450520833333334 0.0078125 0.0078125
0 0.58203125 0.8033854166666666 0.0078125 0.010416666666666666
0 0.5143229166666666 0.8997395833333334 0.0078125 0.0078125
0 0.4798177083333333 0.9388020833333334 0.01171875 0.010416666666666666
0 0.5768229166666666 0.97265625 0.010416666666666666 0.013020833333333334
0 0.6953125 0.5970052083333334 0.0078125 0.009114583333333334