0 0.4817708333333333 0.06901041666666667 0.0390625 0.0390625
0 0.20247395833333334 0.193359375 0.037760416666666664 0.037760416666666664
0 0.244140625 0.038411458333333336 0.032552083333333336 0.029947916666666668
0 0.06966145833333333 0.09244791666666667 0.04296875 0.033854166666666664
0 0.15755208333333334 0.24544270833333334 0.0234375 0.024739583333333332
0 0.412109375 0.1015625 0.016927083333333332 0.018229166666666668
0 0.53125 0.3639322916666667 0.020833333333333332 0.022135416666666668
0 0.4036458333333333 0.3033854166666667 0.0234375 0.018229166666666668
0 0.546875 0.6399739583333334 0.059895833333333336 0.048177083333333336
0 0.7083333333333334 0.6126302083333334 0.020833333333333332 0.01953125
0 0.390625 0.7434895833333334 0.0390625 0.033854166666666664
0 0.3092447916666667 0.8567708333333334 0.16276041666666666 0.16927083333333334
0 0.5078125 0.82421875 0.026041666666666668 0.026041666666666668
0 0.5826822916666666 0.8111979166666666 0.01953125 0.013020833333333334
0 0.556640625 0.8763020833333334 0.045572916666666664 0.0390625
0 0.7298177083333334 0.7513020833333334 0.014322916666666666 0.015625
0 0.7571614583333334 0.3795572916666667 0.014322916666666666 0.01953125
0 0.9837239583333334 0.15885416666666666 0.024739583333333332 0.0234375
0 0.8404947916666666 0.9453125 0.024739583333333332 0.020833333333333332
0 0.3834635416666667 0.6184895833333334 0.024739583333333332 0.018229166666666668
0 0.9134114583333334 0.3255208333333333 0.02734375 0.026041666666666668
0 0.8216145833333334 0.392578125 0.018229166666666668 0.014322916666666666
0 0.8072916666666666 0.3645833333333333 0.013020833333333334 0.013020833333333334
0 0.8580729166666666 0.3515625 0.013020833333333334 0.010416666666666666
0 0.010416666666666666 0.7701822916666666 0.018229166666666668 0.01953125