0 0.966796875 0.14583333333333334 0.024739583333333332 0.020833333333333332
0 0.9537760416666666 0.080078125 0.01953125 0.016927083333333332
0 0.8333333333333334 0.032552083333333336 0.020833333333333332 0.020833333333333332
0 0.810546875 0.11328125 0.014322916666666666 0.018229166666666668
0 0.7376302083333334 0.029947916666666668 0.040364583333333336 0.041666666666666664
0 0.76953125 0.3020833333333333 0.020833333333333332 0.020833333333333332
0 0.84765625 0.359375 0.018229166666666668 0.015625
0 0.6569010416666666 0.1328125 0.016927083333333332 0.015625
0 0.642578125 0.19596354166666666 0.014322916666666666 0.014322916666666666
0 0.615234375 0.07877604166666667 0.016927083333333332 0.016927083333333332
0 0.5872395833333334 0.07877604166666667 0.015625 0.016927083333333332
0 0.51171875 0.15169270833333334 0.015625 0.01953125
0 0.7643229166666666 0.6067708333333334 0.020833333333333332 0.0234375
0 0.62890625 0.4368489583333333 0.015625 0.01953125
0 0.70703125 0.6861979166666666 0.018229166666666668 0.015625
0 0.6380208333333334 0.6015625 0.018229166666666668 0.015625
0 0.6731770833333334 0.9615885416666666 0.028645833333333332 0.029947916666666668
0 0.5188802083333334 0.23958333333333334 0.009114583333333334 0.013020833333333334
0 0.2819010416666667 0.3587239583333333 0.022135416666666668 0.022135416666666668
0 0.24739583333333334 0.11197916666666667 0.015625 0.018229166666666668
0 0.7298177083333334 0.8600260416666666 0.016927083333333332 0.014322916666666666
0 0.08072916666666667 0.4876302083333333 0.020833333333333332 0.022135416666666668
0 0.3040364583333333 0.7610677083333334 0.016927083333333332 0.016927083333333332
0 0.302734375 0.6477864583333334 0.01171875 0.01171875
0 0.3776041666666667 0.21940104166666666 0.013020833333333334 0.009114583333333334
0 0.6393229166666666 0.9440104166666666 0.018229166666666668 0.015625
0 0.20963541666666666 0.8776041666666666 0.013020833333333334 0.010416666666666666
0 0.06380208333333333 0.958984375 0.015625 0.014322916666666666
0 0.041015625 0.3313802083333333 0.01171875 0.01171875
0 0.4921875 0.279296875 0.010416666666666666 0.01171875
0 0.775390625 0.77734375 0.009114583333333334 0.013020833333333334
0 0.455078125 0.8671875 0.016927083333333332 0.013020833333333334
0 0.4798177083333333 0.8958333333333334 0.022135416666666668 0.020833333333333332
0 0.5240885416666666 0.390625 0.07161458333333333 0.07291666666666667
0 0.8001302083333334 0.036458333333333336 0.009114583333333334 0.010416666666666666
0 0.7252604166666666 0.06640625 0.013020833333333334 0.013020833333333334
0 0.7076822916666666 0.5813802083333334 0.016927083333333332 0.014322916666666666
0 0.267578125 0.7630208333333334 0.01171875 0.013020833333333334
0 0.21809895833333334 0.7845052083333334 0.01171875 0.014322916666666666
0 0.30859375 0.6276041666666666 0.010416666666666666 0.010416666666666666
0 0.6256510416666666 0.7096354166666666 0.009114583333333334 0.010416666666666666
0 0.53125 0.93359375 0.013020833333333334 0.010416666666666666
0 0.9361979166666666 0.8470052083333334 0.010416666666666666 0.01171875
0 0.17252604166666666 0.017578125 0.009114583333333334 0.009114583333333334
0 0.5143229166666666 0.09309895833333333 0.0078125 0.009114583333333334
0 0.08268229166666667 0.2591145833333333 0.009114583333333334 0.010416666666666666