0 0.7265625 0.22135416666666666 0.13020833333333334 0.11197916666666667
0 0.2864583333333333 0.201171875 0.06510416666666667 0.061197916666666664
0 0.016276041666666668 0.2421875 0.01953125 0.020833333333333332
0 0.2799479166666667 0.53515625 0.2604166666666667 0.22916666666666666
0 0.2532552083333333 0.6321614583333334 0.01953125 0.014322916666666666
0 0.142578125 0.6673177083333334 0.014322916666666666 0.014322916666666666
0 0.53515625 0.77734375 0.026041666666666668 0.020833333333333332
0 0.4694010416666667 0.8352864583333334 0.022135416666666668 0.01953125
0 0.3802083333333333 0.045572916666666664 0.018229166666666668 0.018229166666666668
0 0.3958333333333333 0.23763020833333334 0.018229166666666668 0.016927083333333332
0 0.15494791666666666 0.07291666666666667 0.1875 0.14322916666666666
0 0.9407552083333334 0.091796875 0.11067708333333333 0.11067708333333333
0 0.9733072916666666 0.498046875 0.040364583333333336 0.032552083333333336
0 0.7838541666666666 0.3287760416666667 0.015625 0.016927083333333332
0 0.6536458333333334 0.8125 0.020833333333333332 0.020833333333333332
0 0.69921875 0.8600260416666666 0.08072916666666667 0.06640625
0 0.7220052083333334 0.923828125 0.01953125 0.022135416666666668
0 0.5442708333333334 0.9596354166666666 0.09895833333333333 0.078125
0 0.8287760416666666 0.9361979166666666 0.01953125 0.018229166666666668
0 0.3873697916666667 0.07421875 0.01953125 0.018229166666666668
0 0.06640625 0.15559895833333334 0.015625 0.016927083333333332
0 0.7962239583333334 0.6028645833333334 0.016927083333333332 0.015625
0 0.5234375 0.326171875 0.015625 0.016927083333333332
0 0.6490885416666666 0.3131510416666667 0.01171875 0.016927083333333332
0 0.11393229166666667 0.5559895833333334 0.01953125 0.015625
0 0.107421875 0.5690104166666666 0.022135416666666668 0.013020833333333334
0 0.23893229166666666 0.41796875 0.014322916666666666 0.013020833333333334
0 0.26953125 0.373046875 0.015625 0.014322916666666666
0 0.3125 0.380859375 0.013020833333333334 0.01171875
0 0.5279947916666666 0.5846354166666666 0.014322916666666666 0.013020833333333334
0 0.5384114583333334 0.7975260416666666 0.01953125 0.016927083333333332