0 0.11197916666666667 0.3736979166666667 0.22395833333333334 0.24348958333333334
0 0.7102864583333334 0.7194010416666666 0.13932291666666666 0.14973958333333334
0 0.62109375 0.7962239583333334 0.032552083333333336 0.036458333333333336
0 0.771484375 0.7513020833333334 0.01953125 0.022135416666666668
0 0.7760416666666666 0.7838541666666666 0.010416666666666666 0.01171875
0 0.7591145833333334 0.6712239583333334 0.015625 0.01953125
0 0.7897135416666666 0.962890625 0.07682291666666667 0.07421875
0 0.12434895833333333 0.8671875 0.15885416666666666 0.19140625
0 0.052734375 0.564453125 0.10546875 0.11067708333333333
0 0.3190104166666667 0.5872395833333334 0.06901041666666667 0.07161458333333333
0 0.9641927083333334 0.13736979166666666 0.07161458333333333 0.09244791666666667
0 0.44921875 0.3365885416666667 0.14453125 0.15364583333333334
0 0.4134114583333333 0.3854166666666667 0.028645833333333332 0.028645833333333332
0 0.6087239583333334 0.5944010416666666 0.041666666666666664 0.041666666666666664
0 0.6608072916666666 0.51171875 0.03515625 0.028645833333333332
0 0.03125 0.017578125 0.0625 0.03515625
0 0.3216145833333333 0.736328125 0.0625 0.06640625
0 0.16731770833333334 0.990234375 0.048177083333333336 0.01953125
0 0.016276041666666668 0.78125 0.032552083333333336 0.057291666666666664
0 0.16145833333333334 0.6360677083333334 0.04296875 0.040364583333333336
0 0.171875 0.6106770833333334 0.028645833333333332 0.028645833333333332
0 0.66015625 0.15169270833333334 0.13411458333333334 0.140625
0 0.9739583333333334 0.8932291666666666 0.052083333333333336 0.06510416666666667
0 0.9765625 0.9811197916666666 0.041666666666666664 0.037760416666666664
0 0.654296875 0.9264322916666666 0.044270833333333336 0.045572916666666664
0 0.9264322916666666 0.7311197916666666 0.06380208333333333 0.049479166666666664
0 0.9459635416666666 0.7415364583333334 0.022135416666666668 0.022135416666666668
0 0.9108072916666666 0.8717447916666666 0.02734375 0.029947916666666668
0 0.8756510416666666 0.9375 0.020833333333333332 0.024739583333333332
0 0.927734375 0.8997395833333334 0.020833333333333332 0.020833333333333332
0 0.65234375 0.99609375 0.044270833333333336 0.0078125
0 0.4680989583333333 0.9778645833333334 0.20963541666666666 0.044270833333333336
0 0.6705729166666666 0.5846354166666666 0.08854166666666667 0.08203125
0 0.634765625 0.564453125 0.0234375 0.024739583333333332
0 0.5416666666666666 0.5520833333333334 0.028645833333333332 0.02734375
0 0.4407552083333333 0.4440104166666667 0.046875 0.040364583333333336
0 0.4830729166666667 0.427734375 0.01953125 0.022135416666666668
0 0.4661458333333333 0.5442708333333334 0.02734375 0.0234375
0 0.439453125 0.5078125 0.018229166666666668 0.016927083333333332
0 0.45703125 0.5149739583333334 0.0234375 0.01953125
0 0.5338541666666666 0.9498697916666666 0.0234375 0.01953125