0 0.20377604166666666 0.5 0.4075520833333333 1
0 0.7291666666666666 0.5709635416666666 0.5416666666666666 0.7747395833333334
0 0.5 0.9609375 0.14583333333333334 0.078125
0 0.5551953125 0.20934895833333333 0.053177083333333375 0.040598958333333345
0 0.5046354166666666 0.2991927083333333 0.0244140625 0.02930989583333332
0 0.46019531249999995 0.32255208333333335 0.03390624999999995 0.0355208333333333
0 0.9115234375 0.05605468750000001 0.016419270833333204 0.01759114583333334
0 0.5841145833333333 0.02932291666666666 0.024205729166666707 0.027760416666666662
0 0.388203125 0.15203124999999998 0.014348958333333309 0.015677083333333324
0 0.4240885416666667 0.13998697916666666 0.019557291666666643 0.02052083333333332
0 0.3899739583333333 0.007161458333333333 0.022135416666666668 0.014322916666666666
0 0.6862239583333333 0.130234375 0.017213541666666703 0.01837239583333335
0 0.9100781250000001 0.09483072916666668 0.016888020833333368 0.01701822916666666
0 0.7536588541666666 0.036302083333333325 0.021861979166666618 0.018593750000000003
0 0.7386067708333334 0.061354166666666675 0.020703125000000117 0.01661458333333334
0 0.7165755208333334 0.08615885416666665 0.023867187499999904 0.027161458333333343
0 0.6826041666666667 0.06894531249999998 0.024453124999999964 0.023098958333333326
0 0.8215755208333334 0.9721223958333334 0.015911458333333368 0.02101562500000013
0 0.7460677083333334 0.9924088541666666 0.010625000000000107 0.012330729166666702
0 0.957890625 0.938125 0.021601562499999893 0.02596354166666674
0 0.958125 0.21412760416666665 0.019973958333333226 0.02154947916666668
0 0.413984375 0.5472916666666666 0.015039062499999941 0.013424479166666595
0 0.41626302083333333 0.5123828125 0.029986979166666632 0.02695312500000006
0 0.4036979166666667 0.42947916666666663 0.020481770833333357 0.017369791666666707
0 0.41799479166666664 0.4744661458333333 0.017851562500000046 0.016184895833333268
0 0.3465885416666667 0.10790364583333334 0.01563802083333332 0.017460937499999996