0 0.9036458333333334 0.2584635416666667 0.044270833333333336 0.04296875
0 0.6920572916666666 0.11067708333333333 0.014322916666666666 0.026041666666666668
0 0.6341145833333334 0.08919270833333333 0.026041666666666668 0.022135416666666668
0 0.5319010416666666 0.042317708333333336 0.01953125 0.01953125
0 0.4967447916666667 0.509765625 0.024739583333333332 0.024739583333333332
0 0.5735677083333334 0.7486979166666666 0.03515625 0.026041666666666668
0 0.5462239583333334 0.96875 0.01953125 0.018229166666666668
0 0.4563802083333333 0.8997395833333334 0.016927083333333332 0.015625
0 0.15364583333333334 0.88671875 0.015625 0.015625
0 0.58203125 0.9674479166666666 0.026041666666666668 0.03125
0 0.890625 0.525390625 0.0078125 0.016927083333333332
0 0.028645833333333332 0.8854166666666666 0.013020833333333334 0.013020833333333334
0 0.059895833333333336 0.384765625 0.013020833333333334 0.01171875
0 0.6451822916666666 0.3190104166666667 0.016927083333333332 0.013020833333333334
0 0.875 0.4817708333333333 0.013020833333333334 0.013020833333333334