0 0.10015869140625 0.5615234375 0.00867462158203125 0.00916290283203125
0 0.5068359375 0.423095703125 0.01016998291015625 0.01094818115234375
0 0.20068359375 0.40234375 0.010986328125 0.01090240478515625
0 0.299560546875 0.39111328125 0.00861358642578125 0.00885009765625
0 0.336669921875 0.78271484375 0.00919342041015625 0.00945281982421875
0 0.1583251953125 0.515625 0.005552221227575223 0.0057505854853877976
0 0.55517578125 0.65625 0.02947998046875 0.0310821533203125
0 0.057373046875 0.26220703125 0.01214599609375 0.01267242431640625
0 0.8671875 0.422119140625 0.00955963134765625 0.00989532470703125
0 0.85205078125 0.50732421875 0.0053233393916377976 0.0056208857783565476
0 0.06854248046875 0.65185546875 0.00971221923828125 0.009857177734375
0 0.79150390625 0.87451171875 0.00891876220703125 0.00926971435546875
0 0.1177978515625 0.2257080078125 0.00926971435546875 0.00908660888671875
0 0.408447265625 0.306884765625 0.01374053955078125 0.013427734375
0 0.271240234375 0.8359375 0.005262304235387723 0.0055217036494502976
0 0.88525390625 0.7607421875 0.0083770751953125 0.00933837890625
0 0.0574951171875 0.23583984375 0.009674072265625 0.00981903076171875
0 0.289306640625 0.310546875 0.0328369140625 0.03033447265625
0 0.60595703125 0.6279296875 0.0055522212275752976 0.0054530390986690476
0 0.5205078125 0.361328125 0.0050105342158565476 0.0055827388057002976
0 0.71923828125 0.66796875 0.0082855224609375 0.00885009765625
0 0.37646484375 0.34716796875 0.0056514033564815476 0.0057811030635127976
0 0.287841796875 0.465576171875 0.00809478759765625 0.00881195068359375
0 0.384033203125 0.5048828125 0.0052012690791377976 0.0055217036494502976
0 0.490966796875 0.82421875 0.0116424560546875 0.0125732421875
0 0.10540771484375 0.2034912109375 0.0106964111328125 0.0106964111328125
0 0.2413330078125 0.80615234375 0.004831243444372098 0.0057200679072627976
0 0.2880859375 0.822265625 0.005201269079137723 0.0055522212275752976
0 0.090087890625 0.70556640625 0.004949499059606473 0.0054225215205440476
0 0.79931640625 0.34130859375 0.0186920166015625 0.018798828125
0 0.81201171875 0.7744140625 0.0089874267578125 0.0094146728515625
0 0.363525390625 0.45703125 0.0042819270381221726 0.0048617610224971726
0 0.38330078125 0.207275390625 0.013275146484375 0.01229095458984375
0 0.6259765625 0.6572265625 0.0052623042353877976 0.0055217036494502976
0 0.230712890625 0.07891845703125 0.0110321044921875 0.01073455810546875
0 0.80419921875 0.5419921875 0.01090240478515625 0.010986328125
0 0.7119140625 0.75830078125 0.0044535884150752976 0.0052317866572627976
0 0.1087646484375 0.69384765625 0.004064489293981473 0.0046252497920284226
0 0.99169921875 0.7265625 0.0161590576171875 0.0251312255859375
0 0.21240234375 0.4775390625 0.056640625 0.04620361328125
0 0.05560302734375 0.07147216796875 0.0092315673828125 0.0095977783203125
0 0.92236328125 0.59130859375 0.0162811279296875 0.015899658203125
0 0.5185546875 0.2313232421875 0.02069091796875 0.0201416015625
0 0.09136962890625 0.63134765625 0.029083251953125 0.033203125
0 0.1431884765625 0.79443359375 0.0125274658203125 0.0131683349609375
0 0.27001953125 0.78271484375 0.004655767370153348 0.0056208857783565476
0 0.6064453125 0.91943359375 0.01763916015625 0.018829345703125
0 0.3671875 0.59130859375 0.0041178950557002976 0.0047740229853877976
0 0.0060272216796875 0.82958984375 0.004339147497106482 0.0055217036494502976
0 0.669921875 0.56396484375 0.0045680293330440476 0.0054530390986690476
0 0.15576171875 0.8046875 0.01483917236328125 0.01525115966796875
0 0.2083740234375 0.68310546875 0.0101318359375 0.010528564453125
0 0.7734375 0.8515625 0.0045108088740596726 0.0054225215205440476
0 0.6767578125 0.3701171875 0.019683837890625 0.0196380615234375
0 0.56103515625 0.83203125 0.0042552241572627976 0.0049494990596065476
0 0.283447265625 0.609375 0.004537511754918973 0.0050715693721065476
0 0.340087890625 0.8984375 0.003644872594762797 0.0042018183955440476
0 0.31005859375 0.5751953125 0.0037478694209345984 0.0045108088740596726
0 0.5703125 0.80126953125 0.01450347900390625 0.01519012451171875
0 0.1175537109375 0.6796875 0.0032977351435908484 0.0042552241572627976
0 0.54052734375 0.10357666015625 0.01107025146484375 0.0129241943359375
0 0.7265625 0.734375 0.0079345703125 0.00905609130859375
0 0.6904296875 0.9794921875 0.01282501220703125 0.01467132568359375
0 0.0287628173828125 0.68505859375 0.0044802912959346075 0.0050410517939815476
0 0.1531982421875 0.281494140625 0.0567626953125 0.0567626953125
0 0.2027587890625 0.677734375 0.0197906494140625 0.021087646484375
0 0.348876953125 0.63330078125 0.00981903076171875 0.01049041748046875
0 0.7138671875 0.83251953125 0.0040911921748409226 0.0052928218135127976
0 0.71826171875 0.9384765625 0.0103302001953125 0.010406494140625
0 0.255615234375 0.8779296875 0.004117895055700223 0.0049494990596065476
0 0.87109375 0.91064453125 0.007404327392578125 0.00971221923828125
0 0.19482421875 0.248046875 0.0087127685546875 0.007904052734375
0 0.460205078125 0.4736328125 0.0090179443359375 0.0089874267578125
0 0.006717681884765625 0.92333984375 0.013275146484375 0.0211181640625
0 0.54443359375 0.91162109375 0.0040110835322627976 0.0049189814814815476
0 0.6005859375 0.85986328125 0.0039843806514034226 0.0045947322139034226
0 0.857421875 0.336669921875 0.0042819270381221726 0.0047435054072627976
0 0.173583984375 0.328857421875 0.0037974604853877234 0.004655767370153348