0 0.3033854166666667 0.7037760416666666 0.026041666666666668 0.032552083333333336
0 0.486328125 0.9498697916666666 0.11588541666666667 0.08723958333333333
0 0.11458333333333333 0.7779947916666666 0.14322916666666666 0.14453125
0 0.06640625 0.8756510416666666 0.044270833333333336 0.037760416666666664
0 0.6966145833333334 0.89453125 0.08072916666666667 0.07552083333333333
0 0.8079427083333334 0.9733072916666666 0.01953125 0.014322916666666666
0 0.8763020833333334 0.83984375 0.046875 0.044270833333333336
0 0.5970052083333334 0.705078125 0.024739583333333332 0.024739583333333332
0 0.517578125 0.6126302083333334 0.13932291666666666 0.12369791666666667
0 0.3704427083333333 0.6126302083333334 0.08723958333333333 0.08463541666666667
0 0.5266927083333334 0.4303385416666667 0.06901041666666667 0.05859375
0 0.599609375 0.376953125 0.11067708333333333 0.10026041666666667
0 0.052083333333333336 0.806640625 0.010416666666666666 0.016927083333333332
0 0.7630208333333334 0.8079427083333334 0.020833333333333332 0.01953125
0 0.953125 0.8522135416666666 0.09375 0.14973958333333334
0 0.8365885416666666 0.4153645833333333 0.02734375 0.028645833333333332
0 0.7434895833333334 0.2565104166666667 0.07291666666666667 0.07552083333333333
0 0.7330729166666666 0.4095052083333333 0.026041666666666668 0.022135416666666668
0 0.853515625 0.14583333333333334 0.045572916666666664 0.0390625
0 0.20052083333333334 0.263671875 0.06510416666666667 0.06380208333333333
0 0.6341145833333334 0.142578125 0.0234375 0.022135416666666668
0 0.6067708333333334 0.158203125 0.018229166666666668 0.014322916666666666
0 0.4798177083333333 0.3678385416666667 0.02734375 0.024739583333333332
0 0.8600260416666666 0.3515625 0.01953125 0.020833333333333332
0 0.8665364583333334 0.3880208333333333 0.01953125 0.020833333333333332
0 0.96484375 0.3333333333333333 0.044270833333333336 0.0390625
0 0.9791666666666666 0.3717447916666667 0.0234375 0.01953125
0 0.6946614583333334 0.09375 0.01953125 0.015625
0 0.6686197916666666 0.1875 0.053385416666666664 0.046875
0 0.4270833333333333 0.2643229166666667 0.013020833333333334 0.013020833333333334
0 0.3170572916666667 0.15690104166666666 0.23307291666666666 0.21484375
0 0.054036458333333336 0.049479166666666664 0.10546875 0.09895833333333333
0 0.14322916666666666 0.318359375 0.015625 0.016927083333333332
0 0.4420572916666667 0.7610677083333334 0.048177083333333336 0.048177083333333336
0 0.7447916666666666 0.3248697916666667 0.015625 0.016927083333333332
0 0.7220052083333334 0.8033854166666666 0.022135416666666668 0.015625
0 0.7239583333333334 0.7708333333333334 0.018229166666666668 0.015625
0 0.431640625 0.6516927083333334 0.014322916666666666 0.014322916666666666
0 0.5325520833333334 0.341796875 0.018229166666666668 0.016927083333333332
0 0.59375 0.302734375 0.018229166666666668 0.01171875
0 0.16796875 0.3665364583333333 0.018229166666666668 0.014322916666666666
0 0.462890625 0.008463541666666666 0.016927083333333332 0.016927083333333332