0 0.357421875 0.173828125 0.045572916666666664 0.05078125
0 0.13997395833333334 0.3098958333333333 0.045572916666666664 0.0390625
0 0.052734375 0.341796875 0.024739583333333332 0.024739583333333332
0 0.11002604166666667 0.45703125 0.06901041666666667 0.07291666666666667
0 0.2565104166666667 0.5533854166666666 0.020833333333333332 0.020833333333333332
0 0.4095052083333333 0.408203125 0.07682291666666667 0.07942708333333333
0 0.10026041666666667 0.099609375 0.015625 0.014322916666666666
0 0.13802083333333334 0.107421875 0.015625 0.014322916666666666
0 0.19921875 0.09309895833333333 0.06770833333333333 0.07421875
0 0.022135416666666668 0.041666666666666664 0.018229166666666668 0.015625
0 0.3763020833333333 0.5520833333333334 0.041666666666666664 0.036458333333333336
0 0.53125 0.4381510416666667 0.03125 0.024739583333333332
0 0.19856770833333334 0.6927083333333334 0.2799479166666667 0.2630208333333333
0 0.130859375 0.8111979166666666 0.016927083333333332 0.015625
0 0.361328125 0.7682291666666666 0.032552083333333336 0.028645833333333332
0 0.4700520833333333 0.5963541666666666 0.020833333333333332 0.018229166666666668
0 0.6380208333333334 0.4446614583333333 0.018229166666666668 0.016927083333333332
0 0.8854166666666666 0.3522135416666667 0.026041666666666668 0.032552083333333336
0 0.6940104166666666 0.9798177083333334 0.036458333333333336 0.03515625
0 0.22330729166666666 0.9680989583333334 0.037760416666666664 0.02734375
0 0.8430989583333334 0.4947916666666667 0.01953125 0.020833333333333332
0 0.2903645833333333 0.13541666666666666 0.015625 0.015625
0 0.16796875 0.015625 0.015625 0.013020833333333334
0 0.5885416666666666 0.3587239583333333 0.015625 0.016927083333333332
0 0.587890625 0.6276041666666666 0.014322916666666666 0.013020833333333334
0 0.19010416666666666 0.9680989583333334 0.010416666666666666 0.009114583333333334
0 0.19921875 0.935546875 0.010416666666666666 0.01171875
0 0.22135416666666666 0.9147135416666666 0.013020833333333334 0.01171875
0 0.22916666666666666 0.8873697916666666 0.013020833333333334 0.01171875
0 0.4309895833333333 0.865234375 0.010416666666666666 0.009114583333333334
0 0.505859375 0.4837239583333333 0.022135416666666668 0.01953125
0 0.6842447916666666 0.4466145833333333 0.014322916666666666 0.015625
0 0.26953125 0.4713541666666667 0.013020833333333334 0.013020833333333334
0 0.255859375 0.4505208333333333 0.01171875 0.010416666666666666
0 0.051432291666666664 0.19791666666666666 0.01171875 0.013020833333333334
0 0.044270833333333336 0.042317708333333336 0.010416666666666666 0.009114583333333334
0 0.01171875 0.17513020833333334 0.010416666666666666 0.009114583333333334
0 0.22526041666666666 0.07552083333333333 0.010416666666666666 0.010416666666666666
0 0.546875 0.018880208333333332 0.010416666666666666 0.01171875
0 0.7649739583333334 0.3033854166666667 0.014322916666666666 0.013020833333333334
0 0.71484375 0.2552083333333333 0.010416666666666666 0.0078125
0 0.9563802083333334 0.21809895833333334 0.009114583333333334 0.01171875
0 0.9713541666666666 0.6393229166666666 0.013020833333333334 0.013020833333333334
0 0.9817708333333334 0.7838541666666666 0.013020833333333334 0.013020833333333334
0 0.9225260416666666 0.7584635416666666 0.009114583333333334 0.01171875
0 0.9733072916666666 0.185546875 0.01171875 0.014322916666666666
0 0.701171875 0.005859375 0.016927083333333332 0.009114583333333334
0 0.216796875 0.8131510416666666 0.022135416666666668 0.01953125
0 0.044270833333333336 0.6901041666666666 0.013020833333333334 0.013020833333333334
0 0.7799479166666666 0.0859375 0.013020833333333334 0.013020833333333334