0 0.9127604166666666 0.40625 0.020833333333333332 0.020833333333333332
0 0.126953125 0.94140625 0.01953125 0.020833333333333332
0 0.498046875 0.9954427083333334 0.022135416666666668 0.009114583333333334
0 0.744140625 0.962890625 0.020833333333333332 0.022135416666666668
0 0.9889322916666666 0.361328125 0.022135416666666668 0.0234375
0 0.447265625 0.3229166666666667 0.01953125 0.01953125
0 0.490234375 0.7434895833333334 0.024739583333333332 0.026041666666666668
0 0.11197916666666667 0.8567708333333334 0.020833333333333332 0.022135416666666668
0 0.712890625 0.525390625 0.024739583333333332 0.026041666666666668
0 0.80078125 0.330078125 0.020833333333333332 0.020833333333333332
0 0.79296875 0.6354166666666666 0.024739583333333332 0.0234375
0 0.3365885416666667 0.9108072916666666 0.022135416666666668 0.022135416666666668
0 0.923828125 0.053385416666666664 0.0234375 0.0234375
0 0.6770833333333334 0.875 0.022135416666666668 0.022135416666666668
0 0.3333333333333333 0.7630208333333334 0.0234375 0.0234375
0 0.6243489583333334 0.8463541666666666 0.020833333333333332 0.0234375
0 0.12825520833333334 0.6783854166666666 0.01953125 0.01953125
0 0.016927083333333332 0.7994791666666666 0.020833333333333332 0.018229166666666668
0 0.537109375 0.22135416666666666 0.022135416666666668 0.022135416666666668
0 0.9407552083333334 0.9225260416666666 0.040364583333333336 0.040364583333333336
0 0.6549479166666666 0.053385416666666664 0.032552083333333336 0.032552083333333336
0 0.7376302083333334 0.3990885416666667 0.026041666666666668 0.028645833333333332
0 0.20963540666666666 0.3092447916666667 0.4192708333333333 0.6184895833333334