0 0.044270833333333336 0.6236979166666666 0.020833333333333332 0.020833333333333332
0 0.13606770833333334 0.8587239583333334 0.04296875 0.032552083333333336
0 0.279296875 0.9309895833333334 0.07421875 0.08333333333333333
0 0.3671875 0.9609375 0.036458333333333336 0.0390625
0 0.4505208333333333 0.8326822916666666 0.044270833333333336 0.04296875
0 0.484375 0.8287760416666666 0.020833333333333332 0.022135416666666668
0 0.494140625 0.6549479166666666 0.06901041666666667 0.07552083333333333
0 0.5924479166666666 0.7037760416666666 0.13541666666666666 0.14973958333333334
0 0.7923177083333334 0.9674479166666666 0.024739583333333332 0.026041666666666668
0 0.8274739583333334 0.7265625 0.01953125 0.026041666666666668
0 0.86328125 0.7578125 0.06510416666666667 0.06770833333333333
0 0.7526041666666666 0.40625 0.0390625 0.041666666666666664
0 0.4440104166666667 0.5696614583333334 0.020833333333333332 0.02734375
0 0.4127604166666667 0.6432291666666666 0.015625 0.015625
0 0.3678385416666667 0.18619791666666666 0.022135416666666668 0.013020833333333334
0 0.4485677083333333 0.20182291666666666 0.3736979166666667 0.3463541666666667
0 0.46484375 0.3958333333333333 0.028645833333333332 0.03125
0 0.541015625 0.3776041666666667 0.08463541666666667 0.0703125
0 0.662109375 0.2630208333333333 0.02734375 0.028645833333333332
0 0.8020833333333334 0.17317708333333334 0.026041666666666668 0.026041666666666668
0 0.9283854166666666 0.4186197916666667 0.026041666666666668 0.024739583333333332
0 0.9765625 0.3880208333333333 0.0234375 0.026041666666666668
0 0.17317708333333334 0.5377604166666666 0.10416666666666667 0.1171875
0 0.07291666666666667 0.11067708333333333 0.020833333333333332 0.020833333333333332
0 0.5149739583333334 0.9140625 0.09505208333333333 0.09375
0 0.18815104166666666 0.7591145833333334 0.01953125 0.020833333333333332
0 0.5247395833333334 0.17838541666666666 0.018229166666666668 0.015625
0 0.7819010416666666 0.034505208333333336 0.01953125 0.016927083333333332
0 0.15885416666666666 0.6653645833333334 0.010416666666666666 0.013020833333333334
0 0.173828125 0.6940104166666666 0.009114583333333334 0.010416666666666666
0 0.13541666666666666 0.4427083333333333 0.015625 0.015625
0 0.18294270833333334 0.4778645833333333 0.01171875 0.010416666666666666
0 0.22526041666666666 0.8665364583333334 0.0078125 0.009114583333333334
0 0.26953125 0.7180989583333334 0.0078125 0.009114583333333334
0 0.599609375 0.5930989583333334 0.01171875 0.01171875
0 0.654296875 0.4993489583333333 0.01171875 0.014322916666666666
0 0.7805989583333334 0.794921875 0.009114583333333334 0.009114583333333334
0 0.7220052083333334 0.9459635416666666 0.014322916666666666 0.014322916666666666