0 0.36303385416666667 0.46997395833333333 0.01036458333333338 0.010130208333333298
0 0.31592447916666666 0.25561197916666667 0.011875000000000005 0.011328124999999986
0 0.423828125 0.33764322916666667 0.012968750000000048 0.012148437500000017
0 0.5322265625 0.39526041666666667 0.010169270833333263 0.009895833333333362
0 0.5151432291666667 0.31470052083333333 0.010781249999999964 0.010651041666666675
0 0.6904296875 0.15772135416666666 0.01151041666666656 0.01095052083333333
0 0.3564453125 0.37842447916666666 0.010169270833333263 0.009934895833333327
0 0.43725260416666667 0.06903645833333334 0.010572916666666673 0.01001302083333333
0 0.06854166666666667 0.8256901041666667 0.009479166666666669 0.009335937500000094
0 0.1474609375 0.37158854166666666 0.016093750000000018 0.014895833333333405
0 0.29955729166666667 0.8139713541666667 0.009895833333333362 0.010169270833333263
0 0.40454427083333333 0.44263020833333333 0.009453124999999988 0.009414062500000023
0 0.6123046875 0.53125 0.010729166666666679 0.010820312499999929
0 0.1923828125 0.33643229166666666 0.0141145833333333 0.013632812500000036
0 0.04876302083333334 0.33252604166666666 0.012096354166666656 0.011822916666666683
0 0.05389322916666667 0.4482421875 0.013593749999999996 0.012630208333333393
0 0.31420572916666667 0.736328125 0.005325520833333301 0.005677083333333203
0 0.24072916666666666 0.35596354166666666 0.01799479166666666 0.017578125
0 0.6313541666666667 0.49486979166666667 0.012187500000000018 0.012148437500000053
0 0.6376953125 0.7036197916666667 0.01191406249999997 0.011783854166666607
0 0.8754947916666667 0.7397526041666667 0.012291666666666737 0.012148437499999906
0 0.544921875 0.1206640625 0.011289062499999947 0.010690104166666678
0 0.0391796875 0.38208333333333333 0.010286458333333331 0.009934895833333327
0 0.13623697916666666 0.7690494791666667 0.01248697916666667 0.011874999999999858
0 0.24377604166666667 0.64453125 0.011328124999999986 0.010950520833333291
0 0.90625 0.853515625 0.01200520833333337 0.01218749999999987
0 0.210078125 0.7451171875 0.009934895833333327 0.009817708333333286
0 0.33643229166666666 0.5693359375 0.02442708333333332 0.024088541666666668
0 0.03240885416666667 0.8154296875 0.00977864583333333 0.010130208333333298
0 0.7045963541666667 0.7666015625 0.012421874999999952 0.012291666666666737
0 0.7251041666666667 0.7143619791666667 0.014895833333333405 0.014505208333333464
0 0.8447265625 0.31177083333333333 0.008815104166666643 0.008854166666666682
0 0.31397135416666666 0.6108463541666667 0.010859374999999968 0.01024739583333334
0 0.5454166666666667 0.30688802083333333 0.009023437499999934 0.008671875000000032
0 0.27807291666666667 0.7319401041666667 0.010403645833333345 0.010729166666666679
0 0.5991276041666667 0.08569010416666667 0.011549479166666673 0.010690104166666678
0 0.7802734375 0.25415364583333333 0.01307291666666662 0.012721354166666643
0 0.33618489583333333 0.020716145833333335 0.018398437499999993 0.017239583333333336
0 0.603515625 0.12127604166666667 0.010989583333333405 0.010364583333333344
0 0.24279947916666667 0.8247135416666667 0.015013020833333298 0.014674479166666643
0 0.8232421875 0.6967838541666667 0.011822916666666572 0.011197916666666549
0 0.9047916666666667 0.7905338541666667 0.01209635416666662 0.011692708333333357
0 0.42139322916666666 0.74609375 0.010611979166666638 0.011549479166666524
0 0.640625 0.43432291666666667 0.00947916666666663 0.009557291666666709
0 0.47924479166666667 0.853515625 0.022669270833333293 0.022317708333333464
0 0.25342447916666666 0.8681640625 0.013333333333333345 0.012864583333333476
0 0.3740234375 0.97265625 0.010781249999999964 0.010572916666666524
0 0.607421875 0.7143619791666667 0.01182291666666672 0.012968750000000048
0 0.5649479166666667 0.9301822916666667 0.017721354166666686 0.01804687499999987
0 0.16358072916666666 0.30786458333333333 0.013372395833333328 0.014231770833333343
0 0.0913671875 0.25024739583333333 0.010859375000000004 0.010325520833333343
0 0.5297916666666667 0.5673828125 0.010286458333333304 0.010325520833333268
0 0.8090885416666667 0.6396484375 0.011601562500000107 0.011601562499999959
0 0.748046875 0.17248697916666667 0.0864843750000001 0.08239583333333335
0 0.04921875 0.41651041666666666 0.018880208333333332 0.017851562500000046
0 0.22204427083333333 0.052434895833333335 0.014010416666666655 0.013020833333333334
0 0.5463932291666667 0.8686588541666667 0.01524739583333338 0.015546875000000071
0 0.012669270833333334 0.27368489583333333 0.014114583333333333 0.013684895833333321
0 0.35912760416666667 0.6225651041666667 0.00927083333333334 0.00916666666666662
0 0.5210026041666667 0.9399479166666667 0.009817708333333286 0.010403645833333345
0 0.7280338541666667 0.8461979166666667 0.01095052083333344 0.010611979166666785
0 0.255859375 0.568359375 0.028216145833333355 0.027591145833333403
0 0.47143229166666667 0.7045963541666667 0.011692708333333357 0.011731770833333321
0 0.145625 0.22522135416666667 0.01169270833333332 0.011601562500000032
0 0.9672916666666667 0.48755208333333333 0.016718749999999893 0.015963541666666654
0 0.09057291666666667 0.9311588541666667 0.004713541666666672 0.005234374999999976
0 0.6010807291666667 0.5961979166666667 0.009973958333333291 0.009856770833333398
0 0.6708984375 0.9384765625 0.005065104166666797 0.00565104166666656
0 0.0668359375 0.779296875 0.0302734375 0.02930989583333332
0 0.7934635416666667 0.3154296875 0.030911458333333346 0.03010416666666667
0 0.8208072916666667 0.9140625 0.007968749999999858 0.008815104166666643
0 0.6733463541666667 0.42358072916666667 0.03567708333333338 0.03683593749999995
0 0.47803385416666666 0.28100260416666667 0.0530989583333333 0.050325520833333304
0 0.39966145833333333 0.8032291666666667 0.04326822916666669 0.03927083333333344
0 0.78515625 0.8442447916666667 0.005104166666666761 0.005286458333333262
0 0.5551822916666667 0.36548177083333333 0.012630208333333393 0.014557291666666602
0 0.8647526041666667 0.5961979166666667 0.01571614583333325 0.016276041666666668
0 0.5200260416666667 0.7958984375 0.017304687499999954 0.01583333333333344
0 0.17346354166666667 0.8442447916666667 0.009778645833333321 0.009934895833333476
0 0.129765625 0.9033203125 0.014114583333333338 0.014388020833333274
0 0.0580078125 0.638671875 0.020416666666666677 0.022083333333333382
0 0.5927734375 0.5844791666666667 0.0843489583333333 0.07501302083333335
0 0.17516927083333333 0.607421875 0.03302083333333335 0.03204427083333335
0 0.030208333333333334 0.9897526041666667 0.03615885416666667 0.019192708333333346
0 0.35108072916666666 0.9233463541666667 0.015481770833333316 0.015429687499999881
0 0.2890625 0.919921875 0.01347656250000003 0.012630208333333393
0 0.21765625 0.23010416666666667 0.01196614583333333 0.012057291666666655
0 0.33959635416666667 0.5234375 0.014010416666666655 0.01445312500000003
0 0.71484375 0.8667057291666667 0.24109375000000002 0.23682291666666652
0 0.34643229166666667 0.7885807291666667 0.005169270833333369 0.0055468749999999884
0 0.4248046875 0.9977083333333333 0.010572916666666673 0.00458333333333331
0 0.4384765625 0.56640625 0.01640625000000003 0.018398437499999993
0 0.8232421875 0.7958984375 0.01710937500000013 0.01455729166666675
0 0.2099609375 0.8662109375 0.026653645833333368 0.024388020833333357
0 0.29760416666666667 0.9765625 0.009127604166666655 0.00985677083333325
0 0.8403385416666667 0.92578125 0.01455729166666675 0.015481770833333464
0 0.869140625 0.9389713541666667 0.004739583333333464 0.0054166666666667735
0 0.6596744791666667 0.517578125 0.020416666666666677 0.01963541666666672
0 0.7124088541666667 0.42578125 0.02881510416666681 0.027955729166666703
0 0.5014713541666667 0.873046875 0.008281250000000018 0.008776041666666679
0 0.185546875 0.42114583333333333 0.01567708333333336 0.019791666666666725
0 0.20276041666666667 0.16651041666666666 0.016093750000000018 0.010729166666666679
0 0.08819010416666667 0.1934765625 0.09057291666666667 0.08477864583333335
0 0.6025390625 0.36572916666666666 0.04401041666666661 0.04559895833333331
0 0.58203125 0.9204166666666667 0.007877604166666607 0.009335937500000094
0 0.48119791666666667 0.6919010416666667 0.22240885416666675 0.2197265625
0 0.9585026041666667 0.8002994791666667 0.0709244791666667 0.07977864583333331
0 0.22595052083333333 0.16479166666666667 0.16235677083333333 0.15772135416666666
0 0.060208333333333336 0.6450260416666667 0.01223958333333334 0.011875000000000005
0 0.22424479166666667 0.5107421875 0.05697916666666666 0.058437499999999996
0 0.18493489583333333 0.595703125 0.0102083333333333 0.009674479166666602
0 0.9801041666666667 0.8178776041666667 0.03979166666666659 0.04787760416666664
0 0.006263020833333333 0.7661197916666667 0.011914062500000001 0.028593750000000046
0 0.7353515625 0.5908203125 0.027630208333333368 0.031197916666666714
0 0.9379947916666667 0.32251302083333333 0.09912760416666651 0.09772135416666665
0 0.5776432291666667 0.08868489583333333 0.15381510416666666 0.1563671875
0 0.08466145833333333 0.19397135416666667 0.011783854166666672 0.01347656250000003
0 0.970703125 0.2459765625 0.04192708333333339 0.05654947916666667
0 0.25122395833333333 0.9954817708333333 0.02342447916666668 0.009023437500000083
0 0.8208072916666667 0.39575520833333333 0.10467447916666679 0.10229166666666674
0 0.6635807291666667 0.9968098958333332 0.014010416666666655 0.006380208333333452
0 0.9829166666666667 0.3046875 0.013020833333333334 0.015195312500000021
0 0.9672916666666667 0.5634765625 0.0631119791666667 0.0773958333333334
0 0.5634765625 0.36548177083333333 0.02606770833333331 0.026914062499999947
0 0.1737109375 0.30395833333333333 0.0302734375 0.03192708333333331
0 0.54296875 0.904296875 0.09332031249999995 0.1050390625000001