0 0.388671875 0.21744791666666666 0.029947916666666668 0.036458333333333336
0 0.049479166666666664 0.6920572916666666 0.09635416666666667 0.14453125
0 0.034505208333333336 0.7109375 0.024739583333333332 0.020833333333333332
0 0.5045572916666666 0.2545572916666667 0.20182291666666666 0.21484375
0 0.310546875 0.474609375 0.032552083333333336 0.03515625
0 0.2890625 0.18098958333333334 0.015625 0.020833333333333332
0 0.435546875 0.06966145833333333 0.024739583333333332 0.02734375
0 0.703125 0.23372395833333334 0.0390625 0.040364583333333336
0 0.66015625 0.5123697916666666 0.03125 0.02734375
0 0.7447916666666666 0.5013020833333334 0.018229166666666668 0.018229166666666668
0 0.701171875 0.6341145833333334 0.029947916666666668 0.0234375
0 0.4375 0.623046875 0.028645833333333332 0.037760416666666664
0 0.4720052083333333 0.64453125 0.016927083333333332 0.015625
0 0.2779947916666667 0.3548177083333333 0.016927083333333332 0.01953125
0 0.7513020833333334 0.3118489583333333 0.015625 0.01953125
0 0.8020833333333334 0.8671875 0.028645833333333332 0.026041666666666668
0 0.9153645833333334 0.5579427083333334 0.020833333333333332 0.024739583333333332
0 0.90625 0.611328125 0.0234375 0.016927083333333332
0 0.8424479166666666 0.8326822916666666 0.018229166666666668 0.022135416666666668
0 0.564453125 0.9635416666666666 0.016927083333333332 0.015625
0 0.849609375 0.09830729166666667 0.01953125 0.01953125
0 0.19205729166666666 0.5690104166666666 0.01953125 0.015625
0 0.814453125 0.9186197916666666 0.014322916666666666 0.01171875
0 0.9440104166666666 0.9368489583333334 0.013020833333333334 0.022135416666666668
0 0.21809895833333334 0.20377604166666666 0.014322916666666666 0.01171875
0 0.008463541666666666 0.9244791666666666 0.014322916666666666 0.0390625
0 0.7389322916666666 0.94921875 0.01171875 0.013020833333333334
0 0.8697916666666666 0.9537760416666666 0.013020833333333334 0.014322916666666666
0 0.326171875 0.5455729166666666 0.014322916666666666 0.013020833333333334
0 0.2552083333333333 0.58984375 0.013020833333333334 0.013020833333333334
0 0.9212239583333334 0.3014322916666667 0.01171875 0.014322916666666666
0 0.111328125 0.22265625 0.014322916666666666 0.013020833333333334
0 0.14192708333333334 0.078125 0.013020833333333334 0.013020833333333334
0 0.16796875 0.09635416666666667 0.013020833333333334 0.013020833333333334
0 0.3177083333333333 0.099609375 0.013020833333333334 0.01171875