0 0.3059895833333333 0.6881510416666666 0.028645833333333332 0.032552083333333336
0 0.07096354166666667 0.5572916666666666 0.016927083333333332 0.0234375
0 0.5169270833333334 0.17122395833333334 0.026041666666666668 0.02734375
0 0.4772135416666667 0.390625 0.016927083333333332 0.0234375
0 0.7213541666666666 0.33203125 0.018229166666666668 0.010416666666666666
0 0.779296875 0.17447916666666666 0.01953125 0.018229166666666668
0 0.302734375 0.62109375 0.016927083333333332 0.018229166666666668
0 0.078125 0.18880208333333334 0.015625 0.010416666666666666
0 0.22200520833333334 0.3600260416666667 0.01171875 0.014322916666666666
0 0.21940104166666666 0.5501302083333334 0.01171875 0.01171875
0 0.7819010416666666 0.7506510416666666 0.009114583333333334 0.01171875
0 0.13997395833333334 0.13932291666666666 0.016927083333333332 0.015625
0 0.6861979166666666 0.7083333333333334 0.013020833333333334 0.013020833333333334
0 0.84375 0.4837239583333333 0.013020833333333334 0.01171875
0 0.24934895833333334 0.673828125 0.014322916666666666 0.016927083333333332
0 0.22265625 0.6614583333333334 0.010416666666666666 0.010416666666666666