0 0.72265625 0.5143229166666666 0.21484375 0.22786458333333334
0 0.21028645833333334 0.4029947916666667 0.25390625 0.2734375
0 0.5970052083333334 0.083984375 0.17317708333333334 0.16796875
0 0.87890625 0.20442708333333334 0.09505208333333333 0.10677083333333333
0 0.421875 0.9322916666666666 0.140625 0.13541666666666666
0 0.9303385416666666 0.7740885416666666 0.10546875 0.10416666666666667
0 0.884765625 0.8515625 0.032552083333333336 0.032552083333333336
0 0.8795572916666666 0.9088541666666666 0.03125 0.028645833333333332
0 0.46875 0.6875 0.045572916666666664 0.0390625
0 0.2545572916666667 0.646484375 0.040364583333333336 0.033854166666666664
0 0.3450520833333333 0.7897135416666666 0.032552083333333336 0.03125
0 0.3352864583333333 0.7571614583333334 0.040364583333333336 0.040364583333333336
0 0.2578125 0.6451822916666666 0.044270833333333336 0.036458333333333336
0 0.16145833333333334 0.638671875 0.036458333333333336 0.037760416666666664
0 0.07421875 0.6627604166666666 0.07552083333333333 0.078125
0 0.17513020833333334 0.798828125 0.045572916666666664 0.037760416666666664
0 0.13541666666666666 0.7408854166666666 0.033854166666666664 0.029947916666666668
0 0.9954427083333334 0.7786458333333334 0.009114583333333334 0.036458333333333336
0 0.09830729166666667 0.24153645833333334 0.19661458333333334 0.30859375
0 0.3483072916666667 0.14388020833333334 0.19401041666666666 0.23177083333333334
0 0.22265625 0.13411458333333334 0.125 0.13411458333333334
0 0.7057291666666666 0.255859375 0.029947916666666668 0.041666666666666664
0 0.564453125 0.267578125 0.032552083333333336 0.028645833333333332
0 0.4830729166666667 0.21744791666666666 0.032552083333333336 0.036458333333333336
0 0.4986979166666667 0.169921875 0.037760416666666664 0.037760416666666664
0 0.44921875 0.4752604166666667 0.033854166666666664 0.0390625
0 0.4388020833333333 0.37890625 0.03515625 0.040364583333333336
0 0.5188802083333334 0.5540364583333334 0.037760416666666664 0.032552083333333336
0 0.5774739583333334 0.4986979166666667 0.029947916666666668 0.029947916666666668
0 0.7669270833333334 0.7473958333333334 0.03125 0.036458333333333336
0 0.7005208333333334 0.7994791666666666 0.028645833333333332 0.028645833333333332
0 0.23828125 0.826171875 0.029947916666666668 0.026041666666666668
0 0.3046875 0.869140625 0.032552083333333336 0.03125
0 0.5091145833333334 0.7532552083333334 0.020833333333333332 0.020833333333333332
0 0.5188802083333334 0.8697916666666666 0.02734375 0.032552083333333336
0 0.9817708333333334 0.5364583333333334 0.036458333333333336 0.044270833333333336
0 0.837890625 0.3671875 0.037760416666666664 0.048177083333333336
0 0.8606770833333334 0.5013020833333334 0.028645833333333332 0.02734375
0 0.6380208333333334 0.24088541666666666 0.024739583333333332 0.03125
0 0.9134114583333334 0.3411458333333333 0.01953125 0.018229166666666668
0 0.9407552083333334 0.3209635416666667 0.016927083333333332 0.01953125
0 0.22395833333333334 0.90234375 0.028645833333333332 0.02734375
0 0.13736979166666666 0.943359375 0.03125 0.028645833333333332
0 0.033203125 0.9915364583333334 0.024739583333333332 0.016927083333333332
0 0.89453125 0.044270833333333336 0.03125 0.032552083333333336
0 0.8736979166666666 0.005859375 0.033854166666666664 0.01171875
0 0.8580729166666666 0.06510416666666667 0.022135416666666668 0.022135416666666668
0 0.07942708333333333 0.008463541666666666 0.026041666666666668 0.016927083333333332