0 0.59375 0.125 0.041666666666666664 0.041666666666666664
0 0.5201822916666666 0.22135416666666666 0.040364583333333336 0.0390625
0 0.447265625 0.3098958333333333 0.02734375 0.028645833333333332
0 0.40234375 0.115234375 0.015625 0.016927083333333332
0 0.14453125 0.2962239583333333 0.036458333333333336 0.032552083333333336
0 0.7024739583333334 0.623046875 0.03515625 0.032552083333333336
0 0.5709635416666666 0.7721354166666666 0.022135416666666668 0.020833333333333332
0 0.361328125 0.5924479166666666 0.01953125 0.026041666666666668
0 0.3170572916666667 0.6731770833333334 0.03515625 0.036458333333333336
0 0.36328125 0.9498697916666666 0.0390625 0.037760416666666664
0 0.047526041666666664 0.833984375 0.02734375 0.032552083333333336
0 0.546875 0.4596354166666667 0.020833333333333332 0.020833333333333332
0 0.783203125 0.1875 0.022135416666666668 0.0234375
0 0.008463541666666666 0.93359375 0.014322916666666666 0.015625
0 0.9622395833333334 0.970703125 0.013020833333333334 0.014322916666666666
0 0.8157552083333334 0.224609375 0.01171875 0.01171875
0 0.4212239583333333 0.0390625 0.01171875 0.013020833333333334
0 0.13671875 0.22265625 0.015625 0.015625