0 0.6243489583333334 0.055989583333333336 0.06640625 0.0703125
0 0.4850260416666667 0.4173177083333333 0.032552083333333336 0.02734375
0 0.4615885416666667 0.043619791666666664 0.024739583333333332 0.022135416666666668
0 0.3736979166666667 0.18815104166666666 0.03125 0.032552083333333336
0 0.5188802083333334 0.6875 0.029947916666666668 0.03125
0 0.4231770833333333 0.6979166666666666 0.052083333333333336 0.049479166666666664
0 0.7141927083333334 0.17578125 0.016927083333333332 0.013020833333333334
0 0.3020833333333333 0.3072916666666667 0.018229166666666668 0.015625
0 0.13216145833333334 0.8177083333333334 0.032552083333333336 0.03125
0 0.3971354166666667 0.4264322916666667 0.07161458333333333 0.06510416666666667
0 0.02734375 0.3990885416666667 0.0546875 0.06901041666666667
0 0.9264322916666666 0.828125 0.061197916666666664 0.06770833333333333
0 0.46484375 0.59765625 0.013020833333333334 0.015625
0 0.34765625 0.7936197916666666 0.01953125 0.01953125
0 0.08854166666666667 0.12239583333333333 0.01953125 0.01953125
0 0.0546875 0.6067708333333334 0.01171875 0.010416666666666666
0 0.21158854166666666 0.6009114583333334 0.018229166666666668 0.016927083333333332
0 0.061197916666666664 0.4694010416666667 0.014322916666666666 0.014322916666666666
0 0.5286458333333334 0.1796875 0.013020833333333334 0.014322916666666666
0 0.3802083333333333 0.3541666666666667 0.013020833333333334 0.013020833333333334
0 0.11653645833333333 0.12825520833333334 0.013020833333333334 0.013020833333333334
0 0.2571614583333333 0.5716145833333334 0.009114583333333334 0.009114583333333334
0 0.6100260416666666 0.142578125 0.01171875 0.01171875
0 0.5221354166666666 0.5598958333333334 0.010416666666666666 0.010416666666666666
0 0.055989583333333336 0.034505208333333336 0.026041666666666668 0.024739583333333332
0 0.158203125 0.7259114583333334 0.010416666666666666 0.009114583333333334
0 0.10677083333333333 0.3255208333333333 0.009114583333333334 0.009114583333333334
0 0.19596354166666666 0.326171875 0.010416666666666666 0.010416666666666666
0 0.6022135416666666 0.357421875 0.009114583333333334 0.009114583333333334
0 0.19856770833333334 0.560546875 0.0078125 0.006510416666666667
0 0.12044270833333333 0.189453125 0.0078125 0.0078125
0 0.1953125 0.4186197916666667 0.009114583333333334 0.009114583333333334
0 0.057942708333333336 0.3307291666666667 0.010416666666666666 0.009114583333333334
0 0.638671875 0.17708333333333334 0.009114583333333334 0.009114583333333334
0 0.2682291666666667 0.7779947916666666 0.01171875 0.013020833333333334
0 0.16666666666666666 0.20442708333333334 0.0078125 0.006510416666666667
0 0.54296875 0.17513020833333334 0.010416666666666666 0.010416666666666666
0 0.13216145833333334 0.7473958333333334 0.009114583333333334 0.0078125
0 0.6028645833333334 0.423828125 0.010416666666666666 0.010416666666666666
0 0.5084635416666666 0.19140625 0.0078125 0.009114583333333334
0 0.2526041666666667 0.21875 0.010416666666666666 0.009114583333333334
0 0.478515625 0.083984375 0.009114583333333334 0.009114583333333334
0 0.14713541666666666 0.4759114583333333 0.009114583333333334 0.0078125
0 0.3782552083333333 0.3873697916666667 0.055989583333333336 0.059895833333333336