0 0.2270965576171875 0.9058310190836588 0.027259886264801025 0.02810835838317871
0 0.6044273376464844 0.12367026011149089 0.03918200731277466 0.034896135330200195
0 0.12475776672363281 0.6733061472574869 0.030501484870910645 0.0294572114944458
0 0.2382354736328125 0.27683035532633465 0.03979116678237915 0.037854909896850586
0 0.44360923767089844 0.07424132029215495 0.04024803638458252 0.03726750612258911
0 0.8313827514648438 0.26603953043619794 0.03437399864196777 0.03437399864196777
0 0.18741416931152344 0.9371592203776041 0.03657132387161255 0.03628849983215332
0 0.6529947916666666 0.009765625 0.040364583333333336 0.01953125
0 0.355194091796875 0.10522143046061198 0.04516482353210449 0.04103124141693115
0 0.10108757019042969 0.36803023020426434 0.04481673240661621 0.03994345664978027
0 0.232666015625 0.3913523356119792 0.03206789493560791 0.03293812274932861
0 0.06279754638671875 0.9476019541422526 0.030501484870910645 0.030740797519683838
0 0.08507537841796875 0.4098011652628581 0.03293812274932861 0.03280758857727051
0 0.7018928527832031 0.14107481638590494 0.04955947399139404 0.04499077796936035
0 0.5514322916666666 0.990234375 0.053385416666666664 0.01953125
0 0.05792427062988281 0.5709673563639323 0.05369305610656738 0.055477023124694824
0 0.7589797973632812 0.34018294016520184 0.03476560115814209 0.03994345664978027
0 0.9399871826171875 0.5667902628580729 0.02119004726409912 0.021603405475616455
0 0.8801155090332031 0.32173411051432294 0.05382359027862549 0.051691532135009766
0 0.018880208333333332 0.9837239583333334 0.037760416666666664 0.032552083333333336
0 0.4596214294433594 0.191896120707194 0.05504190921783447 0.05090832710266113
0 0.9594802856445312 0.6607748667399088 0.026019811630249023 0.022027641534805298
0 0.9739583333333334 0.8463541666666666 0.052083333333333336 0.06510416666666667