0 0.048828125 0.65234375 0.08463541666666667 0.12239583333333333
0 0.14908854166666666 0.5807291666666666 0.01953125 0.020833333333333332
0 0.33203125 0.5052083333333334 0.15625 0.14322916666666666
0 0.18294270833333334 0.5091145833333334 0.022135416666666668 0.020833333333333332
0 0.66796875 0.435546875 0.07291666666666667 0.06901041666666667
0 0.625 0.458984375 0.026041666666666668 0.024739583333333332
0 0.3346354166666667 0.23111979166666666 0.07552083333333333 0.06901041666666667
0 0.6484375 0.7591145833333334 0.046875 0.052083333333333336
0 0.66015625 0.7135416666666666 0.0234375 0.020833333333333332
0 0.07747395833333333 0.3385416666666667 0.029947916666666668 0.03125
0 0.5651041666666666 0.3860677083333333 0.020833333333333332 0.01953125
0 0.751953125 0.755859375 0.045572916666666664 0.05859375
0 0.8951822916666666 0.7682291666666666 0.01953125 0.0234375
0 0.9407552083333334 0.5983072916666666 0.01953125 0.022135416666666668
0 0.9576822916666666 0.2877604166666667 0.02734375 0.03125
0 0.9602864583333334 0.115234375 0.01953125 0.02734375
0 0.4205729166666667 0.33203125 0.17447916666666666 0.171875
0 0.0546875 0.2825520833333333 0.06510416666666667 0.0625
0 0.15169270833333334 0.20703125 0.053385416666666664 0.046875
0 0.287109375 0.012369791666666666 0.024739583333333332 0.022135416666666668
0 0.4798177083333333 0.031901041666666664 0.016927083333333332 0.022135416666666668
0 0.7252604166666666 0.3548177083333333 0.018229166666666668 0.016927083333333332
0 0.6171875 0.2552083333333333 0.020833333333333332 0.018229166666666668
0 0.025390625 0.8352864583333334 0.024739583333333332 0.022135416666666668
0 0.9811197916666666 0.6809895833333334 0.009114583333333334 0.013020833333333334
0 0.8834635416666666 0.19075520833333334 0.01953125 0.022135416666666668
0 0.5416666666666666 0.06380208333333333 0.015625 0.018229166666666668
0 0.21809895833333334 0.7037760416666666 0.01953125 0.01953125
0 0.3515625 0.8717447916666666 0.018229166666666668 0.016927083333333332
0 0.50390625 0.607421875 0.020833333333333332 0.016927083333333332
0 0.8209635416666666 0.298828125 0.05078125 0.048177083333333336
0 0.5045572916666666 0.818359375 0.016927083333333332 0.014322916666666666
0 0.055338541666666664 0.044270833333333336 0.016927083333333332 0.015625
0 0.027994791666666668 0.14322916666666666 0.016927083333333332 0.018229166666666668
0 0.016927083333333332 0.3424479166666667 0.015625 0.015625
0 0.3971354166666667 0.4661458333333333 0.018229166666666668 0.015625
0 0.30859375 0.8528645833333334 0.015625 0.015625
0 0.4557291666666667 0.595703125 0.015625 0.014322916666666666
0 0.876953125 0.259765625 0.01171875 0.014322916666666666
0 0.4192708333333333 0.3333333333333333 0.03125 0.03125
0 0.4817708333333333 0.07682291666666667 0.013020833333333334 0.013020833333333334
0 0.5123697916666666 0.12369791666666667 0.01171875 0.013020833333333334
0 0.23372395833333334 0.033203125 0.014322916666666666 0.01171875
0 0.3294270833333333 0.10677083333333333 0.013020833333333334 0.0078125
0 0.71875 0.5625 0.015625 0.013020833333333334
0 0.8001302083333334 0.671875 0.009114583333333334 0.010416666666666666
0 0.75 0.8151041666666666 0.010416666666666666 0.010416666666666666
0 0.061197916666666664 0.576171875 0.013020833333333334 0.01171875