0 0.693359375 0.072265625 0.029947916666666668 0.029947916666666668
0 0.7701822916666666 0.21158854166666666 0.06901041666666667 0.06901041666666667
0 0.80078125 0.11002604166666667 0.015625 0.014322916666666666
0 0.85546875 0.5026041666666666 0.03125 0.03125
0 0.9134114583333334 0.4290364583333333 0.022135416666666668 0.024739583333333332
0 0.5794270833333334 0.193359375 0.026041666666666668 0.02734375
0 0.4928385416666667 0.376953125 0.022135416666666668 0.022135416666666668
0 0.8971354166666666 0.7760416666666666 0.020833333333333332 0.020833333333333332
0 0.380859375 0.23307291666666666 0.053385416666666664 0.0546875
0 0.341796875 0.03515625 0.06380208333333333 0.06770833333333333
0 0.20247395833333334 0.12955729166666666 0.016927083333333332 0.016927083333333332
0 0.20703125 0.8294270833333334 0.036458333333333336 0.033854166666666664
0 0.20703125 0.7526041666666666 0.1953125 0.23958333333333334
0 0.568359375 0.9095052083333334 0.032552083333333336 0.03515625
0 0.5279947916666666 0.7467447916666666 0.3033854166666667 0.3190104166666667
0 0.6848958333333334 0.5462239583333334 0.036458333333333336 0.037760416666666664
0 0.634765625 0.56640625 0.022135416666666668 0.020833333333333332
0 0.76171875 0.4973958333333333 0.015625 0.015625
0 0.7109375 0.4518229166666667 0.0234375 0.0234375
0 0.25390625 0.5071614583333334 0.08854166666666667 0.08984375
0 0.208984375 0.5618489583333334 0.029947916666666668 0.029947916666666668
0 0.14192708333333334 0.7747395833333334 0.015625 0.018229166666666668
0 0.08854166666666667 0.6946614583333334 0.013020833333333334 0.014322916666666666
0 0.9479166666666666 0.55078125 0.026041666666666668 0.0234375
0 0.7135416666666666 0.7467447916666666 0.013020833333333334 0.014322916666666666
0 0.8893229166666666 0.19270833333333334 0.020833333333333332 0.018229166666666668
0 0.3828125 0.400390625 0.010416666666666666 0.01171875
0 0.162109375 0.4694010416666667 0.01953125 0.016927083333333332
0 0.126953125 0.6627604166666666 0.014322916666666666 0.013020833333333334
0 0.736328125 0.84375 0.014322916666666666 0.013020833333333334
0 0.076171875 0.9544270833333334 0.01953125 0.018229166666666668
0 0.103515625 0.6256510416666666 0.014322916666666666 0.01171875
0 0.5247395833333334 0.09440104166666667 0.16145833333333334 0.17057291666666666
0 0.974609375 0.212890625 0.009114583333333334 0.009114583333333334
0 0.919921875 0.306640625 0.014322916666666666 0.01171875
0 0.9375 0.4375 0.09114583333333333 0.1015625
0 0.050130208333333336 0.4388020833333333 0.02734375 0.015625
0 0.014322916666666666 0.4290364583333333 0.010416666666666666 0.01171875
0 0.059244791666666664 0.298828125 0.01171875 0.01171875
0 0.017578125 0.23307291666666666 0.01171875 0.010416666666666666
0 0.042317708333333336 0.2962239583333333 0.01171875 0.01171875
0 0.016927083333333332 0.8912760416666666 0.015625 0.014322916666666666
0 0.061848958333333336 0.7389322916666666 0.12369791666666667 0.15234375
0 0.13346354166666666 0.7981770833333334 0.006510416666666667 0.0078125
0 0.982421875 0.6106770833333334 0.032552083333333336 0.03125
0 0.9303385416666666 0.9296875 0.13671875 0.140625
0 0.720703125 0.33984375 0.014322916666666666 0.013020833333333334
0 0.7740885416666666 0.3977864583333333 0.009114583333333334 0.009114583333333334
0 0.728515625 0.6432291666666666 0.01171875 0.013020833333333334
0 0.263671875 0.19596354166666666 0.01171875 0.01171875
0 0.7259114583333334 0.3860677083333333 0.009114583333333334 0.009114583333333334
0 0.9134114583333334 0.5377604166666666 0.009114583333333334 0.010416666666666666
0 0.9296875 0.5084635416666666 0.018229166666666668 0.01171875
0 0.9537760416666666 0.5032552083333334 0.014322916666666666 0.014322916666666666