0 0.13346354166666666 0.3561197916666667 0.01953125 0.024739583333333332
0 0.16796875 0.3821614583333333 0.046875 0.040364583333333336
0 0.19986979166666666 0.4954427083333333 0.048177083333333336 0.045572916666666664
0 0.16731770833333334 0.53125 0.03515625 0.0390625
0 0.19986979166666666 0.5345052083333334 0.016927083333333332 0.01953125
0 0.4427083333333333 0.5286458333333334 0.013020833333333334 0.018229166666666668
0 0.22135416666666666 0.8209635416666666 0.026041666666666668 0.01953125
0 0.7897135416666666 0.7102864583333334 0.22005208333333334 0.18880208333333334
0 0.8209635416666666 0.7194010416666666 0.024739583333333332 0.029947916666666668
0 0.8743489583333334 0.8606770833333334 0.02734375 0.020833333333333332
0 0.380859375 0.630859375 0.01953125 0.016927083333333332
0 0.984375 0.3203125 0.0234375 0.026041666666666668
0 0.275390625 0.88671875 0.01171875 0.013020833333333334
0 0.12044270833333333 0.8684895833333334 0.006510416666666667 0.010416666666666666
0 0.4049479166666667 0.6360677083333334 0.018229166666666668 0.016927083333333332
0 0.2662760416666667 0.4069010416666667 0.014322916666666666 0.01171875