0 0.4127604166666667 0.18359375 0.052083333333333336 0.0546875
0 0.016276041666666668 0.3834635416666667 0.022135416666666668 0.01953125
0 0.197265625 0.22265625 0.01953125 0.015625
0 0.22200520833333334 0.10677083333333333 0.016927083333333332 0.018229166666666668
0 0.032552083333333336 0.14453125 0.018229166666666668 0.015625
0 0.14127604166666666 0.07877604166666667 0.01953125 0.016927083333333332
0 0.5162760416666666 0.7740885416666666 0.053385416666666664 0.05078125
0 0.6412760416666666 0.9772135416666666 0.032552083333333336 0.029947916666666668
0 0.09635416666666667 0.921875 0.015625 0.013020833333333334
0 0.29296875 0.4733072916666667 0.018229166666666668 0.01953125
0 0.029296875 0.6380208333333334 0.014322916666666666 0.013020833333333334
0 0.09830729166666667 0.4466145833333333 0.11067708333333333 0.10416666666666667
0 0.376953125 0.01171875 0.022135416666666668 0.018229166666666668
0 0.9713541666666666 0.14388020833333334 0.041666666666666664 0.037760416666666664
0 0.22200520833333334 0.4856770833333333 0.022135416666666668 0.0234375
0 0.2819010416666667 0.4075520833333333 0.016927083333333332 0.018229166666666668
0 0.9674479166666666 0.3841145833333333 0.052083333333333336 0.078125
0 0.7897135416666666 0.23372395833333334 0.2799479166666667 0.2669270833333333
0 0.6966145833333334 0.962890625 0.033854166666666664 0.032552083333333336
0 0.396484375 0.8665364583333334 0.17317708333333334 0.15234375
0 0.185546875 0.18489583333333334 0.014322916666666666 0.020833333333333332
0 0.396484375 0.146484375 0.03515625 0.024739583333333332
0 0.18684895833333334 0.9576822916666666 0.061197916666666664 0.05078125
0 0.16536458333333334 0.7701822916666666 0.018229166666666668 0.016927083333333332
0 0.025390625 0.7154947916666666 0.016927083333333332 0.016927083333333332
0 0.054036458333333336 0.6614583333333334 0.016927083333333332 0.015625
0 0.7356770833333334 0.9524739583333334 0.020833333333333332 0.01953125
0 0.8684895833333334 0.5325520833333334 0.0234375 0.0234375
0 0.7734375 0.5852864583333334 0.020833333333333332 0.022135416666666668
0 0.6471354166666666 0.7884114583333334 0.015625 0.014322916666666666
0 0.3216145833333333 0.2513020833333333 0.010416666666666666 0.018229166666666668
0 0.4446614583333333 0.4453125 0.016927083333333332 0.015625
0 0.014322916666666666 0.810546875 0.013020833333333334 0.014322916666666666
0 0.06380208333333333 0.24869791666666666 0.1015625 0.08854166666666667
0 0.255859375 0.4680989583333333 0.016927083333333332 0.014322916666666666
0 0.30859375 0.4733072916666667 0.013020833333333334 0.014322916666666666
0 0.08138020833333333 0.896484375 0.01171875 0.009114583333333334
0 0.11002604166666667 0.896484375 0.01171875 0.01171875
0 0.208984375 0.9212239583333334 0.009114583333333334 0.009114583333333334
0 0.2858072916666667 0.8893229166666666 0.01953125 0.020833333333333332
0 0.3404947916666667 0.869140625 0.016927083333333332 0.014322916666666666
0 0.3684895833333333 0.7779947916666666 0.033854166666666664 0.029947916666666668
0 0.7545572916666666 0.8072916666666666 0.016927083333333332 0.018229166666666668
0 0.18229166666666666 0.45703125 0.018229166666666668 0.015625
0 0.3828125 0.02734375 0.013020833333333334 0.013020833333333334
0 0.5865885416666666 0.263671875 0.009114583333333334 0.009114583333333334
0 0.9739583333333334 0.6666666666666666 0.018229166666666668 0.015625
0 0.912109375 0.4498697916666667 0.01171875 0.01171875
0 0.9127604166666666 0.53515625 0.010416666666666666 0.013020833333333334
0 0.9029947916666666 0.365234375 0.01171875 0.01171875
0 0.9934895833333334 0.294921875 0.013020833333333334 0.016927083333333332
0 0.6295572916666666 0.259765625 0.01171875 0.01171875
0 0.9928385416666666 0.07942708333333333 0.01171875 0.013020833333333334
0 0.50390625 0.03125 0.015625 0.013020833333333334