0 0.400390625 0.3821614583333333 0.032552083333333336 0.037760416666666664
0 0.4856770833333333 0.8046875 0.057291666666666664 0.06510416666666667
0 0.134765625 0.7591145833333334 0.029947916666666668 0.026041666666666668
0 0.8528645833333334 0.16731770833333334 0.026041666666666668 0.024739583333333332
0 0.7845052083333334 0.5078125 0.032552083333333336 0.0234375
0 0.8170572916666666 0.8411458333333334 0.045572916666666664 0.044270833333333336
0 0.17252604166666666 0.5299479166666666 0.01953125 0.015625
0 0.3352864583333333 0.5403645833333334 0.01953125 0.0234375
0 0.66796875 0.6126302083333334 0.020833333333333332 0.01953125
0 0.6451822916666666 0.8665364583333334 0.040364583333333336 0.032552083333333336
0 0.7115885416666666 0.828125 0.024739583333333332 0.020833333333333332
0 0.6940104166666666 0.052734375 0.020833333333333332 0.01953125
0 0.8352864583333334 0.6061197916666666 0.02734375 0.01953125
0 0.5546875 0.3912760416666667 0.015625 0.01953125
0 0.91796875 0.765625 0.026041666666666668 0.026041666666666668
0 0.9029947916666666 0.388671875 0.022135416666666668 0.014322916666666666
0 0.8899739583333334 0.4420572916666667 0.016927083333333332 0.016927083333333332
0 0.96484375 0.90625 0.0234375 0.020833333333333332
0 0.9869791666666666 0.740234375 0.020833333333333332 0.01953125
0 0.8697916666666666 0.053385416666666664 0.018229166666666668 0.018229166666666668
0 0.3274739583333333 0.3131510416666667 0.016927083333333332 0.01953125
0 0.310546875 0.8665364583333334 0.022135416666666668 0.01953125
0 0.10872395833333333 0.091796875 0.016927083333333332 0.01953125
0 0.8313802083333334 0.9576822916666666 0.048177083333333336 0.045572916666666664
0 0.08138020833333333 0.18619791666666666 0.016927083333333332 0.018229166666666668
0 0.7890625 0.375 0.015625 0.015625
0 0.8235677083333334 0.3984375 0.014322916666666666 0.013020833333333334
0 0.9772135416666666 0.47265625 0.045572916666666664 0.06770833333333333
0 0.18684895833333334 0.6712239583333334 0.016927083333333332 0.014322916666666666
0 0.4283854166666667 0.7350260416666666 0.015625 0.014322916666666666
0 0.279296875 0.6458333333333334 0.01171875 0.010416666666666666
0 0.3971354166666667 0.20052083333333334 0.018229166666666668 0.013020833333333334
0 0.041666666666666664 0.890625 0.013020833333333334 0.013020833333333334
0 0.4212239583333333 0.8489583333333334 0.014322916666666666 0.015625
0 0.5345052083333334 0.7740885416666666 0.014322916666666666 0.014322916666666666
0 0.015625 0.9303385416666666 0.013020833333333334 0.014322916666666666