0 0.291015625 0.333984375 0.022135416666666668 0.02734375
0 0.556640625 0.271484375 0.01953125 0.01953125
0 0.72265625 0.154296875 0.013020833333333334 0.01953125
0 0.3678385416666667 0.15494791666666666 0.05859375 0.044270833333333336
0 0.2649739583333333 0.052083333333333336 0.26953125 0.1015625
0 0.029947916666666668 0.109375 0.046875 0.0703125
0 0.024088541666666668 0.5403645833333334 0.04296875 0.041666666666666664
0 0.05859375 0.6295572916666666 0.0390625 0.045572916666666664
0 0.07486979166666667 0.8307291666666666 0.032552083333333336 0.041666666666666664
0 0.010416666666666666 0.7532552083333334 0.018229166666666668 0.032552083333333336
0 0.7018229166666666 0.6647135416666666 0.028645833333333332 0.03515625
0 0.8639322916666666 0.966796875 0.029947916666666668 0.029947916666666668
0 0.74609375 0.9518229166666666 0.03125 0.026041666666666668
0 0.697265625 0.9680989583333334 0.014322916666666666 0.01953125
0 0.9505208333333334 0.4524739583333333 0.013020833333333334 0.016927083333333332
0 0.9055989583333334 0.15885416666666666 0.024739583333333332 0.026041666666666668
0 0.8268229166666666 0.20377604166666666 0.013020833333333334 0.014322916666666666
0 0.625 0.19661458333333334 0.052083333333333336 0.06510416666666667
0 0.4915364583333333 0.15950520833333334 0.01953125 0.016927083333333332
0 0.3509114583333333 0.4700520833333333 0.014322916666666666 0.018229166666666668
0 0.525390625 0.64453125 0.016927083333333332 0.010416666666666666
0 0.6640625 0.5891927083333334 0.013020833333333334 0.016927083333333332
0 0.72265625 0.6881510416666666 0.013020833333333334 0.01953125
0 0.70703125 0.6998697916666666 0.018229166666666668 0.016927083333333332
0 0.13020833333333334 0.5442708333333334 0.020833333333333332 0.018229166666666668
0 0.12890625 0.349609375 0.020833333333333332 0.01953125
0 0.9212239583333334 0.3841145833333333 0.006510416666666667 0.015625
0 0.7174479166666666 0.451171875 0.015625 0.024739583333333332
0 0.20572916666666666 0.6608072916666666 0.018229166666666668 0.016927083333333332
0 0.400390625 0.6184895833333334 0.01171875 0.010416666666666666
0 0.0390625 0.9264322916666666 0.07552083333333333 0.14713541666666666
0 0.8287760416666666 0.8138020833333334 0.014322916666666666 0.018229166666666668
0 0.8912760416666666 0.7506510416666666 0.014322916666666666 0.014322916666666666
0 0.5651041666666666 0.552734375 0.015625 0.014322916666666666