0 0.3984375 0.3658854166666667 0.028645833333333332 0.026041666666666668
0 0.18229166666666666 0.2805989583333333 0.046875 0.045572916666666664
0 0.20247395833333334 0.17317708333333334 0.06380208333333333 0.052083333333333336
0 0.2994791666666667 0.22916666666666666 0.06510416666666667 0.059895833333333336
0 0.4700520833333333 0.19270833333333334 0.07552083333333333 0.078125
0 0.2604166666666667 0.3235677083333333 0.0390625 0.02734375
0 0.17903645833333334 0.37890625 0.032552083333333336 0.033854166666666664
0 0.06380208333333333 0.4303385416666667 0.057291666666666664 0.05859375
0 0.23111979166666666 0.6263020833333334 0.01953125 0.018229166666666668
0 0.4563802083333333 0.640625 0.053385416666666664 0.0546875
0 0.5305989583333334 0.6555989583333334 0.045572916666666664 0.037760416666666664
0 0.6588541666666666 0.6712239583333334 0.049479166666666664 0.045572916666666664
0 0.5384114583333334 0.7259114583333334 0.04296875 0.048177083333333336
0 0.4153645833333333 0.7200520833333334 0.057291666666666664 0.06510416666666667
0 0.07877604166666667 0.6276041666666666 0.040364583333333336 0.036458333333333336
0 0.040364583333333336 0.654296875 0.018229166666666668 0.016927083333333332
0 0.53125 0.8274739583333334 0.044270833333333336 0.045572916666666664
0 0.322265625 0.46875 0.08463541666666667 0.08072916666666667
0 0.7877604166666666 0.53125 0.06510416666666667 0.06510416666666667
0 0.9342447916666666 0.431640625 0.07161458333333333 0.08463541666666667
0 0.966796875 0.24153645833333334 0.01953125 0.01953125
0 0.5794270833333334 0.039713541666666664 0.09114583333333333 0.07161458333333333
0 0.23763020833333334 0.006510416666666667 0.032552083333333336 0.010416666666666666
0 0.8990885416666666 0.091796875 0.19401041666666666 0.17578125
0 0.8509114583333334 0.8802083333333334 0.12109375 0.1171875
0 0.9479166666666666 0.921875 0.020833333333333332 0.026041666666666668
0 0.20182291666666666 0.19986979166666666 0.020833333333333332 0.01953125
0 0.8639322916666666 0.3346354166666667 0.05859375 0.049479166666666664
0 0.6764322916666666 0.4895833333333333 0.016927083333333332 0.018229166666666668
0 0.365234375 0.01953125 0.053385416666666664 0.036458333333333336
0 0.020182291666666668 0.5891927083333334 0.01171875 0.014322916666666666
0 0.19856770833333334 0.07877604166666667 0.014322916666666666 0.01953125
0 0.22526041666666666 0.462890625 0.015625 0.014322916666666666
0 0.26953125 0.3938802083333333 0.010416666666666666 0.009114583333333334
0 0.5891927083333334 0.2877604166666667 0.014322916666666666 0.015625
0 0.6458333333333334 0.427734375 0.015625 0.01953125
0 0.5279947916666666 0.4270833333333333 0.014322916666666666 0.013020833333333334
0 0.5826822916666666 0.3821614583333333 0.014322916666666666 0.01171875
0 0.18880208333333334 0.5559895833333334 0.013020833333333334 0.013020833333333334
0 0.12955729166666666 0.5670572916666666 0.014322916666666666 0.01171875
0 0.06380208333333333 0.7669270833333334 0.010416666666666666 0.010416666666666666
0 0.205078125 0.7721354166666666 0.01171875 0.010416666666666666
0 0.4596354166666667 0.724609375 0.015625 0.016927083333333332
0 0.4583333333333333 0.783203125 0.013020833333333334 0.01171875
0 0.23697916666666666 0.7779947916666666 0.010416666666666666 0.01171875
0 0.23893229166666666 0.8313802083333334 0.01171875 0.01171875
0 0.21484375 0.8912760416666666 0.013020833333333334 0.01171875
0 0.3619791666666667 0.78125 0.010416666666666666 0.010416666666666666
0 0.8626302083333334 0.7278645833333334 0.014322916666666666 0.015625
0 0.9440104166666666 0.587890625 0.018229166666666668 0.014322916666666666
0 0.7545572916666666 0.8411458333333334 0.014322916666666666 0.013020833333333334