0 0.78125 0.5983072916666666 0.026041666666666668 0.024739583333333332
0 0.515625 0.059895833333333336 0.0234375 0.026041666666666668
0 0.2838541666666667 0.31640625 0.0546875 0.057291666666666664
0 0.607421875 0.4368489583333333 0.022135416666666668 0.024739583333333332
0 0.72265625 0.5716145833333334 0.015625 0.018229166666666668
0 0.306640625 0.022786458333333332 0.016927083333333332 0.01953125
0 0.23372395833333334 0.10221354166666667 0.014322916666666666 0.016927083333333332
0 0.17643229166666666 0.41796875 0.016927083333333332 0.020833333333333332
0 0.23958333333333334 0.5501302083333334 0.015625 0.01953125
0 0.18033854166666666 0.8001302083333334 0.029947916666666668 0.032552083333333336
0 0.4544270833333333 0.7115885416666666 0.018229166666666668 0.016927083333333332
0 0.09244791666666667 0.2513020833333333 0.015625 0.018229166666666668
0 0.052083333333333336 0.4973958333333333 0.10416666666666667 0.13802083333333334
0 0.3391927083333333 0.8255208333333334 0.01953125 0.018229166666666668
0 0.787109375 0.7311197916666666 0.02734375 0.02734375
0 0.8528645833333334 0.9615885416666666 0.052083333333333336 0.061197916666666664
0 0.72265625 0.201171875 0.026041666666666668 0.024739583333333332
0 0.3756510416666667 0.5143229166666666 0.016927083333333332 0.013020833333333334
0 0.9772135416666666 0.5852864583333334 0.024739583333333332 0.024739583333333332
0 0.8971354166666666 0.654296875 0.0234375 0.024739583333333332
0 0.8977864583333334 0.3580729166666667 0.022135416666666668 0.026041666666666668
0 0.802734375 0.8203125 0.11328125 0.1171875
0 0.7779947916666666 0.12174479166666667 0.01953125 0.016927083333333332
0 0.904296875 0.9388020833333334 0.040364583333333336 0.041666666666666664
0 0.7858072916666666 0.3821614583333333 0.014322916666666666 0.014322916666666666
0 0.19205729166666666 0.26171875 0.014322916666666666 0.013020833333333334
0 0.8997395833333334 0.08723958333333333 0.015625 0.013020833333333334
0 0.07356770833333333 0.84765625 0.016927083333333332 0.018229166666666668
0 0.07291666666666667 0.875 0.015625 0.018229166666666668
0 0.8854166666666666 0.482421875 0.013020833333333334 0.01171875
0 0.720703125 0.8795572916666666 0.014322916666666666 0.01953125
0 0.10221354166666667 0.07486979166666667 0.016927083333333332 0.014322916666666666
0 0.2571614583333333 0.8411458333333334 0.014322916666666666 0.015625
0 0.9518229166666666 0.07486979166666667 0.09375 0.12630208333333334
0 0.919921875 0.53125 0.022135416666666668 0.020833333333333332
0 0.6302083333333334 0.3606770833333333 0.015625 0.015625
0 0.9479166666666666 0.2805989583333333 0.1015625 0.15755208333333334
0 0.7486979166666666 0.12825520833333334 0.028645833333333332 0.03515625
0 0.6178385416666666 0.39453125 0.01171875 0.013020833333333334
0 0.027994791666666668 0.8860677083333334 0.055989583333333336 0.12630208333333334
0 0.3600260416666667 0.8190104166666666 0.024739583333333332 0.041666666666666664
0 0.9895833333333334 0.8938802083333334 0.018229166666666668 0.05078125
0 0.9759114583333334 0.7897135416666666 0.045572916666666664 0.11588541666666667
0 0.09700520833333333 0.7415364583333334 0.01171875 0.01171875