0 0.2838541666666667 0.10481770833333333 0.033854166666666664 0.032552083333333336
0 0.15299479166666666 0.341796875 0.045572916666666664 0.04296875
0 0.6067708333333334 0.2630208333333333 0.049479166666666664 0.0546875
0 0.4791666666666667 0.140625 0.020833333333333332 0.026041666666666668
0 0.205078125 0.5345052083333334 0.022135416666666668 0.01953125
0 0.054036458333333336 0.6412760416666666 0.10546875 0.17057291666666666
0 0.3671875 0.5885416666666666 0.041666666666666664 0.041666666666666664
0 0.4622395833333333 0.7272135416666666 0.0390625 0.037760416666666664
0 0.166015625 0.8834635416666666 0.11067708333333333 0.10546875
0 0.115234375 0.8899739583333334 0.045572916666666664 0.040364583333333336
0 0.4876302083333333 0.66796875 0.08463541666666667 0.09114583333333333
0 0.6555989583333334 0.22395833333333334 0.022135416666666668 0.0234375
0 0.5989583333333334 0.3001302083333333 0.026041666666666668 0.01953125
0 0.8723958333333334 0.22200520833333334 0.0390625 0.032552083333333336
0 0.8294270833333334 0.21744791666666666 0.020833333333333332 0.0234375
0 0.7845052083333334 0.505859375 0.01953125 0.024739583333333332
0 0.8626302083333334 0.6529947916666666 0.01953125 0.022135416666666668
0 0.8899739583333334 0.78125 0.029947916666666668 0.028645833333333332
0 0.5123697916666666 0.7623697916666666 0.016927083333333332 0.01953125
0 0.3958333333333333 0.9251302083333334 0.2890625 0.14973958333333334
0 0.458984375 0.0026041666666666665 0.01953125 0.0026041666666666665
0 0.013020833333333334 0.7135416666666666 0.013020833333333334 0.013020833333333334
0 0.05859375 0.06705729166666667 0.013020833333333334 0.01171875
0 0.3001302083333333 0.1796875 0.01171875 0.013020833333333334
0 0.55078125 0.026041666666666668 0.013020833333333334 0.013020833333333334
0 0.9498697916666666 0.712890625 0.014322916666666666 0.01171875
0 0.416015625 0.7578125 0.014322916666666666 0.013020833333333334
0 0.3606770833333333 0.3717447916666667 0.013020833333333334 0.01171875
0 0.2532552083333333 0.419921875 0.01171875 0.009114583333333334
0 0.3938802083333333 0.3678385416666667 0.009114583333333334 0.009114583333333334
0 0.3515625 0.005208333333333333 0.015625 0.0078125
0 0.9811197916666666 0.5501302083333334 0.037760416666666664 0.09505208333333333
0 0.8125 0.91015625 0.015625 0.013020833333333334
0 0.3313802083333333 0.140625 0.01171875 0.013020833333333334
0 0.4322916666666667 0.15104166666666666 0.015625 0.010416666666666666
0 0.8704427083333334 0.010416666666666666 0.014322916666666666 0.010416666666666666