0 0.3759765625 0.40967447916666666 0.02522135416666667 0.022669270833333293
0 0.2109375 0.921875 0.015546874999999996 0.014505208333333464
0 0.42651041666666667 0.9741276041666667 0.01678385416666665 0.016979166666666618
0 0.09704427083333333 0.646484375 0.03790364583333334 0.03643229166666669
0 0.65234375 0.024791666666666667 0.06561197916666672 0.04596354166666666
0 0.18200520833333333 0.908203125 0.016015625000000016 0.014726562499999929
0 0.9028385416666667 0.9350651041666667 0.06647135416666661 0.06164062499999989
0 0.1114453125 0.9292057291666667 0.10596354166666666 0.09173177083333339
0 0.7739322916666667 0.3583984375 0.010859374999999893 0.009973958333333291
0 0.7124088541666667 0.40869791666666666 0.04169270833333331 0.03615885416666664
0 0.1778515625 0.6577213541666667 0.02855468750000001 0.026549479166666723
0 0.33716145833333333 0.09967447916666666 0.02460937499999997 0.021328124999999993
0 0.47876302083333333 0.5615234375 0.015364583333333274 0.014010416666666655
0 0.7876041666666667 0.509765625 0.030208333333333393 0.026809895833333375
0 0.591796875 0.30395833333333333 0.025507812500000043 0.023958333333333304
0 0.32276041666666666 0.16272135416666667 0.06597656249999999 0.05986979166666667
0 0.39868489583333333 0.05759114583333333 0.0316145833333333 0.028437500000000004
0 0.6557682291666667 0.6313541666666667 0.04653645833333334 0.03970052083333334
0 0.213984375 0.9638671875 0.015247395833333307 0.015677083333333286
0 0.9077213541666667 0.5981510416666667 0.016458333333333464 0.015195312499999947
0 0.31983072916666666 0.43091145833333333 0.010820312500000004 0.01005208333333337
0 0.5791015625 0.03197916666666666 0.016718750000000043 0.016341145833333338
0 0.18420572916666667 0.8667057291666667 0.028111979166666634 0.026197916666666526
0 0.7763671875 0.17700520833333333 0.08196614583333339 0.07287760416666668
0 0.012486979166666667 0.8388671875 0.02438802083333333 0.030794270833333453
0 0.7802734375 0.17407552083333333 0.3313020833333334 0.28735677083333333
0 0.10821614583333333 0.05572916666666666 0.024999999999999984 0.024231770833333333
0 0.9794921875 0.2783203125 0.023723958333333368 0.020716145833333366
0 0.41065104166666666 0.26928385416666667 0.016276041666666668 0.014388020833333348
0 0.0810546875 0.29565104166666667 0.15381510416666666 0.14636718749999997
0 0.44263020833333333 0.5542057291666667 0.019192708333333346 0.01738281250000003
0 0.6538151041666667 0.41651041666666666 0.025273437499999957 0.02351562499999993
0 0.06561197916666667 0.5210026041666667 0.01147135416666667 0.010651041666666602
0 0.086796875 0.4638671875 0.00951822916666667 0.008671874999999959
0 0.04178385416666667 0.49609375 0.011640624999999996 0.01045572916666663
0 0.7119140625 0.5629947916666667 0.011380208333333345 0.010651041666666602
0 0.12432291666666667 0.49756510416666666 0.009088541666666653 0.007838541666666643
0 0.29028645833333333 0.59375 0.00981770833333336 0.009023437499999934
0 0.28002604166666667 0.29736979166666666 0.010572916666666673 0.00981770833333336
0 0.5239322916666667 0.6206119791666667 0.00947916666666663 0.00927083333333334
0 0.2255859375 0.556640625 0.010325520833333343 0.009895833333333362
0 0.47240885416666667 0.17809895833333333 0.009518229166666595 0.008710937499999996
0 0.5190494791666667 0.80859375 0.010013020833333405 0.009414062500000023
0 0.14026041666666667 0.44946614583333333 0.0048958333333333215 0.004531250000000024
0 0.5307682291666667 0.45166666666666666 0.012486979166666709 0.011380208333333345
0 0.521484375 0.46143229166666666 0.00947916666666663 0.009088541666666691
0 0.24938802083333333 0.55859375 0.009127604166666655 0.008541666666666595
0 0.27393229166666666 0.5512760416666667 0.005677083333333351 0.005651041666666708
0 0.3837890625 0.08600260416666666 0.010989583333333405 0.010208333333333338
0 0.7641666666666667 0.6513671875 0.010169270833333263 0.009778645833333321
0 0.482421875 0.7758854166666667 0.0055208333333333455 0.0053906250000001306
0 0.22131510416666667 0.68359375 0.010729166666666679 0.010286458333333451
0 0.33276041666666667 0.7856510416666667 0.01151041666666667 0.010403645833333345
0 0.08416666666666667 0.8100651041666667 0.010403645833333336 0.009335937500000094
0 0.016223958333333333 0.6997135416666667 0.011067708333333334 0.010091145833333334
0 0.20947916666666666 0.6626041666666667 0.013124999999999979 0.012669270833333357
0 0.7690494791666667 0.6665104166666667 0.0055468749999999884 0.005143229166666726
0 0.3994140625 0.8486328125 0.005677083333333351 0.0051953125000000116
0 0.5078125 0.9462890625 0.01036458333333338 0.010130208333333298
0 0.139765625 0.153203125 0.013632812499999999 0.012330729166666665
0 0.8369140625 0.6772526041666667 0.005260416666666619 0.0055468749999999884
0 0.061184895833333336 0.17236979166666666 0.012825520833333326 0.011380208333333345
0 0.36743489583333333 0.26391927083333333 0.008710937500000071 0.008151041666666655
0 0.32006510416666667 0.6875 0.005651041666666634 0.005013020833333215
0 0.13721354166666666 0.51171875 0.005677083333333351 0.004830729166666714
0 0.5639713541666667 0.024140625 0.01045572916666663 0.00908854166666667
0 0.27002604166666666 0.7895572916666667 0.013333333333333345 0.013424479166666595
0 0.5346744791666667 0.7021484375 0.004401041666666661 0.004257812499999976
0 0.5927734375 0.6948307291666667 0.005364583333333339 0.005169270833333369
0 0.49486979166666667 0.6391666666666667 0.005286458333333262 0.004687500000000029
0 0.8383854166666667 0.31615885416666667 0.009375000000000059 0.008580729166666634
0 0.04803385416666667 0.92578125 0.008919270833333326 0.00841145833333338
0 0.5288151041666667 0.36475260416666666 0.009192708333333263 0.008320312499999982
0 0.23791666666666667 0.6958072916666667 0.004739583333333315 0.004361979166666548
0 0.47826822916666667 0.6098697916666667 0.005325520833333375 0.004361979166666696
0 0.783203125 0.42798177083333333 0.005624999999999917 0.004973958333333399
0 0.5629947916666667 0.9575260416666667 0.01036458333333338 0.010781249999999964
0 0.353515625 0.8383854166666667 0.005455729166666738 0.005260416666666619
0 0.207890625 0.25390625 0.01045572916666663 0.009296874999999982
0 0.18518229166666667 0.7065494791666667 0.004713541666666672 0.004479166666666738
0 0.28272135416666666 0.5336979166666667 0.008580729166666634 0.009062500000000048
0 0.93359375 0.29932291666666666 0.0049479166666666075 0.004973958333333324
0 0.44408854166666667 0.5263671875 0.0055468749999999884 0.004804687500000071
0 0.8696354166666667 0.1133984375 0.009270833333333192 0.00805989583333333
0 0.40747395833333333 0.9663151041666667 0.011601562499999959 0.011380208333333345
0 0.021692708333333335 0.4658203125 0.011028645833333331 0.010169270833333263
0 0.7260807291666667 0.7739322916666667 0.005585937499999953 0.005585937499999953
0 0.4716796875 0.9663151041666667 0.008880208333333398 0.00929687500000013
0 0.06634114583333334 0.0609765625 0.004427083333333341 0.004140625000000009
0 0.6284244791666667 0.677734375 0.00477864583333328 0.004622395833333274
0 0.09106770833333333 0.8344791666666667 0.0045703124999999884 0.004335937499999905
0 0.45703125 0.27709635416666667 0.012382812499999988 0.009453124999999988
0 0.997109375 0.6030338541666667 0.005781250000000071 0.009518229166666595
0 0.43408854166666666 0.8813541666666667 0.008033854166666613 0.008919270833333215
0 0.31470052083333333 0.92578125 0.005390624999999982 0.0048958333333333215
0 0.5732421875 0.44360677083333333 0.008619791666666673 0.008815104166666643
0 0.5561588541666667 0.775390625 0.004062500000000006 0.004166666666666726
0 0.458984375 0.9350651041666667 0.008736979166666714 0.009062500000000048
0 0.7900390625 0.40259114583333333 0.010859374999999893 0.010572916666666673
0 0.716796875 0.15356770833333333 0.0048958333333333215 0.004739583333333315
0 0.28149739583333333 0.798828125 0.00873697916666664 0.009127604166666655
0 0.734375 0.8803776041666667 0.009453124999999988 0.008945312499999858
0 0.8647526041666667 0.9770572916666667 0.009192708333333263 0.009596354166666524
0 0.7534244791666667 0.9516666666666667 0.011601562500000107 0.013372395833333309
0 0.595703125 0.172734375 0.018828125000000046 0.02123697916666667
0 0.7417057291666667 0.9116276041666667 0.010169270833333263 0.011601562500000107
0 0.986328125 0.0751953125 0.004257812499999976 0.004088541666666667
0 0.7085026041666667 0.9467838541666667 0.013424479166666595 0.014843750000000119
0 0.9790104166666667 0.47631510416666667 0.004804687500000071 0.004453124999999947
0 0.8608463541666667 0.6254947916666667 0.004283854166666619 0.003880208333333357
0 0.5629947916666667 0.9692447916666667 0.010494791666666595 0.010091145833333334
0 0.625 0.9462890625 0.011640625000000071 0.01151041666666656