0 0.2916666666666667 0.2838541666666667 0.028645833333333332 0.03125
0 0.294921875 0.224609375 0.029947916666666668 0.01953125
0 0.2506510416666667 0.23111979166666666 0.01953125 0.01953125
0 0.12369791666666667 0.181640625 0.026041666666666668 0.01953125
0 0.05859375 0.087890625 0.020833333333333332 0.01953125
0 0.08333333333333333 0.052083333333333336 0.015625 0.013020833333333334
0 0.12239583333333333 0.029296875 0.0546875 0.05859375
0 0.5944010416666666 0.17252604166666666 0.07421875 0.07161458333333333
0 0.4524739583333333 0.3450520833333333 0.14973958333333334 0.14322916666666666
0 0.4850260416666667 0.3229166666666667 0.01953125 0.018229166666666668
0 0.08919270833333333 0.6510416666666666 0.029947916666666668 0.026041666666666668
0 0.4446614583333333 0.5305989583333334 0.016927083333333332 0.01953125
0 0.8352864583333334 0.3079427083333333 0.048177083333333336 0.05078125
0 0.8658854166666666 0.07291666666666667 0.0390625 0.049479166666666664
0 0.7584635416666666 0.061848958333333336 0.01953125 0.01953125
0 0.8841145833333334 0.205078125 0.0234375 0.01953125
0 0.6555989583333334 0.23763020833333334 0.022135416666666668 0.01953125
0 0.75 0.4850260416666667 0.296875 0.2799479166666667
0 0.4602864583333333 0.6315104166666666 0.022135416666666668 0.026041666666666668
0 0.3365885416666667 0.8268229166666666 0.022135416666666668 0.026041666666666668
0 0.123046875 0.94140625 0.045572916666666664 0.03125
0 0.9765625 0.8860677083333334 0.026041666666666668 0.02734375
0 0.07682291666666667 0.3125 0.08072916666666667 0.09114583333333333
0 0.013020833333333334 0.12369791666666667 0.020833333333333332 0.0390625
0 0.1171875 0.654296875 0.22916666666666666 0.37109375
0 0.013020833333333334 0.4036458333333333 0.026041666666666668 0.0390625
0 0.7434895833333334 0.9772135416666666 0.0234375 0.01171875
0 0.041015625 0.9505208333333334 0.016927083333333332 0.013020833333333334
0 0.5989583333333334 0.7858072916666666 0.013020833333333334 0.016927083333333332
0 0.5514322916666666 0.5611979166666666 0.016927083333333332 0.015625
0 0.62109375 0.5865885416666666 0.013020833333333334 0.014322916666666666
0 0.1953125 0.16471354166666666 0.03125 0.040364583333333336
0 0.21484375 0.310546875 0.0390625 0.055989583333333336
0 0.2623697916666667 0.134765625 0.13932291666666666 0.14713541666666666
0 0.30078125 0.9752604166666666 0.010416666666666666 0.018229166666666668