0 0.9817708333333334 0.041666666666666664 0.036458333333333336 0.08333333333333333
0 0.9850260416666666 0.3580729166666667 0.029947916666666668 0.13802083333333334
0 0.384765625 0.18229166666666666 0.09635416666666667 0.0859375
0 0.12760416666666666 0.23763020833333334 0.053385416666666664 0.053385416666666664
0 0.21614583333333334 0.010416666666666666 0.06770833333333333 0.020833333333333332
0 0.8828125 0.3502604166666667 0.06640625 0.08333333333333333
0 0.123046875 0.23763020833333334 0.040364583333333336 0.04296875
0 0.2708333333333333 0.9876302083333334 0.046875 0.024739583333333332
0 0.20703125 0.006510416666666667 0.0546875 0.013020833333333334
0 0.8893229166666666 0.3567708333333333 0.044270833333333336 0.048177083333333336
0 0.48828125 0.732421875 0.059895833333333336 0.0625
0 0.01953125 0.470703125 0.0390625 0.16276041666666666
0 0.69921875 0.916015625 0.05078125 0.055989583333333336
0 0.541015625 0.9654947916666666 0.052083333333333336 0.05859375
0 0.22981770833333334 0.8151041666666666 0.14322916666666666 0.10677083333333333
0 0.384765625 0.17838541666666666 0.06380208333333333 0.06770833333333333
0 0.888671875 0.6881510416666666 0.044270833333333336 0.046875
0 0.921875 0.267578125 0.036458333333333336 0.037760416666666664
0 0.4908854166666667 0.59765625 0.0390625 0.040364583333333336
0 0.7063802083333334 0.119140625 0.041666666666666664 0.044270833333333336
0 0.3502604166666667 0.8098958333333334 0.029947916666666668 0.03515625
0 0.984375 0.6588541666666666 0.03125 0.033854166666666664
0 0.6119791666666666 0.6640625 0.046875 0.048177083333333336
0 0.490234375 0.4147135416666667 0.03515625 0.041666666666666664
0 0.5690104166666666 0.3365885416666667 0.036458333333333336 0.040364583333333336
0 0.638671875 0.583984375 0.02734375 0.02734375
0 0.544921875 0.439453125 0.0390625 0.04296875
0 0.521484375 0.5299479166666666 0.03515625 0.036458333333333336