0 0.6901041666666666 0.59375 0.018229166666666668 0.0234375
0 0.4283854166666667 0.14973958333333334 0.033854166666666664 0.0234375
0 0.607421875 0.3040364583333333 0.024739583333333332 0.01953125
0 0.4993489583333333 0.3125 0.01953125 0.020833333333333332
0 0.466796875 0.4674479166666667 0.022135416666666668 0.020833333333333332
0 0.48046875 0.6302083333333334 0.018229166666666668 0.018229166666666668
0 0.6634114583333334 0.5813802083333334 0.022135416666666668 0.024739583333333332
0 0.9088541666666666 0.7779947916666666 0.010416666666666666 0.009114583333333334
0 0.16927083333333334 0.4895833333333333 0.010416666666666666 0.013020833333333334
0 0.051432291666666664 0.095703125 0.01953125 0.01953125
0 0.376953125 0.033854166666666664 0.07161458333333333 0.06510416666666667
0 0.4609375 0.11197916666666667 0.057291666666666664 0.052083333333333336
0 0.158203125 0.033854166666666664 0.07942708333333333 0.06510416666666667
0 0.09049479166666667 0.4700520833333333 0.05859375 0.052083333333333336
0 0.6080729166666666 0.8385416666666666 0.013020833333333334 0.0078125
0 0.4557291666666667 0.26171875 0.018229166666666668 0.018229166666666668
0 0.8326822916666666 0.5436197916666666 0.016927083333333332 0.016927083333333332
0 0.16796875 0.9420572916666666 0.0078125 0.006510416666666667
0 0.099609375 0.92578125 0.01953125 0.013020833333333334
0 0.14518229166666666 0.10872395833333333 0.05078125 0.045572916666666664
0 0.3151041666666667 0.078125 0.013020833333333334 0.010416666666666666
0 0.7252604166666666 0.4557291666666667 0.0390625 0.036458333333333336
0 0.4641927083333333 0.3841145833333333 0.11848958333333333 0.11458333333333333
0 0.4192708333333333 0.470703125 0.013020833333333334 0.01171875
0 0.822265625 0.6471354166666666 0.01171875 0.010416666666666666
0 0.7734375 0.4680989583333333 0.010416666666666666 0.01171875
0 0.009765625 0.7102864583333334 0.01953125 0.061197916666666664