0 0.22135416666666666 0.19921875 0.026041666666666668 0.026041666666666668
0 0.173828125 0.18359375 0.022135416666666668 0.018229166666666668
0 0.35546875 0.020833333333333332 0.057291666666666664 0.033854166666666664
0 0.6223958333333334 0.18815104166666666 0.020833333333333332 0.016927083333333332
0 0.6223958333333334 0.447265625 0.020833333333333332 0.01953125
0 0.5123697916666666 0.4954427083333333 0.03515625 0.032552083333333336
0 0.8984375 0.4889322916666667 0.026041666666666668 0.01953125
0 0.740234375 0.8079427083333334 0.029947916666666668 0.032552083333333336
0 0.5872395833333334 0.5950520833333334 0.0234375 0.0234375
0 0.859375 0.4290364583333333 0.026041666666666668 0.022135416666666668
0 0.8704427083333334 0.74609375 0.016927083333333332 0.013020833333333334
0 0.7734375 0.8723958333333334 0.03125 0.03125
0 0.4713541666666667 0.9609375 0.052083333333333336 0.052083333333333336
0 0.134765625 0.7200520833333334 0.10807291666666667 0.1171875
0 0.07486979166666667 0.8522135416666666 0.05859375 0.04296875
0 0.3170572916666667 0.7591145833333334 0.19140625 0.14322916666666666
0 0.9186197916666666 0.2760416666666667 0.024739583333333332 0.0234375
0 0.8626302083333334 0.15104166666666666 0.25390625 0.2786458333333333
0 0.3346354166666667 0.326171875 0.015625 0.016927083333333332
0 0.517578125 0.9856770833333334 0.01953125 0.010416666666666666
0 0.771484375 0.47265625 0.01953125 0.013020833333333334
0 0.3079427083333333 0.5299479166666666 0.014322916666666666 0.015625
0 0.8665364583333334 0.3678385416666667 0.01953125 0.016927083333333332
0 0.2623697916666667 0.060546875 0.016927083333333332 0.014322916666666666
0 0.1484375 0.8196614583333334 0.16145833333333334 0.11067708333333333