0 0.3971354166666667 0.22786458333333334 0.020833333333333332 0.018229166666666668
0 0.3131510416666667 0.3815104166666667 0.15755208333333334 0.14322916666666666
0 0.4153645833333333 0.33984375 0.0703125 0.078125
0 0.23307291666666666 0.5201822916666666 0.044270833333333336 0.048177083333333336
0 0.2975260416666667 0.498046875 0.009114583333333334 0.016927083333333332
0 0.14973958333333334 0.55078125 0.026041666666666668 0.026041666666666668
0 0.15885416666666666 0.6184895833333334 0.018229166666666668 0.020833333333333332
0 0.25390625 0.5690104166666666 0.013020833333333334 0.015625
0 0.37890625 0.580078125 0.013020833333333334 0.01953125
0 0.251953125 0.7194010416666666 0.061197916666666664 0.055989583333333336
0 0.1640625 0.6829427083333334 0.026041666666666668 0.022135416666666668
0 0.5501302083333334 0.3834635416666667 0.01953125 0.022135416666666668
0 0.873046875 0.3932291666666667 0.037760416666666664 0.036458333333333336
0 0.623046875 0.7727864583333334 0.061197916666666664 0.05078125
0 0.7819010416666666 0.54296875 0.05078125 0.041666666666666664
0 0.9342447916666666 0.5540364583333334 0.01953125 0.01953125
0 0.673828125 0.232421875 0.01953125 0.024739583333333332
0 0.56640625 0.23372395833333334 0.013020833333333334 0.016927083333333332
0 0.9361979166666666 0.013671875 0.0234375 0.01953125
0 0.6510416666666666 0.08723958333333333 0.234375 0.171875
0 0.2734375 0.1015625 0.2734375 0.1953125
0 0.22135416666666666 0.4016927083333333 0.052083333333333336 0.05078125
0 0.6653645833333334 0.7109375 0.026041666666666668 0.026041666666666668
0 0.7942708333333334 0.7552083333333334 0.052083333333333336 0.0546875
0 0.7467447916666666 0.7395833333333334 0.029947916666666668 0.026041666666666668
0 0.20182291666666666 0.85546875 0.026041666666666668 0.028645833333333332
0 0.955078125 0.638671875 0.048177083333333336 0.05859375
0 0.5631510416666666 0.81640625 0.032552083333333336 0.036458333333333336
0 0.80078125 0.3346354166666667 0.013020833333333334 0.015625
0 0.4921875 0.5397135416666666 0.018229166666666668 0.016927083333333332
0 0.6315104166666666 0.4407552083333333 0.052083333333333336 0.05078125
0 0.6901041666666666 0.53515625 0.2734375 0.24739583333333334
0 0.8177083333333334 0.06640625 0.03125 0.033854166666666664
0 0.9244791666666666 0.90625 0.026041666666666668 0.03125
0 0.09114583333333333 0.9479166666666666 0.1171875 0.09114583333333333
0 0.9583333333333334 0.9479166666666666 0.015625 0.020833333333333332
0 0.8899739583333334 0.9401041666666666 0.022135416666666668 0.028645833333333332
0 0.9303385416666666 0.9641927083333334 0.01953125 0.01953125
0 0.8528645833333334 0.9661458333333334 0.06510416666666667 0.0546875
0 0.8567708333333334 0.6295572916666666 0.046875 0.040364583333333336
0 0.9837239583333334 0.7083333333333334 0.016927083333333332 0.020833333333333332
0 0.6041666666666666 0.3059895833333333 0.018229166666666668 0.018229166666666668
0 0.8958333333333334 0.2532552083333333 0.033854166666666664 0.03515625
0 0.8151041666666666 0.193359375 0.028645833333333332 0.040364583333333336