0 0.5052083333333334 0.055338541666666664 0.0390625 0.037760416666666664
0 0.15169270833333334 0.041666666666666664 0.01953125 0.020833333333333332
0 0.080078125 0.42578125 0.024739583333333332 0.0234375
0 0.07421875 0.5286458333333334 0.03125 0.03125
0 0.5950520833333334 0.7975260416666666 0.028645833333333332 0.032552083333333336
0 0.3059895833333333 0.912109375 0.044270833333333336 0.04296875
0 0.08268229166666667 0.3079427083333333 0.01171875 0.01171875
0 0.057942708333333336 0.8548177083333334 0.014322916666666666 0.014322916666666666
0 0.50390625 0.6126302083333334 0.010416666666666666 0.01171875
0 0.98046875 0.18619791666666666 0.0234375 0.026041666666666668
0 0.177734375 0.054036458333333336 0.014322916666666666 0.014322916666666666
0 0.6158854166666666 0.8502604166666666 0.013020833333333334 0.015625
0 0.6510416666666666 0.982421875 0.015625 0.016927083333333332
0 0.11328125 0.8359375 0.010416666666666666 0.010416666666666666
0 0.8131510416666666 0.380859375 0.01171875 0.014322916666666666
0 0.3444010416666667 0.966796875 0.032552083333333336 0.03515625
0 0.11588541666666667 0.028645833333333332 0.010416666666666666 0.010416666666666666
0 0.9576822916666666 0.6236979166666666 0.01171875 0.013020833333333334
0 0.5677083333333334 0.9498697916666666 0.010416666666666666 0.01171875
0 0.7669270833333334 0.23567708333333334 0.013020833333333334 0.01171875
0 0.6106770833333334 0.2526041666666667 0.015625 0.014322916666666666
0 0.822265625 0.9563802083333334 0.010416666666666666 0.01171875
0 0.4505208333333333 0.3287760416666667 0.01171875 0.01171875
0 0.8997395833333334 0.7981770833333334 0.009114583333333334 0.009114583333333334
0 0.560546875 0.140625 0.010416666666666666 0.010416666666666666
0 0.5299479166666666 0.19856770833333334 0.010416666666666666 0.010416666666666666
0 0.9596354166666666 0.4348958333333333 0.01171875 0.010416666666666666
0 0.11328125 0.82421875 0.009114583333333334 0.0078125
0 0.6106770833333334 0.4225260416666667 0.01171875 0.01171875
0 0.14583333333333334 0.5201822916666666 0.01171875 0.010416666666666666
0 0.8151041666666666 0.3815104166666667 0.010416666666666666 0.009114583333333334
0 0.8450520833333334 0.8776041666666666 0.0078125 0.009114583333333334