0 0.13020833333333334 0.061197916666666664 0.026041666666666668 0.0234375
0 0.12239583333333333 0.11979166666666667 0.020833333333333332 0.015625
0 0.439453125 0.0625 0.032552083333333336 0.0390625
0 0.11848958333333333 0.318359375 0.0234375 0.022135416666666668
0 0.072265625 0.5501302083333334 0.053385416666666664 0.048177083333333336
0 0.19010416666666666 0.5247395833333334 0.015625 0.013020833333333334
0 0.21223958333333334 0.640625 0.020833333333333332 0.015625
0 0.5045572916666666 0.27734375 0.01953125 0.026041666666666668
0 0.2649739583333333 0.091796875 0.009114583333333334 0.01953125
0 0.16276041666666666 0.3528645833333333 0.013020833333333334 0.018229166666666668
0 0.06770833333333333 0.21940104166666666 0.013020833333333334 0.01171875
0 0.6354166666666666 0.173828125 0.03125 0.02734375
0 0.5208333333333334 0.20247395833333334 0.026041666666666668 0.01953125
0 0.6328125 0.4010416666666667 0.0234375 0.026041666666666668
0 0.662109375 0.3470052083333333 0.016927083333333332 0.01953125
0 0.625 0.3151041666666667 0.15625 0.14583333333333334
0 0.8307291666666666 0.228515625 0.1484375 0.14973958333333334
0 0.7057291666666666 0.10677083333333333 0.026041666666666668 0.015625
0 0.4954427083333333 0.5462239583333334 0.024739583333333332 0.022135416666666668
0 0.48046875 0.4680989583333333 0.020833333333333332 0.016927083333333332
0 0.3268229166666667 0.65234375 0.015625 0.018229166666666668
0 0.4264322916666667 0.8404947916666666 0.01953125 0.01953125
0 0.525390625 0.8229166666666666 0.016927083333333332 0.015625
0 0.71875 0.8522135416666666 0.06510416666666667 0.061197916666666664
0 0.4622395833333333 0.7643229166666666 0.078125 0.08072916666666667
0 0.9283854166666666 0.9381510416666666 0.07291666666666667 0.08463541666666667
0 0.8626302083333334 0.9837239583333334 0.01953125 0.01953125
0 0.8248697916666666 0.9869791666666666 0.022135416666666668 0.013020833333333334
0 0.8111979166666666 0.4270833333333333 0.018229166666666668 0.013020833333333334
0 0.9811197916666666 0.6158854166666666 0.022135416666666668 0.026041666666666668
0 0.1796875 0.20768229166666666 0.018229166666666668 0.016927083333333332
0 0.14778645833333334 0.798828125 0.022135416666666668 0.02734375
0 0.392578125 0.07552083333333333 0.01171875 0.013020833333333334
0 0.8932291666666666 0.11458333333333333 0.013020833333333334 0.013020833333333334
0 0.2962239583333333 0.7610677083333334 0.01953125 0.016927083333333332
0 0.541015625 0.8860677083333334 0.014322916666666666 0.006510416666666667
0 0.544921875 0.8313802083333334 0.016927083333333332 0.01171875
0 0.552734375 0.07552083333333333 0.17578125 0.14322916666666666
0 0.2903645833333333 0.5123697916666666 0.0078125 0.01171875
0 0.4947916666666667 0.990234375 0.013020833333333334 0.006510416666666667