0 0.8287760416666666 0.3359375 0.032552083333333336 0.03125
0 0.07552083333333333 0.5540364583333334 0.013020833333333334 0.016927083333333332
0 0.5221354166666666 0.4127604166666667 0.015625 0.018229166666666668
0 0.69140625 0.341796875 0.018229166666666668 0.022135416666666668
0 0.883203125 0.8889192708333334 0.05346354166666659 0.05825520833333334
0 0.12174479166666667 0.7890625 0.022135416666666668 0.0234375
0 0.12109375 0.904296875 0.026041666666666668 0.024739583333333332
0 0.13346354166666666 0.8509114583333334 0.014322916666666666 0.016927083333333332
0 0.26171875 0.5859375 0.015625 0.015625
0 0.020182291666666668 0.484375 0.01171875 0.013020833333333334
0 0.3470052083333333 0.404296875 0.014322916666666666 0.01171875
0 0.21614583333333334 0.21028645833333334 0.018229166666666668 0.014322916666666666
0 0.06510416666666667 0.10416666666666667 0.0234375 0.026041666666666668
0 0.310546875 0.115234375 0.016927083333333332 0.016927083333333332
0 0.291015625 0.046875 0.01171875 0.013020833333333334
0 0.11588541666666667 0.259765625 0.015625 0.016927083333333332
0 0.400390625 0.2708333333333333 0.014322916666666666 0.015625
0 0.50390625 0.20572916666666666 0.010416666666666666 0.013020833333333334
0 0.775390625 0.4973958333333333 0.01171875 0.013020833333333334
0 0.3919270833333333 0.6673177083333334 0.010416666666666666 0.01171875
0 0.5416666666666666 0.8352864583333334 0.0234375 0.024739583333333332
0 0.453125 0.939453125 0.013020833333333334 0.016927083333333332
0 0.939453125 0.572265625 0.016927083333333332 0.01953125
0 0.4134114583333333 0.544921875 0.009114583333333334 0.01171875
0 0.4192708333333333 0.986328125 0.010416666666666666 0.014322916666666666
0 0.265625 0.15950520833333334 0.015625 0.014322916666666666
0 0.17057291666666666 0.271484375 0.010416666666666666 0.014322916666666666
0 0.005208333333333333 0.8502604166666666 0.0078125 0.013020833333333334
0 0.09309895833333333 0.8548177083333334 0.01171875 0.014322916666666666
0 0.27734375 0.1015625 0.010416666666666666 0.010416666666666666
0 0.7102864583333334 0.3671875 0.016927083333333332 0.015625
0 0.20833333333333334 0.05859375 0.013020833333333334 0.013020833333333334
0 0.2734375 0.9739583333333334 0.03125 0.0234375
0 0.13932291666666666 0.333984375 0.013020833333333334 0.014322916666666666
0 0.24283854166666666 0.4322916666666667 0.01171875 0.013020833333333334
0 0.41796875 0.9225260416666666 0.010416666666666666 0.009114583333333334
0 0.4407552083333333 0.9622395833333334 0.01171875 0.010416666666666666
0 0.3229166666666667 0.9895833333333334 0.018229166666666668 0.013020833333333334
0 0.3600260416666667 0.9895833333333334 0.01171875 0.013020833333333334
0 0.755859375 0.654296875 0.009114583333333334 0.01171875
0 0.6731770833333334 0.4466145833333333 0.010416666666666666 0.010416666666666666
0 0.423828125 0.76953125 0.01171875 0.010416666666666666
0 0.453125 0.7024739583333334 0.0078125 0.006510416666666667
0 0.3841145833333333 0.28515625 0.010416666666666666 0.010416666666666666
0 0.4427083333333333 0.3131510416666667 0.013020833333333334 0.01171875
0 0.564453125 0.6940104166666666 0.009114583333333334 0.0078125
0 0.5026041666666666 0.7115885416666666 0.010416666666666666 0.009114583333333334
0 0.6881510416666666 0.7415364583333334 0.009114583333333334 0.009114583333333334
0 0.4212239583333333 0.8860677083333334 0.006510416666666667 0.006510416666666667
0 0.3059895833333333 0.8951822916666666 0.0078125 0.006510416666666667
0 0.3404947916666667 0.7864583333333334 0.006510416666666667 0.0078125
0 0.0859375 0.9108072916666666 0.010416666666666666 0.009114583333333334
0 0.07096354166666667 0.8359375 0.009114583333333334 0.010416666666666666
0 0.2747395833333333 0.13020833333333334 0.013020833333333334 0.010416666666666666
0 0.28515625 0.15104166666666666 0.010416666666666666 0.010416666666666666
0 0.4114583333333333 0.038411458333333336 0.0078125 0.009114583333333334
0 0.3450520833333333 0.12825520833333334 0.0078125 0.009114583333333334
0 0.5598958333333334 0.12825520833333334 0.013020833333333334 0.009114583333333334
0 0.451171875 0.177734375 0.01171875 0.009114583333333334
0 0.8229166666666666 0.14778645833333334 0.010416666666666666 0.01171875
0 0.8111979166666666 0.033854166666666664 0.010416666666666666 0.010416666666666666
0 0.44190104166666666 0.20471354166666667 0.010872395833333362 0.010911458333333327
0 0.9848697916666667 0.2080078125 0.018411458333333464 0.013502604166666673
0 0.8813541666666667 0.20373697916666667 0.01541666666666656 0.014817708333333327
0 0.2286328125 0.15283854166666666 0.011380208333333345 0.011458333333333348
0 0.005026041666666666 0.5693359375 0.008489583333333333 0.010494791666666595
0 0.7485416666666667 0.23950520833333333 0.008802083333333321 0.009335937500000021
0 0.841796875 0.41479166666666667 0.010390625000000023 0.01024739583333334
0 0.29248697916666666 0.98046875 0.01994791666666666 0.019479166666666714
0 0.013216145833333333 0.16296875 0.014244791666666668 0.013945312499999992
0 0.6284244791666667 0.24548177083333333 0.011536458333333352 0.011458333333333348
0 0.44263020833333333 0.9643619791666667 0.010429687499999988 0.01102864583333337
0 0.33203125 0.6508854166666667 0.009648437499999996 0.009622395833333316
0 0.7685546875 0.8422916666666667 0.009921874999999858 0.010247395833333192
0 0.8349609375 0.10358072916666666 0.010911458333333476 0.010976562500000009
0 0.34131510416666666 0.7876041666666667 0.008385416666666737 0.009062500000000048
0 0.52734375 0.09502604166666667 0.01093749999999997 0.010273437499999982
0 0.06397135416666667 0.48315104166666667 0.008424479166666665 0.009062500000000048
0 0.7407291666666667 0.6240234375 0.01750000000000007 0.017317708333333275
0 0.8095703125 0.27514322916666667 0.009817708333333286 0.010169270833333336
0 0.6748046875 0.44897135416666667 0.006289062499999905 0.006380208333333304
0 0.42139322916666666 0.9877994791666667 0.011263020833333304 0.011796874999999929
0 0.8325260416666667 0.40625 0.009544270833333238 0.009687500000000071
0 0.7163151041666667 0.564453125 0.010208333333333227 0.010273437499999982
0 0.6162109375 0.7407291666666667 0.008671874999999959 0.009101562500000012
0 0.6137760416666667 0.7827213541666667 0.010976562499999934 0.012135416666666584
0 0.3955078125 0.6108463541666667 0.008697916666666602 0.009192708333333263
0 0.8950260416666667 0.30029947916666666 0.009622395833333464 0.009492187500000027
0 0.5732421875 0.35766927083333333 0.008736979166666714 0.009361979166666737
0 0.0723828125 0.9008854166666667 0.010208333333333338 0.01102864583333337
0 0.8193359375 0.8833072916666667 0.009492187499999952 0.009648437500000107
0 0.7114322916666667 0.30200520833333333 0.009960937500000119 0.010273437499999982
0 0.18822916666666667 0.45850260416666666 0.00873697916666664 0.009335937499999947
0 0.35180989583333333 0.176640625 0.005716145833333315 0.006380208333333304
0 0.35010416666666666 0.537109375 0.005833333333333357 0.006132812500000047
0 0.38989583333333333 0.7646484375 0.005260416666666619 0.0058723958333333215
0 0.9038151041666667 0.25805989583333333 0.005481770833333381 0.006132812499999973
0 0.1434375 0.49291666666666667 0.005989583333333326 0.006510416666666667
0 0.7275390625 0.7919921875 0.007656250000000142 0.008867187499999929