0 0.7467447916666666 0.12109375 0.045572916666666664 0.044270833333333336
0 0.14388020833333334 0.016276041666666668 0.02734375 0.022135416666666668
0 0.169921875 0.07291666666666667 0.037760416666666664 0.0390625
0 0.205078125 0.2975260416666667 0.02734375 0.024739583333333332
0 0.018880208333333332 0.173828125 0.01953125 0.014322916666666666
0 0.3470052083333333 0.20052083333333334 0.022135416666666668 0.0234375
0 0.3873697916666667 0.2936197916666667 0.01953125 0.01953125
0 0.3990885416666667 0.12630208333333334 0.016927083333333332 0.015625
0 0.8177083333333334 0.017578125 0.033854166666666664 0.032552083333333336
0 0.462890625 0.2923177083333333 0.024739583333333332 0.022135416666666668
0 0.037109375 0.6002604166666666 0.016927083333333332 0.020833333333333332
0 0.2740885416666667 0.583984375 0.01953125 0.022135416666666668
0 0.3385416666666667 0.5755208333333334 0.06510416666666667 0.0625
0 0.185546875 0.7779947916666666 0.01953125 0.022135416666666668
0 0.8704427083333334 0.5266927083333334 0.040364583333333336 0.037760416666666664
0 0.4954427083333333 0.3815104166666667 0.022135416666666668 0.018229166666666668
0 0.521484375 0.7063802083333334 0.01953125 0.022135416666666668
0 0.455078125 0.6217447916666666 0.016927083333333332 0.016927083333333332
0 0.8723958333333334 0.6373697916666666 0.03125 0.029947916666666668
0 0.298828125 0.9615885416666666 0.061197916666666664 0.053385416666666664
0 0.6106770833333334 0.8157552083333334 0.028645833333333332 0.024739583333333332
0 0.4225260416666667 0.9296875 0.02734375 0.026041666666666668
0 0.630859375 0.90625 0.029947916666666668 0.0234375
0 0.6692708333333334 0.9147135416666666 0.020833333333333332 0.022135416666666668
0 0.634765625 0.931640625 0.01953125 0.01953125
0 0.6412760416666666 0.3678385416666667 0.06901041666666667 0.06380208333333333
0 0.6295572916666666 0.453125 0.022135416666666668 0.026041666666666668
0 0.865234375 0.150390625 0.016927083333333332 0.01953125
0 0.9381510416666666 0.18815104166666666 0.02734375 0.029947916666666668
0 0.8229166666666666 0.3717447916666667 0.018229166666666668 0.022135416666666668
0 0.8411458333333334 0.78125 0.018229166666666668 0.018229166666666668
0 0.9733072916666666 0.8092447916666666 0.01953125 0.022135416666666668
0 0.353515625 0.3697916666666667 0.016927083333333332 0.018229166666666668
0 0.6575520833333334 0.9368489583333334 0.15625 0.12630208333333334
0 0.16861979166666666 0.9915364583333334 0.024739583333333332 0.016927083333333332
0 0.849609375 0.22395833333333334 0.01953125 0.015625
0 0.13020833333333334 0.5904947916666666 0.013020833333333334 0.014322916666666666
0 0.291015625 0.027994791666666668 0.022135416666666668 0.022135416666666668
0 0.015625 0.009114583333333334 0.015625 0.015625
0 0.4127604166666667 0.4029947916666667 0.010416666666666666 0.01171875
0 0.228515625 0.666015625 0.014322916666666666 0.016927083333333332
0 0.673828125 0.5865885416666666 0.029947916666666668 0.03515625
0 0.9518229166666666 0.71875 0.08854166666666667 0.10416666666666667
0 0.91015625 0.18294270833333334 0.015625 0.016927083333333332