0 0.5833333333333334 0.20377604166666666 0.052083333333333336 0.048177083333333336
0 0.7630208333333334 0.021484375 0.046875 0.040364583333333336
0 0.9798177083333334 0.3828125 0.037760416666666664 0.0390625
0 0.9557291666666666 0.4765625 0.015625 0.018229166666666668
0 0.9055989583333334 0.4609375 0.02734375 0.03125
0 0.6223958333333334 0.4674479166666667 0.015625 0.015625
0 0.8326822916666666 0.24869791666666666 0.022135416666666668 0.0234375
0 0.2897135416666667 0.059244791666666664 0.02734375 0.02734375
0 0.08723958333333333 0.1171875 0.0390625 0.0390625
0 0.8059895833333334 0.98046875 0.03125 0.026041666666666668
0 0.78515625 0.9186197916666666 0.015625 0.016927083333333332
0 0.5677083333333334 0.837890625 0.026041666666666668 0.01953125
0 0.1875 0.8704427083333334 0.057291666666666664 0.05859375
0 0.3118489583333333 0.6770833333333334 0.01953125 0.020833333333333332
0 0.5442708333333334 0.091796875 0.020833333333333332 0.022135416666666668
0 0.048828125 0.7350260416666666 0.014322916666666666 0.016927083333333332
0 0.026041666666666668 0.7532552083333334 0.018229166666666668 0.01953125
0 0.7298177083333334 0.42578125 0.01953125 0.0234375
0 0.07161458333333333 0.4856770833333333 0.015625 0.015625
0 0.9407552083333334 0.035807291666666664 0.11588541666666667 0.06901041666666667
0 0.3509114583333333 0.57421875 0.016927083333333332 0.018229166666666668
0 0.533203125 0.6803385416666666 0.016927083333333332 0.016927083333333332
0 0.13736979166666666 0.1171875 0.014322916666666666 0.013020833333333334
0 0.48828125 0.8177083333333334 0.018229166666666668 0.013020833333333334
0 0.19401041666666666 0.23958333333333334 0.013020833333333334 0.013020833333333334
0 0.2962239583333333 0.3704427083333333 0.01171875 0.01171875
0 0.3151041666666667 0.4876302083333333 0.044270833333333336 0.04296875
0 0.037109375 0.462890625 0.01171875 0.014322916666666666
0 0.8391927083333334 0.6061197916666666 0.029947916666666668 0.029947916666666668
0 0.7506510416666666 0.4407552083333333 0.009114583333333334 0.009114583333333334
0 0.609375 0.5305989583333334 0.010416666666666666 0.009114583333333334
0 0.7369791666666666 0.197265625 0.013020833333333334 0.01171875
0 0.6204427083333334 0.208984375 0.016927083333333332 0.016927083333333332