0 0.19596354166666666 0.8743489583333334 0.029947916666666668 0.029947916666666668
0 0.330078125 0.625 0.01953125 0.0234375
0 0.619140625 0.9602864583333334 0.029947916666666668 0.032552083333333336
0 0.54296875 0.9811197916666666 0.015625 0.014322916666666666
0 0.6640625 0.560546875 0.03125 0.029947916666666668
0 0.8313802083333334 0.3763020833333333 0.06901041666666667 0.06770833333333333
0 0.9329427083333334 0.7272135416666666 0.03515625 0.032552083333333336
0 0.203125 0.2955729166666667 0.026041666666666668 0.026041666666666668
0 0.763671875 0.9049479166666666 0.016927083333333332 0.018229166666666668
0 0.8294270833333334 0.556640625 0.013020833333333334 0.014322916666666666
0 0.818359375 0.6158854166666666 0.055989583333333336 0.049479166666666664
0 0.5826822916666666 0.8854166666666666 0.08463541666666667 0.078125
0 0.3483072916666667 0.7421875 0.032552083333333336 0.0390625
0 0.8138020833333334 0.9029947916666666 0.013020833333333334 0.014322916666666666
0 0.9440104166666666 0.3346354166666667 0.018229166666666668 0.020833333333333332