0 0.23307291666666666 0.4127604166666667 0.018229166666666668 0.020833333333333332
0 0.4661458333333333 0.3196614583333333 0.020833333333333332 0.01953125
0 0.3860677083333333 0.3033854166666667 0.037760416666666664 0.052083333333333336
0 0.2669270833333333 0.3033854166666667 0.14322916666666666 0.14322916666666666
0 0.5026041666666666 0.3736979166666667 0.028645833333333332 0.028645833333333332
0 0.53515625 0.4759114583333333 0.0390625 0.045572916666666664
0 0.572265625 0.197265625 0.07161458333333333 0.08203125
0 0.5970052083333334 0.12434895833333333 0.01953125 0.01953125
0 0.8157552083333334 0.16145833333333334 0.037760416666666664 0.036458333333333336
0 0.654296875 0.3697916666666667 0.11067708333333333 0.09375
0 0.6953125 0.3899739583333333 0.033854166666666664 0.029947916666666668
0 0.6901041666666666 0.130859375 0.026041666666666668 0.01953125
0 0.8463541666666666 0.3639322916666667 0.026041666666666668 0.029947916666666668
0 0.896484375 0.3717447916666667 0.09765625 0.10546875
0 0.8040364583333334 0.4615885416666667 0.09765625 0.08723958333333333
0 0.849609375 0.06575520833333333 0.045572916666666664 0.045572916666666664
0 0.9557291666666666 0.71875 0.0234375 0.0234375
0 0.927734375 0.9830729166666666 0.07161458333333333 0.03125
0 0.22786458333333334 0.5065104166666666 0.026041666666666668 0.0234375
0 0.6380208333333334 0.2936197916666667 0.013020833333333334 0.01953125
0 0.7955729166666666 0.6256510416666666 0.015625 0.01953125
0 0.8606770833333334 0.3248697916666667 0.0234375 0.022135416666666668
0 0.3190104166666667 0.016927083333333332 0.026041666666666668 0.013020833333333334
0 0.96484375 0.3483072916666667 0.015625 0.016927083333333332
0 0.79296875 0.02734375 0.018229166666666668 0.0234375
0 0.6236979166666666 0.027994791666666668 0.03125 0.02734375
0 0.6119791666666666 0.014322916666666666 0.041666666666666664 0.028645833333333332