0 0.6380208333333334 0.115234375 0.0390625 0.040364583333333336
0 0.4798177083333333 0.051432291666666664 0.022135416666666668 0.022135416666666668
0 0.09114583333333333 0.042317708333333336 0.0234375 0.024739583333333332
0 0.3990885416666667 0.11783854166666667 0.11588541666666667 0.11848958333333333
0 0.33203125 0.3444010416666667 0.15625 0.15234375
0 0.7526041666666666 0.038411458333333336 0.015625 0.016927083333333332
0 0.810546875 0.134765625 0.01953125 0.01953125
0 0.23567708333333334 0.057942708333333336 0.018229166666666668 0.016927083333333332
0 0.3203125 0.5592447916666666 0.015625 0.016927083333333332
0 0.40234375 0.5768229166666666 0.036458333333333336 0.0390625
0 0.466796875 0.5130208333333334 0.016927083333333332 0.015625
0 0.521484375 0.5221354166666666 0.055989583333333336 0.059895833333333336
0 0.5794270833333334 0.23307291666666666 0.020833333333333332 0.020833333333333332
0 0.5201822916666666 0.3098958333333333 0.022135416666666668 0.020833333333333332
0 0.4915364583333333 0.6842447916666666 0.01953125 0.01953125
0 0.548828125 0.7545572916666666 0.022135416666666668 0.022135416666666668
0 0.671875 0.544921875 0.015625 0.014322916666666666
0 0.6223958333333334 0.4856770833333333 0.13541666666666666 0.13020833333333334
0 0.69140625 0.5983072916666666 0.0234375 0.022135416666666668
0 0.44921875 0.7884114583333334 0.0390625 0.045572916666666664
0 0.28515625 0.83984375 0.018229166666666668 0.018229166666666668
0 0.3912760416666667 0.841796875 0.06640625 0.07161458333333333
0 0.3658854166666667 0.9251302083333334 0.03125 0.029947916666666668
0 0.439453125 0.8984375 0.05859375 0.049479166666666664
0 0.8072916666666666 0.8059895833333334 0.09114583333333333 0.0859375
0 0.6881510416666666 0.8235677083333334 0.03515625 0.03515625
0 0.673828125 0.9244791666666666 0.01953125 0.0234375
0 0.7356770833333334 0.9674479166666666 0.0390625 0.033854166666666664
0 0.6979166666666666 0.236328125 0.018229166666666668 0.016927083333333332
0 0.9381510416666666 0.14453125 0.014322916666666666 0.018229166666666668
0 0.9713541666666666 0.039713541666666664 0.015625 0.01953125
0 0.06380208333333333 0.017578125 0.015625 0.014322916666666666
0 0.7096354166666666 0.005859375 0.013020833333333334 0.009114583333333334
0 0.9212239583333334 0.036458333333333336 0.01953125 0.013020833333333334
0 0.9518229166666666 0.8743489583333334 0.015625 0.016927083333333332
0 0.9140625 0.638671875 0.013020833333333334 0.014322916666666666
0 0.7408854166666666 0.6360677083333334 0.013020833333333334 0.014322916666666666
0 0.13736979166666666 0.80078125 0.014322916666666666 0.013020833333333334
0 0.012369791666666666 0.8561197916666666 0.014322916666666666 0.01171875
0 0.9739583333333334 0.7115885416666666 0.010416666666666666 0.01171875
0 0.861328125 0.6731770833333334 0.01171875 0.013020833333333334
0 0.49609375 0.7825520833333334 0.013020833333333334 0.015625
0 0.931640625 0.5188802083333334 0.014322916666666666 0.01171875
0 0.98828125 0.3307291666666667 0.010416666666666666 0.015625
0 0.8880208333333334 0.30078125 0.015625 0.013020833333333334
0 0.7174479166666666 0.294921875 0.013020833333333334 0.01171875
0 0.10677083333333333 0.09375 0.013020833333333334 0.013020833333333334