0 0.3958333333333333 0.7942708333333334 0.028645833333333332 0.03125
0 0.2708333333333333 0.759765625 0.052083333333333336 0.053385416666666664
0 0.248046875 0.8046875 0.01953125 0.015625
0 0.15755208333333334 0.9036458333333334 0.015625 0.018229166666666668
0 0.232421875 0.283203125 0.014322916666666666 0.014322916666666666
0 0.7721354166666666 0.5305989583333334 0.013020833333333334 0.014322916666666666
0 0.9420572916666666 0.19856770833333334 0.01171875 0.01171875
0 0.81640625 0.208984375 0.013020833333333334 0.01171875
0 0.5234375 0.16080729166666666 0.015625 0.016927083333333332
0 0.4459635416666667 0.59375 0.014322916666666666 0.015625
0 0.765625 0.9772135416666666 0.010416666666666666 0.01171875
0 0.17317708333333334 0.6536458333333334 0.018229166666666668 0.018229166666666668
0 0.3899739583333333 0.6458333333333334 0.009114583333333334 0.013020833333333334
0 0.3977864583333333 0.4420572916666667 0.01171875 0.01171875
0 0.061197916666666664 0.279296875 0.018229166666666668 0.014322916666666666
0 0.087890625 0.4889322916666667 0.024739583333333332 0.02734375
0 0.130859375 0.4348958333333333 0.014322916666666666 0.013020833333333334
0 0.064453125 0.8352864583333334 0.01171875 0.009114583333333334
0 0.068359375 0.8984375 0.01171875 0.010416666666666666
0 0.008463541666666666 0.8580729166666666 0.009114583333333334 0.013020833333333334
0 0.041666666666666664 0.4908854166666667 0.015625 0.015625
0 0.7942708333333334 0.6158854166666666 0.010416666666666666 0.010416666666666666
0 0.802734375 0.65234375 0.016927083333333332 0.015625
0 0.71875 0.4485677083333333 0.013020833333333334 0.01171875
0 0.5078125 0.3665364583333333 0.010416666666666666 0.01171875
0 0.4986979166666667 0.5501302083333334 0.013020833333333334 0.01171875
0 0.318359375 0.177734375 0.01171875 0.01171875
0 0.22981770833333334 0.908203125 0.009114583333333334 0.009114583333333334
0 0.20442708333333334 0.4173177083333333 0.010416666666666666 0.009114583333333334
0 0.19140625 0.8834635416666666 0.010416666666666666 0.009114583333333334
0 0.9147135416666666 0.5475260416666666 0.009114583333333334 0.009114583333333334
0 0.65625 0.8756510416666666 0.010416666666666666 0.009114583333333334
0 0.2936197916666667 0.3684895833333333 0.01171875 0.0078125
0 0.013671875 0.7213541666666666 0.022135416666666668 0.06770833333333333
0 0.5032552083333334 0.3450520833333333 0.009114583333333334 0.010416666666666666
0 0.5572916666666666 0.4576822916666667 0.013020833333333334 0.014322916666666666
0 0.6927083333333334 0.2265625 0.010416666666666666 0.010416666666666666
0 0.7200520833333334 0.2936197916666667 0.010416666666666666 0.01171875
0 0.517578125 0.035807291666666664 0.014322916666666666 0.01171875
0 0.8151041666666666 0.8274739583333334 0.013020833333333334 0.01171875
0 0.8248697916666666 0.8997395833333334 0.01171875 0.010416666666666666
0 0.07877604166666667 0.296875 0.009114583333333334 0.010416666666666666
0 0.12044270833333333 0.4908854166666667 0.009114583333333334 0.010416666666666666
0 0.17708333333333334 0.515625 0.010416666666666666 0.013020833333333334
0 0.7018229166666666 0.7180989583333334 0.0078125 0.009114583333333334
0 0.5462239583333334 0.7428385416666666 0.009114583333333334 0.01171875