0 0.2877604166666667 0.4752604166666667 0.049479166666666664 0.0390625
0 0.8287760416666666 0.5501302083333334 0.01953125 0.01953125
0 0.810546875 0.3841145833333333 0.024739583333333332 0.0234375
0 0.93359375 0.4329427083333333 0.0234375 0.022135416666666668
0 0.3971354166666667 0.01953125 0.026041666666666668 0.026041666666666668
0 0.8619791666666666 0.7265625 0.018229166666666668 0.018229166666666668
0 0.8209635416666666 0.7330729166666666 0.022135416666666668 0.020833333333333332
0 0.732421875 0.73046875 0.032552083333333336 0.036458333333333336
0 0.7962239583333334 0.8118489583333334 0.048177083333333336 0.04296875
0 0.8059895833333334 0.845703125 0.0234375 0.022135416666666668
0 0.978515625 0.8951822916666666 0.016927083333333332 0.016927083333333332
0 0.83984375 0.4459635416666667 0.026041666666666668 0.032552083333333336
0 0.8658854166666666 0.43359375 0.013020833333333334 0.018229166666666668
0 0.8274739583333334 0.5358072916666666 0.014322916666666666 0.014322916666666666