0 0.6048177083333334 0.248046875 0.03515625 0.029947916666666668
0 0.3444010416666667 0.150390625 0.06380208333333333 0.055989583333333336
0 0.2962239583333333 0.095703125 0.024739583333333332 0.022135416666666668
0 0.021484375 0.052734375 0.03515625 0.03515625
0 0.06575520833333333 0.4791666666666667 0.032552083333333336 0.03125
0 0.12825520833333334 0.3587239583333333 0.08984375 0.08203125
0 0.2643229166666667 0.4446614583333333 0.015625 0.016927083333333332
0 0.10807291666666667 0.5279947916666666 0.020833333333333332 0.016927083333333332
0 0.181640625 0.6614583333333334 0.014322916666666666 0.015625
0 0.13606770833333334 0.66796875 0.048177083333333336 0.052083333333333336
0 0.0703125 0.6848958333333334 0.13020833333333334 0.11979166666666667
0 0.251953125 0.8717447916666666 0.032552083333333336 0.029947916666666668
0 0.4733072916666667 0.6041666666666666 0.03515625 0.028645833333333332
0 0.4225260416666667 0.4850260416666667 0.12109375 0.10546875
0 0.51171875 0.5677083333333334 0.020833333333333332 0.018229166666666668
0 0.5813802083333334 0.7239583333333334 0.05078125 0.049479166666666664
0 0.7122395833333334 0.57421875 0.0234375 0.028645833333333332
0 0.4075520833333333 0.2975260416666667 0.09895833333333333 0.08203125
0 0.2858072916666667 0.26171875 0.11328125 0.1015625
0 0.7473958333333334 0.35546875 0.09375 0.09375
0 0.8880208333333334 0.3756510416666667 0.14583333333333334 0.12369791666666667
0 0.9348958333333334 0.022135416666666668 0.026041666666666668 0.020833333333333332
0 0.9850260416666666 0.2265625 0.029947916666666668 0.03125
0 0.453125 0.712890625 0.0234375 0.022135416666666668
0 0.4381510416666667 0.6529947916666666 0.08203125 0.07682291666666667
0 0.4778645833333333 0.9622395833333334 0.028645833333333332 0.0234375
0 0.6354166666666666 0.8743489583333334 0.020833333333333332 0.022135416666666668
0 0.171875 0.8346354166666666 0.078125 0.06510416666666667
0 0.8763020833333334 0.5514322916666666 0.020833333333333332 0.01953125
0 0.91796875 0.7102864583333334 0.06770833333333333 0.061197916666666664
0 0.8600260416666666 0.6647135416666666 0.022135416666666668 0.01953125
0 0.7252604166666666 0.8092447916666666 0.018229166666666668 0.01953125
0 0.31640625 0.3463541666666667 0.078125 0.06770833333333333
0 0.3072916666666667 0.5670572916666666 0.013020833333333334 0.01171875
0 0.54296875 0.390625 0.010416666666666666 0.013020833333333334
0 0.59765625 0.421875 0.013020833333333334 0.013020833333333334
0 0.6158854166666666 0.5032552083333334 0.013020833333333334 0.014322916666666666
0 0.08528645833333333 0.9876302083333334 0.009114583333333334 0.009114583333333334
0 0.2532552083333333 0.994140625 0.01171875 0.009114583333333334
0 0.263671875 0.9850260416666666 0.08203125 0.029947916666666668
0 0.3131510416666667 0.9407552083333334 0.01171875 0.01171875
0 0.3268229166666667 0.9889322916666666 0.010416666666666666 0.009114583333333334
0 0.7799479166666666 0.9186197916666666 0.013020833333333334 0.01171875
0 0.787109375 0.9850260416666666 0.009114583333333334 0.009114583333333334
0 0.5188802083333334 0.8235677083333334 0.01171875 0.01171875
0 0.587890625 0.8046875 0.01171875 0.010416666666666666
0 0.3151041666666667 0.69140625 0.015625 0.013020833333333334
0 0.3736979166666667 0.666015625 0.015625 0.01171875
0 0.248046875 0.6764322916666666 0.009114583333333334 0.009114583333333334
0 0.30078125 0.736328125 0.0078125 0.009114583333333334
0 0.3736979166666667 0.7877604166666666 0.0078125 0.0078125
0 0.3834635416666667 0.7766927083333334 0.009114583333333334 0.009114583333333334
0 0.2740885416666667 0.541015625 0.01171875 0.01171875
0 0.283203125 0.55859375 0.009114583333333334 0.010416666666666666
0 0.3404947916666667 0.5305989583333334 0.009114583333333334 0.009114583333333334
0 0.580078125 0.6178385416666666 0.01171875 0.01171875
0 0.7122395833333334 0.443359375 0.013020833333333334 0.01171875
0 0.6171875 0.4342447916666667 0.010416666666666666 0.01171875
0 0.3606770833333333 0.3912760416666667 0.013020833333333334 0.01171875
0 0.5364583333333334 0.263671875 0.010416666666666666 0.009114583333333334
0 0.6087239583333334 0.3190104166666667 0.009114583333333334 0.0078125
0 0.48046875 0.3190104166666667 0.0078125 0.0078125