0 0.14973958333333334 0.09244791666666667 0.010416666666666666 0.015625
0 0.18815104166666666 0.033854166666666664 0.016927083333333332 0.0234375
0 0.015625 0.01953125 0.010416666666666666 0.013020833333333334
0 0.052734375 0.030598958333333332 0.05859375 0.048177083333333336
0 0.046875 0.09765625 0.013020833333333334 0.013020833333333334
0 0.07291666666666667 0.18359375 0.018229166666666668 0.015625
0 0.11328125 0.22786458333333334 0.028645833333333332 0.026041666666666668
0 0.013671875 0.2669270833333333 0.01953125 0.013020833333333334
0 0.3932291666666667 0.059895833333333336 0.0234375 0.015625
0 0.2838541666666667 0.020833333333333332 0.013020833333333334 0.015625
0 0.2513020833333333 0.14518229166666666 0.013020833333333334 0.014322916666666666
0 0.716796875 0.12109375 0.01953125 0.020833333333333332
0 0.4759114583333333 0.2526041666666667 0.01953125 0.018229166666666668
0 0.7154947916666666 0.22135416666666666 0.022135416666666668 0.026041666666666668
0 0.08723958333333333 0.22786458333333334 0.010416666666666666 0.013020833333333334
0 0.24153645833333334 0.3528645833333333 0.01953125 0.015625
0 0.4765625 0.06510416666666667 0.09635416666666667 0.09114583333333333
0 0.416015625 0.18229166666666666 0.08723958333333333 0.06510416666666667
0 0.619140625 0.19921875 0.08463541666666667 0.09635416666666667
0 0.4602864583333333 0.333984375 0.014322916666666666 0.014322916666666666
0 0.6393229166666666 0.3639322916666667 0.020833333333333332 0.01953125
0 0.572265625 0.4459635416666667 0.022135416666666668 0.01953125
0 0.4973958333333333 0.7063802083333334 0.041666666666666664 0.045572916666666664
0 0.24869791666666666 0.4954427083333333 0.020833333333333332 0.024739583333333332
0 0.13606770833333334 0.57421875 0.022135416666666668 0.026041666666666668
0 0.19140625 0.7337239583333334 0.1328125 0.13411458333333334
0 0.375 0.90234375 0.0390625 0.046875
0 0.8203125 0.8053385416666666 0.08072916666666667 0.07421875
0 0.8216145833333334 0.9479166666666666 0.1171875 0.09635416666666667
0 0.3424479166666667 0.9876302083333334 0.026041666666666668 0.016927083333333332
0 0.560546875 0.7942708333333334 0.09765625 0.078125
0 0.6712239583333334 0.80859375 0.01953125 0.015625
0 0.7265625 0.3958333333333333 0.013020833333333334 0.018229166666666668
0 0.7526041666666666 0.2805989583333333 0.013020833333333334 0.014322916666666666
0 0.8802083333333334 0.2571614583333333 0.03125 0.032552083333333336
0 0.8736979166666666 0.384765625 0.020833333333333332 0.024739583333333332
0 0.833984375 0.4244791666666667 0.01953125 0.015625
0 0.7395833333333334 0.22916666666666666 0.013020833333333334 0.015625
0 0.4856770833333333 0.74609375 0.10416666666666667 0.09635416666666667
0 0.5774739583333334 0.5182291666666666 0.037760416666666664 0.033854166666666664
0 0.5475260416666666 0.447265625 0.14973958333333334 0.14973958333333334
0 0.66796875 0.7083333333333334 0.13020833333333334 0.125
0 0.6341145833333334 0.7721354166666666 0.036458333333333336 0.044270833333333336
0 0.580078125 0.87890625 0.01953125 0.013020833333333334
0 0.4791666666666667 0.13346354166666666 0.013020833333333334 0.006510416666666667
0 0.953125 0.826171875 0.010416666666666666 0.01953125
0 0.322265625 0.2942708333333333 0.048177083333333336 0.0625
0 0.4108072916666667 0.5533854166666666 0.01953125 0.013020833333333334
0 0.248046875 0.259765625 0.07161458333333333 0.07161458333333333
0 0.23697916666666666 0.3541666666666667 0.11979166666666667 0.10416666666666667
0 0.583984375 0.595703125 0.024739583333333332 0.01953125
0 0.9713541666666666 0.7565104166666666 0.046875 0.078125
0 0.9485677083333334 0.9602864583333334 0.01171875 0.01953125
0 0.7174479166666666 0.44921875 0.0078125 0.013020833333333334
0 0.3834635416666667 0.4622395833333333 0.016927083333333332 0.013020833333333334
0 0.5963541666666666 0.03515625 0.013020833333333334 0.013020833333333334
0 0.5924479166666666 0.08463541666666667 0.010416666666666666 0.013020833333333334
0 0.48828125 0.8951822916666666 0.015625 0.01953125
0 0.8645833333333334 0.13151041666666666 0.013020833333333334 0.010416666666666666
0 0.20638020833333334 0.06315104166666667 0.01171875 0.009114583333333334
0 0.4010416666666667 0.7877604166666666 0.013020833333333334 0.013020833333333334
0 0.12760416666666666 0.41796875 0.013020833333333334 0.015625
0 0.6940104166666666 0.24934895833333334 0.013020833333333334 0.01171875
0 0.6705729166666666 0.25390625 0.010416666666666666 0.013020833333333334
0 0.0859375 0.6354166666666666 0.018229166666666668 0.018229166666666668
0 0.08528645833333333 0.6953125 0.01953125 0.018229166666666668
0 0.3131510416666667 0.8997395833333334 0.006510416666666667 0.013020833333333334
0 0.86328125 0.043619791666666664 0.013020833333333334 0.016927083333333332
0 0.033854166666666664 0.3352864583333333 0.057291666666666664 0.07161458333333333