0 0.662109375 0.026041666666666668 0.12109375 0.052083333333333336
0 0.7591145833333334 0.8489583333333334 0.4817708333333333 0.3020833333333333
0 0.4700520833333333 0.7936197916666666 0.0859375 0.07552083333333333
0 0.38671875 0.8444010416666666 0.053385416666666664 0.06510416666666667
0 0.91015625 0.9921875 0.041666666666666664 0.015625
0 0.8756510416666666 0.9889322916666666 0.024739583333333332 0.022135416666666668
0 0.6848958333333334 0.9518229166666666 0.0390625 0.045572916666666664
0 0.71875 0.7057291666666666 0.036458333333333336 0.033854166666666664
0 0.3626302083333333 0.9375 0.032552083333333336 0.033854166666666664
0 0.09830729166666667 0.6328125 0.049479166666666664 0.049479166666666664
0 0.22265625 0.013671875 0.036458333333333336 0.02734375
0 0.9915364583333334 0.4791666666666667 0.016927083333333332 0.033854166666666664
0 0.9895833333333334 0.3990885416666667 0.020833333333333332 0.04296875
0 0.671875 0.4615885416666667 0.026041666666666668 0.032552083333333336
0 0.6126302083333334 0.5794270833333334 0.036458333333333336 0.033854166666666664
0 0.14778645833333334 0.8880208333333334 0.045572916666666664 0.0390625
0 0.10807291666666667 0.8997395833333334 0.033854166666666664 0.036458333333333336
0 0.056640625 0.888671875 0.032552083333333336 0.040364583333333336
0 0.123046875 0.9602864583333334 0.029947916666666668 0.032552083333333336