0 0.050130208333333336 0.5045572916666666 0.02734375 0.032552083333333336
0 0.055989583333333336 0.2955729166666667 0.03125 0.033854166666666664
0 0.007161458333333333 0.4733072916666667 0.01171875 0.02734375
0 0.099609375 0.615234375 0.048177083333333336 0.048177083333333336
0 0.080078125 0.7981770833333334 0.029947916666666668 0.03125
0 0.3203125 0.96875 0.028645833333333332 0.0234375
0 0.3684895833333333 0.06901041666666667 0.026041666666666668 0.033854166666666664
0 0.5546875 0.193359375 0.08072916666666667 0.053385416666666664
0 0.470703125 0.9290364583333334 0.01953125 0.01953125
0 0.4095052083333333 0.953125 0.016927083333333332 0.018229166666666668
0 0.8365885416666666 0.6881510416666666 0.03515625 0.03515625
0 0.8873697916666666 0.5071614583333334 0.048177083333333336 0.053385416666666664
0 0.9466145833333334 0.4479166666666667 0.018229166666666668 0.018229166666666668
0 0.423828125 0.498046875 0.048177083333333336 0.045572916666666664
0 0.7936197916666666 0.23828125 0.01953125 0.020833333333333332
0 0.9244791666666666 0.2721354166666667 0.018229166666666668 0.018229166666666668
0 0.966796875 0.2630208333333333 0.014322916666666666 0.015625
0 0.5774739583333334 0.5787760416666666 0.01171875 0.01171875
0 0.6809895833333334 0.6686197916666666 0.015625 0.01953125
0 0.42578125 0.2897135416666667 0.015625 0.014322916666666666
0 0.4850260416666667 0.3723958333333333 0.01171875 0.013020833333333334
0 0.4954427083333333 0.061197916666666664 0.055989583333333336 0.057291666666666664
0 0.5709635416666666 0.130859375 0.01953125 0.01953125
0 0.677734375 0.0859375 0.009114583333333334 0.013020833333333334
0 0.9778645833333334 0.353515625 0.013020833333333334 0.016927083333333332
0 0.9420572916666666 0.353515625 0.014322916666666666 0.014322916666666666
0 0.7571614583333334 0.322265625 0.014322916666666666 0.016927083333333332
0 0.5006510416666666 0.828125 0.01171875 0.010416666666666666
0 0.5234375 0.9713541666666666 0.010416666666666666 0.013020833333333334
0 0.9166666666666666 0.9049479166666666 0.013020833333333334 0.018229166666666668
0 0.9381510416666666 0.5247395833333334 0.01953125 0.018229166666666668
0 0.734375 0.8346354166666666 0.010416666666666666 0.013020833333333334
0 0.8639322916666666 0.3932291666666667 0.016927083333333332 0.018229166666666668
0 0.873046875 0.6490885416666666 0.009114583333333334 0.01171875
0 0.09375 0.10481770833333333 0.010416666666666666 0.009114583333333334
0 0.978515625 0.5690104166666666 0.01171875 0.013020833333333334
0 0.802734375 0.6354166666666666 0.016927083333333332 0.018229166666666668
0 0.7330729166666666 0.5579427083333334 0.015625 0.014322916666666666
0 0.8470052083333334 0.916015625 0.016927083333333332 0.014322916666666666