0 0.6940104166666666 0.14518229166666666 0.057291666666666664 0.055989583333333336
0 0.8470052083333334 0.4329427083333333 0.04296875 0.045572916666666664
0 0.9322916666666666 0.306640625 0.0390625 0.040364583333333336
0 0.392578125 0.4446614583333333 0.045572916666666664 0.04296875
0 0.6432291666666666 0.443359375 0.041666666666666664 0.037760416666666664
0 0.4596354166666667 0.66796875 0.026041666666666668 0.020833333333333332
0 0.623046875 0.2799479166666667 0.08723958333333333 0.078125
0 0.24153645833333334 0.09440104166666667 0.05859375 0.055989583333333336
0 0.078125 0.7037760416666666 0.03125 0.02734375
0 0.37109375 0.490234375 0.03125 0.029947916666666668
0 0.5833333333333334 0.8313802083333334 0.052083333333333336 0.048177083333333336
0 0.5826822916666666 0.8274739583333334 0.01953125 0.01953125
0 0.14713541666666666 0.7122395833333334 0.052083333333333336 0.0546875
0 0.3561197916666667 0.8138020833333334 0.016927083333333332 0.015625
0 0.4524739583333333 0.8997395833333334 0.08723958333333333 0.08854166666666667
0 0.3118489583333333 0.8697916666666666 0.053385416666666664 0.049479166666666664
0 0.16471354166666666 0.8268229166666666 0.08984375 0.09635416666666667
0 0.09505208333333333 0.86328125 0.0703125 0.0703125
0 0.09505208333333333 0.9283854166666666 0.0234375 0.020833333333333332
0 0.9609375 0.8697916666666666 0.026041666666666668 0.020833333333333332
0 0.9381510416666666 0.8645833333333334 0.03515625 0.044270833333333336
0 0.23307291666666666 0.958984375 0.11458333333333333 0.08203125
0 0.23372395833333334 0.3170572916666667 0.01953125 0.01953125
0 0.24674479166666666 0.2578125 0.022135416666666668 0.020833333333333332
0 0.5006510416666666 0.0859375 0.01953125 0.018229166666666668
0 0.8287760416666666 0.22200520833333334 0.01953125 0.01953125
0 0.873046875 0.08268229166666667 0.014322916666666666 0.014322916666666666
0 0.9205729166666666 0.4973958333333333 0.0234375 0.0234375
0 0.626953125 0.6979166666666666 0.014322916666666666 0.015625
0 0.7278645833333334 0.75390625 0.015625 0.015625
0 0.5442708333333334 0.18229166666666666 0.015625 0.013020833333333334
0 0.8014322916666666 0.5520833333333334 0.014322916666666666 0.015625
0 0.7864583333333334 0.7975260416666666 0.015625 0.014322916666666666
0 0.18424479166666666 0.12174479166666667 0.016927083333333332 0.016927083333333332
0 0.22200520833333334 0.4817708333333333 0.01171875 0.013020833333333334
0 0.2604166666666667 0.7701822916666666 0.018229166666666668 0.014322916666666666
0 0.22916666666666666 0.8216145833333334 0.018229166666666668 0.015625
0 0.08268229166666667 0.7903645833333334 0.016927083333333332 0.015625
0 0.045572916666666664 0.3828125 0.015625 0.018229166666666668
0 0.7923177083333334 0.21875 0.02734375 0.026041666666666668
0 0.55078125 0.2799479166666667 0.013020833333333334 0.013020833333333334
0 0.6666666666666666 0.5052083333333334 0.013020833333333334 0.013020833333333334
0 0.9140625 0.083984375 0.013020833333333334 0.01171875
0 0.2552083333333333 0.6529947916666666 0.041666666666666664 0.037760416666666664
0 0.22265625 0.6321614583333334 0.010416666666666666 0.01171875
0 0.19791666666666666 0.7252604166666666 0.013020833333333334 0.015625
0 0.3860677083333333 0.5709635416666666 0.01171875 0.01171875
0 0.2532552083333333 0.802734375 0.016927083333333332 0.014322916666666666
0 0.51953125 0.64453125 0.015625 0.015625
0 0.517578125 0.900390625 0.029947916666666668 0.032552083333333336
0 0.537109375 0.8489583333333334 0.014322916666666666 0.013020833333333334
0 0.5533854166666666 0.9283854166666666 0.015625 0.015625
0 0.5716145833333334 0.90625 0.015625 0.013020833333333334
0 0.623046875 0.9498697916666666 0.01171875 0.01171875
0 0.6608072916666666 0.9635416666666666 0.01171875 0.013020833333333334
0 0.4641927083333333 0.7805989583333334 0.029947916666666668 0.029947916666666668
0 0.7591145833333334 0.84765625 0.013020833333333334 0.013020833333333334
0 0.7252604166666666 0.8515625 0.013020833333333334 0.013020833333333334
0 0.7311197916666666 0.3763020833333333 0.01171875 0.010416666666666666
0 0.7154947916666666 0.3841145833333333 0.01171875 0.010416666666666666
0 0.85546875 0.8098958333333334 0.013020833333333334 0.010416666666666666
0 0.875 0.7213541666666666 0.013020833333333334 0.013020833333333334
0 0.9166666666666666 0.73828125 0.010416666666666666 0.010416666666666666
0 0.935546875 0.8033854166666666 0.040364583333333336 0.041666666666666664
0 0.955078125 0.888671875 0.016927083333333332 0.014322916666666666
0 0.9401041666666666 0.9733072916666666 0.010416666666666666 0.01171875
0 0.09830729166666667 0.9596354166666666 0.014322916666666666 0.013020833333333334
0 0.15494791666666666 0.9954427083333334 0.026041666666666668 0.009114583333333334
0 0.24544270833333334 0.06966145833333333 0.02734375 0.024739583333333332
0 0.2740885416666667 0.039713541666666664 0.014322916666666666 0.014322916666666666
0 0.3020833333333333 0.11848958333333333 0.013020833333333334 0.013020833333333334
0 0.3899739583333333 0.10611979166666667 0.01171875 0.01171875