0 0.2109375 0.4889322916666667 0.2864583333333333 0.2669270833333333
0 0.076171875 0.21875 0.032552083333333336 0.0390625
0 0.12174479166666667 0.11002604166666667 0.045572916666666664 0.03515625
0 0.5078125 0.8841145833333334 0.028645833333333332 0.03125
0 0.4192708333333333 0.19466145833333334 0.018229166666666668 0.016927083333333332
0 0.90625 0.64453125 0.052083333333333336 0.046875
0 0.6419270833333334 0.9563802083333334 0.018229166666666668 0.022135416666666668
0 0.3990885416666667 0.529296875 0.02734375 0.02734375
0 0.4069010416666667 0.552734375 0.022135416666666668 0.022135416666666668
0 0.8190104166666666 0.6829427083333334 0.033854166666666664 0.029947916666666668
0 0.8177083333333334 0.6341145833333334 0.018229166666666668 0.0234375
0 0.857421875 0.3541666666666667 0.09765625 0.11458333333333333
0 0.099609375 0.9303385416666666 0.19401041666666666 0.12109375
0 0.9427083333333334 0.462890625 0.03125 0.032552083333333336
0 0.15494791666666666 0.6796875 0.03125 0.036458333333333336
0 0.9251302083333334 0.576171875 0.022135416666666668 0.014322916666666666
0 0.8515625 0.65234375 0.020833333333333332 0.020833333333333332
0 0.837890625 0.5970052083333334 0.016927083333333332 0.014322916666666666
0 0.935546875 0.544921875 0.01171875 0.01171875
0 0.3736979166666667 0.6184895833333334 0.015625 0.020833333333333332
0 0.466796875 0.3841145833333333 0.014322916666666666 0.013020833333333334