0 0.244140625 0.11653645833333333 0.032552083333333336 0.029947916666666668
0 0.14908854166666666 0.09830729166666667 0.014322916666666666 0.01953125
0 0.4173177083333333 0.057291666666666664 0.053385416666666664 0.052083333333333336
0 0.49609375 0.18359375 0.028645833333333332 0.033854166666666664
0 0.5696614583333334 0.07096354166666667 0.032552083333333336 0.029947916666666668
0 0.6848958333333334 0.083984375 0.0234375 0.029947916666666668
0 0.306640625 0.15885416666666666 0.014322916666666666 0.015625
0 0.361328125 0.4147135416666667 0.05859375 0.05078125
0 0.3561197916666667 0.4446614583333333 0.022135416666666668 0.01953125
0 0.3346354166666667 0.6393229166666666 0.033854166666666664 0.033854166666666664
0 0.09700520833333333 0.69921875 0.016927083333333332 0.018229166666666668
0 0.572265625 0.375 0.024739583333333332 0.026041666666666668
0 0.68359375 0.11783854166666667 0.013020833333333334 0.01953125
0 0.8014322916666666 0.134765625 0.03515625 0.037760416666666664
0 0.8977864583333334 0.03515625 0.08463541666666667 0.06770833333333333
0 0.9407552083333334 0.2591145833333333 0.016927083333333332 0.018229166666666668
0 0.927734375 0.5279947916666666 0.045572916666666664 0.045572916666666664
0 0.7825520833333334 0.912109375 0.026041666666666668 0.024739583333333332
0 0.8828125 0.7708333333333334 0.15104166666666666 0.1328125
0 0.4850260416666667 0.560546875 0.016927083333333332 0.022135416666666668
0 0.537109375 0.6354166666666666 0.05859375 0.06510416666666667
0 0.669921875 0.3313802083333333 0.022135416666666668 0.022135416666666668
0 0.71484375 0.3626302083333333 0.046875 0.05078125
0 0.4147135416666667 0.9427083333333334 0.01953125 0.015625
0 0.6256510416666666 0.10026041666666667 0.014322916666666666 0.015625
0 0.6953125 0.15885416666666666 0.03125 0.028645833333333332
0 0.380859375 0.970703125 0.01953125 0.01953125
0 0.8287760416666666 0.9915364583333334 0.01953125 0.016927083333333332
0 0.013671875 0.9095052083333334 0.014322916666666666 0.016927083333333332
0 0.568359375 0.18229166666666666 0.016927083333333332 0.018229166666666668
0 0.011067708333333334 0.0703125 0.01953125 0.03125
0 0.6686197916666666 0.095703125 0.01953125 0.016927083333333332
0 0.7467447916666666 0.11067708333333333 0.01171875 0.013020833333333334
0 0.3697916666666667 0.21484375 0.015625 0.015625
0 0.3841145833333333 0.21614583333333334 0.013020833333333334 0.013020833333333334
0 0.1796875 0.369140625 0.013020833333333334 0.01171875
0 0.068359375 0.8704427083333334 0.014322916666666666 0.01171875
0 0.08919270833333333 0.7604166666666666 0.07942708333333333 0.09635416666666667
0 0.05078125 0.7174479166666666 0.013020833333333334 0.013020833333333334
0 0.3951822916666667 0.8404947916666666 0.016927083333333332 0.014322916666666666
0 0.5859375 0.5416666666666666 0.013020833333333334 0.013020833333333334
0 0.8365885416666666 0.330078125 0.014322916666666666 0.014322916666666666
0 0.6829427083333334 0.7154947916666666 0.022135416666666668 0.024739583333333332
0 0.5625 0.005859375 0.013020833333333334 0.009114583333333334
0 0.7513020833333334 0.9368489583333334 0.0234375 0.024739583333333332
0 0.7819010416666666 0.7552083333333334 0.01953125 0.018229166666666668
0 0.6334635416666666 0.5859375 0.014322916666666666 0.013020833333333334
0 0.010416666666666666 0.7604166666666666 0.013020833333333334 0.013020833333333334