0 0.8040364583333334 0.4537760416666667 0.032552083333333336 0.032552083333333336
0 0.7109375 0.3919270833333333 0.041666666666666664 0.041666666666666664
0 0.384765625 0.055338541666666664 0.03515625 0.032552083333333336
0 0.22135416666666666 0.076171875 0.026041666666666668 0.029947916666666668
0 0.09375 0.033854166666666664 0.03125 0.028645833333333332
0 0.5859375 0.5729166666666666 0.026041666666666668 0.026041666666666668
0 0.984375 0.6783854166666666 0.0234375 0.028645833333333332
0 0.8346354166666666 0.912109375 0.140625 0.14453125
0 0.4915364583333333 0.951171875 0.07161458333333333 0.07682291666666667
0 0.7486979166666666 0.5826822916666666 0.026041666666666668 0.01953125
0 0.69921875 0.8307291666666666 0.018229166666666668 0.018229166666666668
0 0.17643229166666666 0.91796875 0.029947916666666668 0.026041666666666668
0 0.8072916666666666 0.2565104166666667 0.015625 0.016927083333333332
0 0.619140625 0.21549479166666666 0.01171875 0.01171875
0 0.5618489583333334 0.14322916666666666 0.01171875 0.018229166666666668
0 0.8092447916666666 0.09244791666666667 0.01171875 0.018229166666666668
0 0.88671875 0.049479166666666664 0.010416666666666666 0.015625
0 0.9173177083333334 0.4850260416666667 0.016927083333333332 0.01953125
0 0.748046875 0.5807291666666666 0.016927083333333332 0.018229166666666668
0 0.3020833333333333 0.5481770833333334 0.014322916666666666 0.014322916666666666
0 0.5729166666666666 0.24479166666666666 0.009114583333333334 0.009114583333333334
0 0.4283854166666667 0.427734375 0.009114583333333334 0.009114583333333334
0 0.392578125 0.5436197916666666 0.009114583333333334 0.009114583333333334
0 0.16927083333333334 0.7701822916666666 0.013020833333333334 0.013020833333333334
0 0.19791666666666666 0.2740885416666667 0.01171875 0.013020833333333334
0 0.880859375 0.2701822916666667 0.009114583333333334 0.009114583333333334
0 0.462890625 0.4485677083333333 0.009114583333333334 0.009114583333333334
0 0.9466145833333334 0.16015625 0.010416666666666666 0.01171875
0 0.4498697916666667 0.14127604166666666 0.009114583333333334 0.010416666666666666
0 0.3248697916666667 0.3333333333333333 0.01171875 0.01171875