0 0.6451822916666666 0.6686197916666666 0.06901041666666667 0.07421875
0 0.5696614583333334 0.050130208333333336 0.03515625 0.032552083333333336
0 0.73046875 0.024088541666666668 0.028645833333333332 0.032552083333333336
0 0.7649739583333334 0.2578125 0.14973958333333334 0.15104166666666666
0 0.3359375 0.18229166666666666 0.08072916666666667 0.078125
0 0.279296875 0.23177083333333334 0.06640625 0.0703125
0 0.185546875 0.306640625 0.08463541666666667 0.08984375
0 0.08072916666666667 0.5143229166666666 0.13541666666666666 0.15625
0 0.3606770833333333 0.310546875 0.020833333333333332 0.022135416666666668
0 0.5045572916666666 0.388671875 0.045572916666666664 0.04296875
0 0.33984375 0.23111979166666666 0.036458333333333336 0.040364583333333336
0 0.359375 0.4609375 0.0234375 0.0234375
0 0.2838541666666667 0.298828125 0.018229166666666668 0.024739583333333332
0 0.2819010416666667 0.13671875 0.022135416666666668 0.0234375
0 0.078125 0.4713541666666667 0.026041666666666668 0.026041666666666668
0 0.22786458333333334 0.630859375 0.0234375 0.01953125
0 0.24088541666666666 0.8014322916666666 0.18229166666666666 0.18098958333333334
0 0.5221354166666666 0.78125 0.06770833333333333 0.06510416666666667
0 0.5397135416666666 0.6399739583333334 0.05078125 0.053385416666666664
0 0.662109375 0.9244791666666666 0.016927083333333332 0.013020833333333334
0 0.8580729166666666 0.3483072916666667 0.018229166666666668 0.01953125
0 0.791015625 0.3470052083333333 0.01953125 0.014322916666666666
0 0.939453125 0.9576822916666666 0.06380208333333333 0.06380208333333333
0 0.916015625 0.888671875 0.016927083333333332 0.01953125
0 0.849609375 0.12109375 0.2799479166666667 0.22916666666666666
0 0.576171875 0.4733072916666667 0.032552083333333336 0.029947916666666668
0 0.576171875 0.4921875 0.08463541666666667 0.08333333333333333
0 0.048177083333333336 0.6751302083333334 0.057291666666666664 0.06901041666666667
0 0.6087239583333334 0.15364583333333334 0.01953125 0.018229166666666668
0 0.8984375 0.44921875 0.013020833333333334 0.013020833333333334
0 0.8606770833333334 0.4876302083333333 0.015625 0.01953125
0 0.7194010416666666 0.4205729166666667 0.01953125 0.018229166666666668
0 0.7760416666666666 0.8639322916666666 0.015625 0.01953125
0 0.484375 0.8313802083333334 0.2552083333333333 0.2513020833333333
0 0.5130208333333334 0.134765625 0.015625 0.014322916666666666
0 0.9576822916666666 0.043619791666666664 0.014322916666666666 0.016927083333333332
0 0.8307291666666666 0.056640625 0.013020833333333334 0.014322916666666666
0 0.9505208333333334 0.5390625 0.015625 0.015625
0 0.654296875 0.154296875 0.016927083333333332 0.016927083333333332
0 0.69140625 0.20247395833333334 0.013020833333333334 0.016927083333333332
0 0.71484375 0.5677083333333334 0.015625 0.015625
0 0.771484375 0.7180989583333334 0.014322916666666666 0.014322916666666666
0 0.7740885416666666 0.22916666666666666 0.009114583333333334 0.013020833333333334
0 0.2526041666666667 0.8997395833333334 0.018229166666666668 0.020833333333333332
0 0.2936197916666667 0.9772135416666666 0.014322916666666666 0.014322916666666666
0 0.08854166666666667 0.006510416666666667 0.0078125 0.010416666666666666