0 0.3880208333333333 0.9733072916666666 0.0234375 0.0234375
0 0.57421875 0.9934895833333334 0.020833333333333332 0.013020833333333334
0 0.17252604166666666 0.943359375 0.0234375 0.022135416666666668
0 0.3502604166666667 0.724609375 0.022135416666666668 0.022135416666666668
0 0.75 0.7825520833333334 0.028645833333333332 0.028645833333333332
0 0.9798177083333334 0.8190104166666666 0.026041666666666668 0.026041666666666668
0 0.6953125 0.337890625 0.024739583333333332 0.026041666666666668
0 0.7376302083333334 0.7005208333333334 0.020833333333333332 0.0234375
0 0.3723958333333333 0.09765625 0.020833333333333332 0.01953125
0 0.8033854166666666 0.11328125 0.020833333333333332 0.020833333333333332
0 0.66796875 0.21484375 0.024739583333333332 0.026041666666666668
0 0.4440104166666667 0.8463541666666666 0.020833333333333332 0.022135416666666668
0 0.2779947916666667 0.5625 0.020833333333333332 0.01953125
0 0.28515625 0.4446614583333333 0.01953125 0.01953125
0 0.1484375 0.034505208333333336 0.032552083333333336 0.03125
0 0.26953125 0.388671875 0.01953125 0.020833333333333332
0 0.03515625 0.7239583333333334 0.02734375 0.024739583333333332
0 0.5052083333333334 0.4016927083333333 0.02734375 0.02734375
0 0.2864583333333333 0.15234375 0.018229166666666668 0.01953125
0 0.5657552083333334 0.6731770833333334 0.020833333333333332 0.0234375
0 0.8118489583333334 0.34375 0.020833333333333332 0.022135416666666668
0 0.759765625 0.5787760416666666 0.022135416666666668 0.022135416666666668
0 0.3782552083333333 0.6725260416666666 0.024739583333333332 0.024739583333333332
0 0.8502604166666666 0.8385416666666666 0.020833333333333332 0.020833333333333332
0 0.146484375 0.3919270833333333 0.020833333333333332 0.020833333333333332
0 0.2877604166666667 0.9016927083333334 0.020833333333333332 0.020833333333333332
0 0.083984375 0.7369791666666666 0.03515625 0.033854166666666664
0 0.8854166666666666 0.68359375 0.041666666666666664 0.041666666666666664
0 0.216796875 0.564453125 0.02734375 0.020833333333333332
0 0.26171875 0.6764322916666666 0.020833333333333332 0.01953125
0 0.458984375 0.03125 0.01953125 0.0234375
0 0.2578125 0.7350260416666666 0.036458333333333336 0.033854166666666664
0 0.22005208333333334 0.9290364583333334 0.018229166666666668 0.018229166666666668
0 0.890625 0.650390625 0.03515625 0.033854166666666664
0 0.4583333333333333 0.9720052083333334 0.01953125 0.020833333333333332
0 0.71875 0.201171875 0.06380208333333333 0.06510416666666667
0 0.15625 0.189453125 0.061197916666666664 0.07161458333333333
0 0.34765625 0.259765625 0.059895833333333336 0.0546875
0 0.5123697916666666 0.193359375 0.026041666666666668 0.024739583333333332
0 0.041666666666666664 0.026692708333333332 0.08072916666666667 0.053385416666666664
0 0.4720052083333333 0.6848958333333334 0.07421875 0.07682291666666667
0 0.7317708333333334 0.014973958333333334 0.0703125 0.029947916666666668
0 0.18424479166666666 0.07552083333333333 0.053385416666666664 0.05859375
0 0.712890625 0.9837239583333334 0.032552083333333336 0.032552083333333336
0 0.6627604166666666 0.7838541666666666 0.08333333333333333 0.10677083333333333
0 0.9661458333333334 0.3509114583333333 0.05859375 0.061197916666666664