0 0.9244791666666666 0.8463541666666666 0.0390625 0.0390625
0 0.828125 0.4967447916666667 0.0234375 0.024739583333333332
0 0.3033854166666667 0.037109375 0.0234375 0.022135416666666668
0 0.283203125 0.21875 0.045572916666666664 0.046875
0 0.14973958333333334 0.3157552083333333 0.026041666666666668 0.01953125
0 0.14322916666666666 0.2734375 0.026041666666666668 0.026041666666666668
0 0.11067708333333333 0.4596354166666667 0.026041666666666668 0.03125
0 0.08919270833333333 0.521484375 0.022135416666666668 0.024739583333333332
0 0.24348958333333334 0.4817708333333333 0.018229166666666668 0.026041666666666668
0 0.3450520833333333 0.7513020833333334 0.026041666666666668 0.026041666666666668
0 0.3854166666666667 0.83984375 0.049479166666666664 0.052083333333333336
0 0.4765625 0.6569010416666666 0.015625 0.01953125
0 0.3248697916666667 0.56640625 0.014322916666666666 0.013020833333333334
0 0.3092447916666667 0.3821614583333333 0.01953125 0.022135416666666668
0 0.24348958333333334 0.21809895833333334 0.03125 0.032552083333333336
0 0.7838541666666666 0.6484375 0.018229166666666668 0.03125
0 0.146484375 0.888671875 0.032552083333333336 0.032552083333333336
0 0.1640625 0.607421875 0.0234375 0.024739583333333332
0 0.6822916666666666 0.8118489583333334 0.026041666666666668 0.029947916666666668
0 0.88671875 0.8235677083333334 0.015625 0.032552083333333336
0 0.45703125 0.9283854166666666 0.06770833333333333 0.07291666666666667
0 0.5345052083333334 0.9446614583333334 0.022135416666666668 0.014322916666666666
0 0.556640625 0.3333333333333333 0.01953125 0.015625
0 0.9127604166666666 0.14778645833333334 0.0234375 0.01953125
0 0.791015625 0.3111979166666667 0.01953125 0.020833333333333332
0 0.87890625 0.4622395833333333 0.013020833333333334 0.013020833333333334
0 0.798828125 0.498046875 0.016927083333333332 0.01953125
0 0.16471354166666666 0.8580729166666666 0.01953125 0.018229166666666668
0 0.15690104166666666 0.9576822916666666 0.016927083333333332 0.016927083333333332
0 0.287109375 0.9928385416666666 0.01953125 0.014322916666666666
0 0.7350260416666666 0.96875 0.016927083333333332 0.015625
0 0.9765625 0.9049479166666666 0.044270833333333336 0.057291666666666664