0 0.6640625 0.408203125 0.0703125 0.07682291666666667
0 0.9602864583333334 0.8170572916666666 0.07682291666666667 0.09244791666666667
0 0.9055989583333334 0.544921875 0.01953125 0.024739583333333332
0 0.5234375 0.7135416666666666 0.020833333333333332 0.026041666666666668
0 0.7115885416666666 0.7376302083333334 0.016927083333333332 0.022135416666666668
0 0.12174479166666667 0.29296875 0.10286458333333333 0.10416666666666667
0 0.24283854166666666 0.1953125 0.03515625 0.0390625
0 0.208984375 0.19010416666666666 0.032552083333333336 0.041666666666666664
0 0.064453125 0.8541666666666666 0.03515625 0.041666666666666664
0 0.6998697916666666 0.6595052083333334 0.014322916666666666 0.009114583333333334
0 0.8561197916666666 0.896484375 0.014322916666666666 0.016927083333333332
0 0.9798177083333334 0.5696614583333334 0.037760416666666664 0.08463541666666667
0 0.904296875 0.3658854166666667 0.016927083333333332 0.015625
0 0.7526041666666666 0.029296875 0.026041666666666668 0.01953125
0 0.5345052083333334 0.2890625 0.01953125 0.020833333333333332
0 0.2513020833333333 0.921875 0.013020833333333334 0.020833333333333332
0 0.12239583333333333 0.615234375 0.015625 0.016927083333333332
0 0.7447916666666666 0.404296875 0.0234375 0.01953125