0 0.20638020833333334 0.14518229166666666 0.11328125 0.11848958333333333
0 0.8033854166666666 0.22591145833333334 0.013020833333333334 0.01953125
0 0.7467447916666666 0.798828125 0.016927083333333332 0.01953125
0 0.19921875 0.724609375 0.018229166666666668 0.01953125
0 0.9127604166666666 0.9192708333333334 0.015625 0.013020833333333334
0 0.8860677083333334 0.9329427083333334 0.014322916666666666 0.014322916666666666
0 0.9466145833333334 0.05859375 0.013020833333333334 0.013020833333333334
0 0.7903645833333334 0.091796875 0.015625 0.016927083333333332
0 0.875 0.2109375 0.013020833333333334 0.013020833333333334
0 0.4153645833333333 0.4908854166666667 0.018229166666666668 0.015625
0 0.18815104166666666 0.357421875 0.014322916666666666 0.014322916666666666
0 0.302734375 0.521484375 0.014322916666666666 0.01171875
0 0.5247395833333334 0.5240885416666666 0.013020833333333334 0.014322916666666666
0 0.8411458333333334 0.5390625 0.018229166666666668 0.018229166666666668
0 0.9869791666666666 0.5872395833333334 0.018229166666666668 0.020833333333333332
0 0.5078125 0.8828125 0.018229166666666668 0.015625
0 0.7473958333333334 0.93359375 0.013020833333333334 0.010416666666666666
0 0.8125 0.94921875 0.013020833333333334 0.013020833333333334
0 0.8170572916666666 0.958984375 0.014322916666666666 0.014322916666666666