0 0.3255208333333333 0.2584635416666667 0.06510416666666667 0.053385416666666664
0 0.09375 0.5045572916666666 0.078125 0.08203125
0 0.3580729166666667 0.4739583333333333 0.026041666666666668 0.026041666666666668
0 0.3333333333333333 0.4498697916666667 0.015625 0.01953125
0 0.11848958333333333 0.08268229166666667 0.015625 0.02734375
0 0.20052083333333334 0.5078125 0.018229166666666668 0.018229166666666668
0 0.16927083333333334 0.642578125 0.16927083333333334 0.11848958333333333
0 0.13346354166666666 0.830078125 0.05859375 0.061197916666666664
0 0.17447916666666666 0.7766927083333334 0.015625 0.014322916666666666
0 0.4557291666666667 0.7428385416666666 0.078125 0.07161458333333333
0 0.458984375 0.7649739583333334 0.01953125 0.016927083333333332
0 0.3626302083333333 0.9029947916666666 0.07421875 0.07682291666666667
0 0.5559895833333334 0.8743489583333334 0.018229166666666668 0.022135416666666668
0 0.498046875 0.9186197916666666 0.01953125 0.01953125
0 0.451171875 0.955078125 0.016927083333333332 0.01953125
0 0.4459635416666667 0.466796875 0.01953125 0.01953125
0 0.5709635416666666 0.5514322916666666 0.022135416666666668 0.024739583333333332
0 0.04296875 0.21158854166666666 0.018229166666666668 0.016927083333333332
0 0.11393229166666667 0.8997395833333334 0.08463541666666667 0.0859375
0 0.6328125 0.3170572916666667 0.015625 0.014322916666666666
0 0.623046875 0.5084635416666666 0.01953125 0.01953125
0 0.7005208333333334 0.56640625 0.020833333333333332 0.020833333333333332
0 0.5833333333333334 0.7037760416666666 0.020833333333333332 0.01953125
0 0.556640625 0.6048177083333334 0.01953125 0.016927083333333332
0 0.2571614583333333 0.052734375 0.01953125 0.01953125
0 0.9733072916666666 0.150390625 0.01953125 0.01953125
0 0.8723958333333334 0.036458333333333336 0.013020833333333334 0.026041666666666668
0 0.9212239583333334 0.14583333333333334 0.13671875 0.23177083333333334
0 0.11783854166666667 0.016276041666666668 0.01171875 0.016927083333333332
0 0.3287760416666667 0.014322916666666666 0.01953125 0.018229166666666668
0 0.3743489583333333 0.055989583333333336 0.01953125 0.013020833333333334
0 0.5794270833333334 0.050130208333333336 0.013020833333333334 0.014322916666666666
0 0.751953125 0.7005208333333334 0.022135416666666668 0.018229166666666668
0 0.8268229166666666 0.693359375 0.078125 0.06901041666666667
0 0.8899739583333334 0.7513020833333334 0.016927083333333332 0.015625
0 0.026041666666666668 0.9518229166666666 0.013020833333333334 0.018229166666666668
0 0.8359375 0.4817708333333333 0.020833333333333332 0.018229166666666668
0 0.2819010416666667 0.423828125 0.18098958333333334 0.17578125
0 0.294921875 0.3619791666666667 0.014322916666666666 0.013020833333333334