0 0.4348958333333333 0.043619791666666664 0.033854166666666664 0.032552083333333336
0 0.10677083333333333 0.08984375 0.018229166666666668 0.018229166666666668
0 0.020833333333333332 0.008463541666666666 0.0234375 0.014322916666666666
0 0.2421875 0.09895833333333333 0.12760416666666666 0.11197916666666667
0 0.10481770833333333 0.3326822916666667 0.024739583333333332 0.01953125
0 0.462890625 0.12760416666666666 0.07682291666666667 0.078125
0 0.4459635416666667 0.2578125 0.18880208333333334 0.15625
0 0.5579427083333334 0.15950520833333334 0.022135416666666668 0.016927083333333332
0 0.16341145833333334 0.3880208333333333 0.02734375 0.026041666666666668
0 0.13997395833333334 0.4212239583333333 0.01953125 0.01953125
0 0.042317708333333336 0.4674479166666667 0.01953125 0.015625
0 0.12044270833333333 0.4759114583333333 0.01953125 0.014322916666666666
0 0.08919270833333333 0.5494791666666666 0.01953125 0.018229166666666668
0 0.12890625 0.521484375 0.013020833333333334 0.014322916666666666
0 0.16341145833333334 0.6334635416666666 0.01953125 0.01953125
0 0.0546875 0.6438802083333334 0.018229166666666668 0.01953125
0 0.2994791666666667 0.6432291666666666 0.0234375 0.018229166666666668
0 0.5188802083333334 0.5677083333333334 0.022135416666666668 0.020833333333333332
0 0.525390625 0.6979166666666666 0.022135416666666668 0.020833333333333332
0 0.3098958333333333 0.69140625 0.015625 0.015625
0 0.22981770833333334 0.2897135416666667 0.016927083333333332 0.016927083333333332
0 0.6451822916666666 0.369140625 0.037760416666666664 0.037760416666666664
0 0.7786458333333334 0.21809895833333334 0.421875 0.43359375
0 0.09700520833333333 0.09765625 0.061197916666666664 0.059895833333333336
0 0.7083333333333334 0.904296875 0.044270833333333336 0.04296875
0 0.3854166666666667 0.087890625 0.015625 0.016927083333333332
0 0.9544270833333334 0.76953125 0.09114583333333333 0.15364583333333334
0 0.177734375 0.7897135416666666 0.014322916666666666 0.01171875
0 0.2565104166666667 0.5201822916666666 0.018229166666666668 0.016927083333333332
0 0.4869791666666667 0.040364583333333336 0.013020833333333334 0.013020833333333334
0 0.9733072916666666 0.8626302083333334 0.016927083333333332 0.01953125
0 0.8131510416666666 0.9908854166666666 0.016927083333333332 0.015625