0 0.87890625 0.7467447916666666 0.044270833333333336 0.045572916666666664
0 0.9837239583333334 0.14388020833333334 0.022135416666666668 0.02734375
0 0.9270833333333334 0.169921875 0.0390625 0.037760416666666664
0 0.7024739583333334 0.205078125 0.024739583333333332 0.02734375
0 0.826171875 0.018880208333333332 0.014322916666666666 0.01953125
0 0.7994791666666666 0.3470052083333333 0.0234375 0.022135416666666668
0 0.7063802083333334 0.3873697916666667 0.01953125 0.01953125
0 0.8736979166666666 0.3990885416666667 0.015625 0.016927083333333332
0 0.982421875 0.8177083333333334 0.032552083333333336 0.033854166666666664
0 0.7076822916666666 0.462890625 0.022135416666666668 0.024739583333333332
0 0.3997395833333333 0.037109375 0.020833333333333332 0.016927083333333332
0 0.416015625 0.2740885416666667 0.022135416666666668 0.01953125
0 0.4244791666666667 0.3385416666666667 0.0625 0.06510416666666667
0 0.22200520833333334 0.185546875 0.022135416666666668 0.01953125
0 0.4733072916666667 0.8704427083333334 0.037760416666666664 0.040364583333333336
0 0.6184895833333334 0.4954427083333333 0.018229166666666668 0.022135416666666668
0 0.2936197916666667 0.521484375 0.022135416666666668 0.01953125
0 0.3782552083333333 0.455078125 0.016927083333333332 0.016927083333333332
0 0.3626302083333333 0.8723958333333334 0.029947916666666668 0.03125
0 0.038411458333333336 0.298828125 0.053385416666666664 0.061197916666666664
0 0.18424479166666666 0.6106770833333334 0.024739583333333332 0.028645833333333332
0 0.0703125 0.4225260416666667 0.026041666666666668 0.02734375
0 0.09375 0.630859375 0.0234375 0.029947916666666668
0 0.08528645833333333 0.6692708333333334 0.022135416666666668 0.020833333333333332
0 0.068359375 0.634765625 0.01953125 0.01953125
0 0.6321614583333334 0.6412760416666666 0.06380208333333333 0.06901041666666667
0 0.546875 0.6295572916666666 0.026041666666666668 0.022135416666666668
0 0.849609375 0.865234375 0.01953125 0.016927083333333332
0 0.8118489583333334 0.9381510416666666 0.029947916666666668 0.02734375
0 0.6282552083333334 0.8229166666666666 0.022135416666666668 0.018229166666666668
0 0.21875 0.8411458333333334 0.018229166666666668 0.018229166666666668
0 0.19075520833333334 0.9733072916666666 0.022135416666666668 0.01953125
0 0.6302083333333334 0.353515625 0.018229166666666668 0.016927083333333332
0 0.06315104166666667 0.6575520833333334 0.12630208333333334 0.15625
0 0.008463541666666666 0.16861979166666666 0.016927083333333332 0.024739583333333332
0 0.7760416666666666 0.849609375 0.015625 0.01953125
0 0.4095052083333333 0.13020833333333334 0.014322916666666666 0.013020833333333334
0 0.9720052083333334 0.291015625 0.022135416666666668 0.022135416666666668
0 0.9908854166666666 0.015625 0.015625 0.015625
0 0.5970052083333334 0.4127604166666667 0.01171875 0.010416666666666666
0 0.333984375 0.228515625 0.016927083333333332 0.014322916666666666
0 0.4134114583333333 0.673828125 0.03515625 0.029947916666666668
0 0.28125 0.9518229166666666 0.10416666666666667 0.08854166666666667
0 0.8170572916666666 0.91015625 0.016927083333333332 0.015625