0 0.3359375 0.08463541666666667 0.033854166666666664 0.028645833333333332
0 0.020182291666666668 0.05078125 0.037760416666666664 0.046875
0 0.4153645833333333 0.08138020833333333 0.028645833333333332 0.024739583333333332
0 0.359375 0.20833333333333334 0.0234375 0.0234375
0 0.4622395833333333 0.21419270833333334 0.052083333333333336 0.048177083333333336
0 0.447265625 0.2858072916666667 0.048177083333333336 0.048177083333333336
0 0.3053385416666667 0.4694010416666667 0.032552083333333336 0.032552083333333336
0 0.052083333333333336 0.5188802083333334 0.09114583333333333 0.13671875
0 0.1328125 0.6419270833333334 0.028645833333333332 0.026041666666666668
0 0.045572916666666664 0.6927083333333334 0.026041666666666668 0.015625
0 0.568359375 0.505859375 0.11588541666666667 0.13151041666666666
0 0.010416666666666666 0.748046875 0.018229166666666668 0.03515625
0 0.06380208333333333 0.7819010416666666 0.020833333333333332 0.01953125
0 0.12565104166666666 0.7233072916666666 0.06380208333333333 0.05859375
0 0.2565104166666667 0.7591145833333334 0.044270833333333336 0.0390625
0 0.4348958333333333 0.73046875 0.020833333333333332 0.0234375
0 0.580078125 0.8209635416666666 0.024739583333333332 0.01953125
0 0.5143229166666666 0.8919270833333334 0.026041666666666668 0.0234375
0 0.6946614583333334 0.4192708333333333 0.01953125 0.020833333333333332
0 0.376953125 0.3098958333333333 0.022135416666666668 0.018229166666666668
0 0.818359375 0.059244791666666664 0.022135416666666668 0.01953125
0 0.5201822916666666 0.8196614583333334 0.14453125 0.13411458333333334
0 0.8248697916666666 0.9225260416666666 0.029947916666666668 0.024739583333333332
0 0.8170572916666666 0.96484375 0.01953125 0.020833333333333332
0 0.9290364583333334 0.4225260416666667 0.03515625 0.04296875
0 0.904296875 0.10807291666666667 0.048177083333333336 0.044270833333333336
0 0.216796875 0.9088541666666666 0.40234375 0.16927083333333334
0 0.7467447916666666 0.5345052083333334 0.016927083333333332 0.01953125
0 0.7688802083333334 0.036458333333333336 0.014322916666666666 0.018229166666666668
0 0.047526041666666664 0.07161458333333333 0.014322916666666666 0.013020833333333334
0 0.033854166666666664 0.16666666666666666 0.015625 0.015625
0 0.3255208333333333 0.005859375 0.026041666666666668 0.009114583333333334
0 0.3268229166666667 0.4817708333333333 0.013020833333333334 0.018229166666666668
0 0.408203125 0.11067708333333333 0.09244791666666667 0.08854166666666667
0 0.19921875 0.8645833333333334 0.018229166666666668 0.018229166666666668
0 0.7643229166666666 0.490234375 0.013020833333333334 0.016927083333333332
0 0.4869791666666667 0.6614583333333334 0.013020833333333334 0.013020833333333334
0 0.3671875 0.439453125 0.013020833333333334 0.01171875
0 0.08723958333333333 0.3899739583333333 0.015625 0.014322916666666666
0 0.25 0.006510416666666667 0.013020833333333334 0.010416666666666666
0 0.7747395833333334 0.099609375 0.015625 0.014322916666666666
0 0.8313802083333334 0.2421875 0.014322916666666666 0.015625
0 0.6087239583333334 0.19270833333333334 0.014322916666666666 0.013020833333333334
0 0.2916666666666667 0.9791666666666666 0.015625 0.015625
0 0.3268229166666667 0.9694010416666666 0.013020833333333334 0.014322916666666666