0 0.560546875 0.30078125 0.037760416666666664 0.0390625
0 0.3951822916666667 0.3072916666666667 0.022135416666666668 0.026041666666666668
0 0.12174479166666667 0.4205729166666667 0.05859375 0.057291666666666664
0 0.21354166666666666 0.3326822916666667 0.020833333333333332 0.024739583333333332
0 0.740234375 0.12109375 0.029947916666666668 0.028645833333333332
0 0.7688802083333334 0.13411458333333334 0.053385416666666664 0.0625
0 0.6634114583333334 0.9329427083333334 0.13671875 0.11588541666666667
0 0.6875 0.9615885416666666 0.015625 0.01953125
0 0.41796875 0.78125 0.0234375 0.015625
0 0.349609375 0.78125 0.022135416666666668 0.015625
0 0.10872395833333333 0.642578125 0.061197916666666664 0.07161458333333333
0 0.061197916666666664 0.6822916666666666 0.06510416666666667 0.057291666666666664
0 0.049479166666666664 0.3430989583333333 0.08333333333333333 0.13671875
0 0.7180989583333334 0.059895833333333336 0.01171875 0.013020833333333334
0 0.13020833333333334 0.9759114583333334 0.052083333333333336 0.032552083333333336