0 0.5709635416666666 0.8229166666666666 0.02734375 0.015625
0 0.6126302083333334 0.9830729166666666 0.045572916666666664 0.03125
0 0.748046875 0.7265625 0.04296875 0.052083333333333336
0 0.6686197916666666 0.7298177083333334 0.024739583333333332 0.01953125
0 0.8346354166666666 0.7278645833333334 0.026041666666666668 0.018229166666666668
0 0.22591145833333334 0.7552083333333334 0.08463541666666667 0.07291666666666667
0 0.31640625 0.912109375 0.0390625 0.045572916666666664
0 0.3834635416666667 0.958984375 0.029947916666666668 0.02734375
0 0.033203125 0.9251302083333334 0.01953125 0.01953125
0 0.1796875 0.82421875 0.026041666666666668 0.026041666666666668
0 0.07877604166666667 0.6907552083333334 0.045572916666666664 0.045572916666666664
0 0.162109375 0.638671875 0.016927083333333332 0.01953125
0 0.07942708333333333 0.5104166666666666 0.020833333333333332 0.015625
0 0.6881510416666666 0.6529947916666666 0.014322916666666666 0.014322916666666666
0 0.7272135416666666 0.5963541666666666 0.01953125 0.013020833333333334
0 0.61328125 0.712890625 0.09895833333333333 0.10546875
0 0.3561197916666667 0.3548177083333333 0.20963541666666666 0.19661458333333334
0 0.2838541666666667 0.416015625 0.0390625 0.03515625
0 0.3059895833333333 0.3203125 0.018229166666666668 0.018229166666666668
0 0.2994791666666667 0.6178385416666666 0.018229166666666668 0.016927083333333332
0 0.21809895833333334 0.18815104166666666 0.03515625 0.03515625
0 0.10677083333333333 0.14583333333333334 0.0234375 0.026041666666666668
0 0.018880208333333332 0.142578125 0.022135416666666668 0.022135416666666668
0 0.040364583333333336 0.4108072916666667 0.018229166666666668 0.01953125
0 0.7317708333333334 0.9108072916666666 0.015625 0.009114583333333334
0 0.7708333333333334 0.892578125 0.140625 0.13671875
0 0.6686197916666666 0.8697916666666666 0.01171875 0.013020833333333334
0 0.9759114583333334 0.7552083333333334 0.029947916666666668 0.044270833333333336
0 0.7447916666666666 0.15950520833333334 0.0625 0.06380208333333333
0 0.6647135416666666 0.4485677083333333 0.01953125 0.022135416666666668
0 0.9485677083333334 0.3411458333333333 0.014322916666666666 0.015625
0 0.9485677083333334 0.6022135416666666 0.037760416666666664 0.037760416666666664
0 0.7565104166666666 0.673828125 0.013020833333333334 0.014322916666666666
0 0.24348958333333334 0.4615885416666667 0.015625 0.016927083333333332
0 0.22721354166666666 0.5852864583333334 0.016927083333333332 0.022135416666666668
0 0.169921875 0.3326822916666667 0.032552083333333336 0.032552083333333336
0 0.18489583333333334 0.03515625 0.015625 0.013020833333333334
0 0.08854166666666667 0.035807291666666664 0.013020833333333334 0.01171875
0 0.4147135416666667 0.099609375 0.01953125 0.016927083333333332
0 0.5377604166666666 0.3053385416666667 0.013020833333333334 0.016927083333333332
0 0.330078125 0.4967447916666667 0.014322916666666666 0.01171875
0 0.7975260416666666 0.541015625 0.022135416666666668 0.014322916666666666
0 0.8372395833333334 0.27734375 0.013020833333333334 0.013020833333333334
0 0.8359375 0.337890625 0.015625 0.009114583333333334
0 0.9479166666666666 0.15234375 0.013020833333333334 0.015625
0 0.9264322916666666 0.8684895833333334 0.01953125 0.015625
0 0.9837239583333334 0.888671875 0.01953125 0.05078125