0 0.603515625 0.13997395833333334 0.037760416666666664 0.032552083333333336
0 0.14453125 0.07161458333333333 0.044270833333333336 0.052083333333333336
0 0.3229166666666667 0.033854166666666664 0.013020833333333334 0.015625
0 0.09700520833333333 0.255859375 0.03515625 0.040364583333333336
0 0.009114583333333334 0.14322916666666666 0.015625 0.013020833333333334
0 0.044921875 0.212890625 0.016927083333333332 0.01953125
0 0.052734375 0.4016927083333333 0.01953125 0.01953125
0 0.9479166666666666 0.22721354166666666 0.026041666666666668 0.032552083333333336
0 0.4498697916666667 0.4264322916666667 0.01953125 0.01953125
0 0.010416666666666666 0.6549479166666666 0.013020833333333334 0.020833333333333332
0 0.13802083333333334 0.8138020833333334 0.026041666666666668 0.026041666666666668
0 0.2864583333333333 0.8151041666666666 0.015625 0.0234375
0 0.06315104166666667 0.7395833333333334 0.06380208333333333 0.059895833333333336
0 0.7493489583333334 0.6022135416666666 0.01953125 0.01953125
0 0.3170572916666667 0.4069010416666667 0.01953125 0.01953125
0 0.580078125 0.3984375 0.07161458333333333 0.07552083333333333
0 0.6647135416666666 0.5455729166666666 0.01953125 0.020833333333333332
0 0.4290364583333333 0.9895833333333334 0.016927083333333332 0.013020833333333334
0 0.138671875 0.9830729166666666 0.02734375 0.026041666666666668
0 0.4205729166666667 0.5234375 0.013020833333333334 0.013020833333333334
0 0.5169270833333334 0.603515625 0.015625 0.016927083333333332
0 0.10677083333333333 0.482421875 0.015625 0.024739583333333332
0 0.4544270833333333 0.049479166666666664 0.013020833333333334 0.018229166666666668
0 0.24283854166666666 0.802734375 0.014322916666666666 0.016927083333333332
0 0.375 0.47265625 0.013020833333333334 0.018229166666666668
0 0.23177083333333334 0.111328125 0.013020833333333334 0.014322916666666666
0 0.5638020833333334 0.046223958333333336 0.013020833333333334 0.014322916666666666
0 0.27734375 0.921875 0.028645833333333332 0.028645833333333332
0 0.5221354166666666 0.01953125 0.018229166666666668 0.013020833333333334
0 0.333984375 0.4921875 0.016927083333333332 0.018229166666666668
0 0.5755208333333334 0.537109375 0.015625 0.01171875
0 0.5423177083333334 0.6653645833333334 0.014322916666666666 0.013020833333333334
0 0.52734375 0.6477864583333334 0.015625 0.016927083333333332
0 0.4811197916666667 0.6712239583333334 0.01171875 0.01171875