0 0.4928385416666667 0.3411458333333333 0.03515625 0.036458333333333336
0 0.09440104166666667 0.4108072916666667 0.01953125 0.01953125
0 0.22200520833333334 0.16145833333333334 0.10286458333333333 0.09114583333333333
0 0.126953125 0.24153645833333334 0.01953125 0.01953125
0 0.6614583333333334 0.059244791666666664 0.03125 0.01953125
0 0.4075520833333333 0.22526041666666666 0.020833333333333332 0.026041666666666668
0 0.4186197916666667 0.466796875 0.037760416666666664 0.02734375
0 0.3645833333333333 0.6178385416666666 0.026041666666666668 0.022135416666666668
0 0.208984375 0.4375 0.05078125 0.046875
0 0.2975260416666667 0.4889322916666667 0.016927083333333332 0.01953125
0 0.061848958333333336 0.5345052083333334 0.09765625 0.09765625
0 0.2747395833333333 0.7037760416666666 0.0234375 0.01953125
0 0.5970052083333334 0.3802083333333333 0.022135416666666668 0.0234375
0 0.6315104166666666 0.2506510416666667 0.026041666666666668 0.024739583333333332
0 0.337890625 0.9596354166666666 0.09765625 0.06770833333333333
0 0.525390625 0.9283854166666666 0.022135416666666668 0.026041666666666668
0 0.9309895833333334 0.70703125 0.026041666666666668 0.026041666666666668
0 0.9095052083333334 0.8717447916666666 0.029947916666666668 0.029947916666666668
0 0.8274739583333334 0.8958333333333334 0.024739583333333332 0.026041666666666668
0 0.84765625 0.9466145833333334 0.0234375 0.0234375
0 0.7955729166666666 0.6588541666666666 0.171875 0.15104166666666666
0 0.6490885416666666 0.4114583333333333 0.01953125 0.020833333333333332
0 0.5670572916666666 0.9700520833333334 0.02734375 0.0234375
0 0.701171875 0.20442708333333334 0.016927083333333332 0.015625
0 0.029947916666666668 0.2903645833333333 0.013020833333333334 0.015625
0 0.390625 0.5182291666666666 0.018229166666666668 0.015625
0 0.4544270833333333 0.9674479166666666 0.013020833333333334 0.013020833333333334
0 0.4498697916666667 0.857421875 0.014322916666666666 0.01171875
0 0.4427083333333333 0.8802083333333334 0.015625 0.015625
0 0.435546875 0.8470052083333334 0.009114583333333334 0.014322916666666666
0 0.4752604166666667 0.5247395833333334 0.013020833333333334 0.013020833333333334
0 0.8157552083333334 0.033203125 0.19140625 0.06380208333333333
0 0.9908854166666666 0.09830729166666667 0.018229166666666668 0.061197916666666664
0 0.9811197916666666 0.3216145833333333 0.037760416666666664 0.14583333333333334
0 0.9609375 0.7936197916666666 0.026041666666666668 0.024739583333333332
0 0.9765625 0.7708333333333334 0.046875 0.11458333333333333