0 0.71875 0.5514322916666666 0.033854166666666664 0.037760416666666664
0 0.9108072916666666 0.3756510416666667 0.06901041666666667 0.07161458333333333
0 0.7584635416666666 0.3118489583333333 0.02734375 0.02734375
0 0.8203125 0.036458333333333336 0.13802083333333334 0.0703125
0 0.888671875 0.06640625 0.02734375 0.026041666666666668
0 0.7623697916666666 0.947265625 0.024739583333333332 0.024739583333333332
0 0.9055989583333334 0.4772135416666667 0.09765625 0.10026041666666667
0 0.8001302083333334 0.33203125 0.01171875 0.013020833333333334
0 0.3723958333333333 0.6171875 0.018229166666666668 0.018229166666666668
0 0.3645833333333333 0.5423177083333334 0.020833333333333332 0.01953125
0 0.4192708333333333 0.5377604166666666 0.015625 0.013020833333333334
0 0.4270833333333333 0.6276041666666666 0.010416666666666666 0.010416666666666666
0 0.2669270833333333 0.458984375 0.12239583333333333 0.12630208333333334
0 0.17447916666666666 0.4765625 0.059895833333333336 0.06770833333333333
0 0.337890625 0.837890625 0.07161458333333333 0.06640625
0 0.275390625 0.896484375 0.14192708333333334 0.12890625
0 0.119140625 0.3092447916666667 0.10807291666666667 0.10807291666666667
0 0.5305989583333334 0.3671875 0.048177083333333336 0.0546875
0 0.4973958333333333 0.3092447916666667 0.1171875 0.11328125
0 0.6080729166666666 0.236328125 0.21875 0.24348958333333334
0 0.08658854166666667 0.036458333333333336 0.01171875 0.010416666666666666
0 0.025390625 0.6067708333333334 0.01171875 0.013020833333333334
0 0.040364583333333336 0.8736979166666666 0.08072916666666667 0.125
0 0.5930989583333334 0.6712239583333334 0.13671875 0.13671875
0 0.4381510416666667 0.5930989583333334 0.22786458333333334 0.23046875
0 0.51171875 0.8971354166666666 0.015625 0.015625
0 0.1484375 0.17317708333333334 0.013020833333333334 0.010416666666666666
0 0.8587239583333334 0.5657552083333334 0.06380208333333333 0.06901041666666667
0 0.8665364583333334 0.5494791666666666 0.009114583333333334 0.0078125
0 0.7272135416666666 0.11653645833333333 0.014322916666666666 0.01171875
0 0.5904947916666666 0.212890625 0.014322916666666666 0.014322916666666666
0 0.603515625 0.14192708333333334 0.01171875 0.015625
0 0.11653645833333333 0.4088541666666667 0.11328125 0.10416666666666667
0 0.4778645833333333 0.525390625 0.0078125 0.006510416666666667
0 0.4576822916666667 0.55859375 0.006510416666666667 0.0078125
0 0.4388020833333333 0.4095052083333333 0.005208333333333333 0.006510416666666667
0 0.154296875 0.7864583333333334 0.009114583333333334 0.0078125
0 0.17643229166666666 0.7916666666666666 0.006510416666666667 0.0078125
0 0.23697916666666666 0.9635416666666666 0.010416666666666666 0.010416666666666666
0 0.3502604166666667 0.2766927083333333 0.010416666666666666 0.009114583333333334
0 0.373046875 0.06315104166666667 0.009114583333333334 0.009114583333333334