0 0.055338541666666664 0.4947916666666667 0.037760416666666664 0.0390625
0 0.041666666666666664 0.8483072916666666 0.020833333333333332 0.01953125
0 0.42578125 0.919921875 0.0234375 0.024739583333333332
0 0.5286458333333334 0.92578125 0.03125 0.03125
0 0.7975260416666666 0.4049479166666667 0.032552083333333336 0.028645833333333332
0 0.912109375 0.6940104166666666 0.04296875 0.044270833333333336
0 0.3079427083333333 0.9173177083333334 0.01171875 0.01171875
0 0.8548177083333334 0.9420572916666666 0.014322916666666666 0.014322916666666666
0 0.6126302083333334 0.49609375 0.01171875 0.010416666666666666
0 0.18619791666666666 0.01953125 0.026041666666666668 0.0234375
0 0.054036458333333336 0.822265625 0.014322916666666666 0.014322916666666666
0 0.8502604166666666 0.3841145833333333 0.015625 0.013020833333333334
0 0.982421875 0.3489583333333333 0.016927083333333332 0.015625
0 0.8359375 0.88671875 0.010416666666666666 0.010416666666666666
0 0.380859375 0.18684895833333334 0.014322916666666666 0.01171875
0 0.966796875 0.6555989583333334 0.03515625 0.032552083333333336
0 0.028645833333333332 0.8841145833333334 0.010416666666666666 0.010416666666666666
0 0.6236979166666666 0.042317708333333336 0.013020833333333334 0.01171875
0 0.9498697916666666 0.4322916666666667 0.01171875 0.010416666666666666
0 0.23567708333333334 0.23307291666666666 0.01171875 0.013020833333333334
0 0.2526041666666667 0.3893229166666667 0.014322916666666666 0.015625
0 0.9563802083333334 0.177734375 0.01171875 0.010416666666666666
0 0.3287760416666667 0.5494791666666666 0.01171875 0.01171875
0 0.7981770833333334 0.10091145833333333 0.009114583333333334 0.009114583333333334
0 0.140625 0.439453125 0.010416666666666666 0.010416666666666666
0 0.19856770833333334 0.4700520833333333 0.010416666666666666 0.010416666666666666
0 0.4348958333333333 0.040364583333333336 0.010416666666666666 0.01171875
0 0.82421875 0.88671875 0.0078125 0.009114583333333334
0 0.4225260416666667 0.3893229166666667 0.01171875 0.01171875
0 0.5201822916666666 0.8541666666666666 0.010416666666666666 0.01171875
0 0.3815104166666667 0.18489583333333334 0.009114583333333334 0.010416666666666666
0 0.8776041666666666 0.15494791666666666 0.009114583333333334 0.0078125