0 0.69140625 0.5319010416666666 0.09375 0.08463541666666667
0 0.07291666666666667 0.2897135416666667 0.12760416666666666 0.10807291666666667
0 0.06901041666666667 0.2916666666666667 0.018229166666666668 0.03125
0 0.029296875 0.5260416666666666 0.032552083333333336 0.03125
0 0.13541666666666666 0.5611979166666666 0.018229166666666668 0.013020833333333334
0 0.5904947916666666 0.3404947916666667 0.032552083333333336 0.02734375
0 0.326171875 0.3268229166666667 0.17057291666666666 0.16927083333333334
0 0.447265625 0.3483072916666667 0.045572916666666664 0.048177083333333336
0 0.5384114583333334 0.18880208333333334 0.08463541666666667 0.08072916666666667
0 0.974609375 0.4231770833333333 0.03515625 0.06770833333333333
0 0.34375 0.783203125 0.033854166666666664 0.032552083333333336
0 0.09049479166666667 0.8880208333333334 0.16276041666666666 0.15625
0 0.25390625 0.8352864583333334 0.026041666666666668 0.02734375
0 0.291015625 0.8072916666666666 0.022135416666666668 0.0234375
0 0.40234375 0.853515625 0.020833333333333332 0.022135416666666668
0 0.9576822916666666 0.73046875 0.06380208333333333 0.06510416666666667
0 0.7272135416666666 0.7259114583333334 0.07421875 0.055989583333333336
0 0.09114583333333333 0.7434895833333334 0.013020833333333334 0.013020833333333334
0 0.810546875 0.078125 0.01953125 0.015625
0 0.9244791666666666 0.2942708333333333 0.013020833333333334 0.013020833333333334
0 0.169921875 0.07486979166666667 0.01171875 0.016927083333333332
0 0.654296875 0.177734375 0.01953125 0.01171875
0 0.2799479166666667 0.6100260416666666 0.013020833333333334 0.01953125
0 0.4622395833333333 0.5944010416666666 0.013020833333333334 0.014322916666666666
0 0.2708333333333333 0.4270833333333333 0.020833333333333332 0.0234375
0 0.3125 0.8046875 0.015625 0.018229166666666668