0 0.056640625 0.482421875 0.07421875 0.09765625
0 0.06901041666666667 0.8841145833333334 0.020833333333333332 0.0234375
0 0.039713541666666664 0.34765625 0.06640625 0.07552083333333333
0 0.3483072916666667 0.560546875 0.032552083333333336 0.01953125
0 0.3203125 0.9895833333333334 0.015625 0.018229166666666668
0 0.498046875 0.880859375 0.01953125 0.024739583333333332
0 0.5078125 0.6569010416666666 0.026041666666666668 0.016927083333333332
0 0.69140625 0.7766927083333334 0.015625 0.022135416666666668
0 0.373046875 0.9524739583333334 0.016927083333333332 0.01953125
0 0.7115885416666666 0.3411458333333333 0.016927083333333332 0.015625
0 0.8899739583333334 0.4479166666666667 0.022135416666666668 0.0234375
0 0.404296875 0.5162760416666666 0.037760416666666664 0.029947916666666668
0 0.21158854166666666 0.6041666666666666 0.032552083333333336 0.028645833333333332
0 0.71484375 0.6555989583333334 0.046875 0.045572916666666664
0 0.8893229166666666 0.3600260416666667 0.020833333333333332 0.022135416666666668
0 0.9329427083333334 0.458984375 0.016927083333333332 0.022135416666666668
0 0.9420572916666666 0.8665364583333334 0.016927083333333332 0.01953125
0 0.9049479166666666 0.9720052083333334 0.013020833333333334 0.016927083333333332
0 0.4069010416666667 0.376953125 0.01953125 0.01953125
0 0.427734375 0.17578125 0.13411458333333334 0.13020833333333334
0 0.2604166666666667 0.4108072916666667 0.013020833333333334 0.014322916666666666
0 0.330078125 0.7760416666666666 0.016927083333333332 0.018229166666666668
0 0.375 0.8873697916666666 0.046875 0.04296875
0 0.15494791666666666 0.3138020833333333 0.018229166666666668 0.018229166666666668
0 0.15104166666666666 0.24609375 0.015625 0.015625
0 0.091796875 0.01171875 0.02734375 0.015625
0 0.3743489583333333 0.059895833333333336 0.01953125 0.013020833333333334
0 0.7291666666666666 0.4876302083333333 0.020833333333333332 0.014322916666666666
0 0.2545572916666667 0.2981770833333333 0.014322916666666666 0.015625
0 0.11263020833333333 0.09895833333333333 0.01953125 0.0234375
0 0.423828125 0.43359375 0.014322916666666666 0.020833333333333332
0 0.16927083333333334 0.6888020833333334 0.013020833333333334 0.010416666666666666
0 0.244140625 0.8033854166666666 0.01953125 0.015625
0 0.5169270833333334 0.8209635416666666 0.018229166666666668 0.01953125
0 0.61328125 0.919921875 0.015625 0.016927083333333332
0 0.08072916666666667 0.2708333333333333 0.013020833333333334 0.013020833333333334
0 0.06640625 0.20572916666666666 0.013020833333333334 0.013020833333333334
0 0.595703125 0.6985677083333334 0.01953125 0.016927083333333332
0 0.051432291666666664 0.9921875 0.01953125 0.013020833333333334
0 0.18684895833333334 0.5182291666666666 0.022135416666666668 0.013020833333333334
0 0.904296875 0.4251302083333333 0.01953125 0.01953125