0 0.2864583333333333 0.21875 0.026041666666666668 0.026041666666666668
0 0.056640625 0.014322916666666666 0.022135416666666668 0.020833333333333332
0 0.012369791666666666 0.26171875 0.01953125 0.020833333333333332
0 0.15625 0.028645833333333332 0.026041666666666668 0.0234375
0 0.302734375 0.1875 0.01953125 0.020833333333333332
0 0.3033854166666667 0.3229166666666667 0.03125 0.026041666666666668
0 0.5221354166666666 0.10026041666666667 0.0234375 0.015625
0 0.6282552083333334 0.3229166666666667 0.01953125 0.026041666666666668
0 0.734375 0.4453125 0.0234375 0.0234375
0 0.6393229166666666 0.21614583333333334 0.08072916666666667 0.0859375
0 0.5970052083333334 0.3658854166666667 0.10026041666666667 0.09895833333333333
0 0.4791666666666667 0.326171875 0.018229166666666668 0.01953125
0 0.4661458333333333 0.6686197916666666 0.020833333333333332 0.01953125
0 0.7779947916666666 0.642578125 0.032552083333333336 0.037760416666666664
0 0.5397135416666666 0.6686197916666666 0.016927083333333332 0.014322916666666666
0 0.74609375 0.775390625 0.020833333333333332 0.022135416666666668
0 0.2578125 0.6197916666666666 0.013020833333333334 0.013020833333333334
0 0.6490885416666666 0.8977864583333334 0.048177083333333336 0.04296875
0 0.7747395833333334 0.931640625 0.0390625 0.032552083333333336
0 0.9388020833333334 0.07291666666666667 0.10677083333333333 0.12239583333333333
0 0.8040364583333334 0.4563802083333333 0.01953125 0.01953125
0 0.7649739583333334 0.4694010416666667 0.01953125 0.01953125
0 0.716796875 0.498046875 0.022135416666666668 0.024739583333333332
0 0.9283854166666666 0.21744791666666666 0.125 0.15885416666666666
0 0.8958333333333334 0.349609375 0.109375 0.10286458333333333
0 0.9055989583333334 0.4700520833333333 0.06380208333333333 0.06510416666666667
0 0.8899739583333334 0.5677083333333334 0.055989583333333336 0.0703125
0 0.955078125 0.6263020833333334 0.07421875 0.0859375
0 0.8580729166666666 0.916015625 0.0234375 0.032552083333333336
0 0.74609375 0.8704427083333334 0.11197916666666667 0.11848958333333333
0 0.9212239583333334 0.962890625 0.01953125 0.016927083333333332
0 0.30078125 0.04296875 0.013020833333333334 0.013020833333333334
0 0.6139322916666666 0.6647135416666666 0.05078125 0.045572916666666664
0 0.3203125 0.439453125 0.015625 0.01171875
0 0.38671875 0.8756510416666666 0.013020833333333334 0.014322916666666666
0 0.5227864583333334 0.873046875 0.016927083333333332 0.014322916666666666
0 0.5631510416666666 0.685546875 0.014322916666666666 0.014322916666666666
0 0.026041666666666668 0.818359375 0.013020833333333334 0.01171875