0 0.5032552083333334 0.12890625 0.053385416666666664 0.0546875
0 0.3658854166666667 0.140625 0.015625 0.018229166666666668
0 0.09830729166666667 0.2532552083333333 0.19401041666666666 0.23046875
0 0.2604166666666667 0.74609375 0.0390625 0.0390625
0 0.3040364583333333 0.8046875 0.04296875 0.0390625
0 0.0859375 0.8138020833333334 0.036458333333333336 0.033854166666666664
0 0.7298177083333334 0.7936197916666666 0.040364583333333336 0.03515625
0 0.5859375 0.7526041666666666 0.026041666666666668 0.026041666666666668
0 0.4733072916666667 0.9622395833333334 0.03515625 0.03125
0 0.17903645833333334 0.75390625 0.024739583333333332 0.018229166666666668
0 0.4700520833333333 0.3001302083333333 0.052083333333333336 0.05078125
0 0.6009114583333334 0.26171875 0.029947916666666668 0.03125
0 0.716796875 0.3118489583333333 0.05078125 0.048177083333333336
0 0.5071614583333334 0.46875 0.022135416666666668 0.020833333333333332
0 0.5006510416666666 0.8776041666666666 0.016927083333333332 0.018229166666666668
0 0.9212239583333334 0.15299479166666666 0.15755208333333334 0.19401041666666666
0 0.8834635416666666 0.474609375 0.016927083333333332 0.016927083333333332
0 0.3333333333333333 0.375 0.015625 0.013020833333333334
0 0.6595052083333334 0.8235677083333334 0.022135416666666668 0.016927083333333332
0 0.20703125 0.888671875 0.015625 0.014322916666666666
0 0.13932291666666666 0.634765625 0.020833333333333332 0.014322916666666666
0 0.4309895833333333 0.623046875 0.015625 0.014322916666666666
0 0.8131510416666666 0.6953125 0.01953125 0.018229166666666668
0 0.0234375 0.030598958333333332 0.018229166666666668 0.014322916666666666
0 0.9069010416666666 0.5891927083333334 0.01171875 0.014322916666666666
0 0.4622395833333333 0.4635416666666667 0.015625 0.013020833333333334
0 0.6009114583333334 0.4108072916666667 0.014322916666666666 0.01171875
0 0.625 0.767578125 0.013020833333333334 0.01171875
0 0.6536458333333334 0.8001302083333334 0.015625 0.014322916666666666
0 0.6731770833333334 0.857421875 0.015625 0.01171875
0 0.7838541666666666 0.8658854166666666 0.015625 0.013020833333333334
0 0.345703125 0.5240885416666666 0.014322916666666666 0.01171875
0 0.020833333333333332 0.662109375 0.013020833333333334 0.01171875