0 0.845703125 0.6940104166666666 0.30859375 0.4973958333333333
0 0.9694010416666666 0.015625 0.061197916666666664 0.03125
0 0.14583333333333334 0.0546875 0.052083333333333336 0.045572916666666664
0 0.3190104166666667 0.5768229166666666 0.046875 0.0390625
0 0.5110677083333334 0.6276041666666666 0.045572916666666664 0.040364583333333336
0 0.06966145833333333 0.708984375 0.026041666666666668 0.033854166666666664
0 0.2923177083333333 0.6223958333333334 0.032552083333333336 0.0390625
0 0.3053385416666667 0.7395833333333334 0.032552083333333336 0.033854166666666664
0 0.4296875 0.251953125 0.04296875 0.036458333333333336
0 0.447265625 0.2838541666666667 0.029947916666666668 0.0390625
0 0.5338541666666666 0.040364583333333336 0.04296875 0.0390625
0 0.5950520833333334 0.09830729166666667 0.0390625 0.045572916666666664
0 0.6959635416666666 0.10546875 0.049479166666666664 0.048177083333333336
0 0.6588541666666666 0.24674479166666666 0.036458333333333336 0.029947916666666668
0 0.642578125 0.13736979166666666 0.033854166666666664 0.041666666666666664
0 0.50390625 0.37890625 0.06510416666666667 0.04296875
0 0.8815104166666666 0.21940104166666666 0.0390625 0.032552083333333336
0 0.953125 0.22200520833333334 0.0390625 0.032552083333333336
0 0.9856770833333334 0.2421875 0.026041666666666668 0.03515625
0 0.8391927083333334 0.15104166666666666 0.032552083333333336 0.029947916666666668