0 0.2610677083333333 0.8391927083333334 0.037760416666666664 0.03515625
0 0.3346354166666667 0.771484375 0.028645833333333332 0.02734375
0 0.3815104166666667 0.912109375 0.026041666666666668 0.01953125
0 0.380859375 0.8665364583333334 0.016927083333333332 0.01953125
0 0.546875 0.9375 0.013020833333333334 0.013020833333333334
0 0.7805989583333334 0.8880208333333334 0.016927083333333332 0.015625
0 0.8326822916666666 0.8600260416666666 0.016927083333333332 0.016927083333333332
0 0.8880208333333334 0.8098958333333334 0.028645833333333332 0.026041666666666668
0 0.8795572916666666 0.7096354166666666 0.01953125 0.018229166666666668
0 0.8157552083333334 0.5735677083333334 0.016927083333333332 0.01953125
0 0.5944010416666666 0.4518229166666667 0.02734375 0.026041666666666668
0 0.603515625 0.5755208333333334 0.02734375 0.0234375
0 0.3287760416666667 0.642578125 0.024739583333333332 0.022135416666666668
0 0.17838541666666666 0.20638020833333334 0.015625 0.01953125
0 0.833984375 0.8079427083333334 0.01953125 0.01953125
0 0.4375 0.4921875 0.03125 0.026041666666666668
0 0.8313802083333334 0.7513020833333334 0.014322916666666666 0.015625
0 0.5970052083333334 0.7109375 0.014322916666666666 0.013020833333333334
0 0.7415364583333334 0.018229166666666668 0.01171875 0.010416666666666666
0 0.4498697916666667 0.07161458333333333 0.016927083333333332 0.015625
0 0.061848958333333336 0.048828125 0.11848958333333333 0.08984375