0 0.24609375 0.7643229166666666 0.049479166666666664 0.046875
0 0.3723958333333333 0.61328125 0.020833333333333332 0.020833333333333332
0 0.34765625 0.4479166666666667 0.046875 0.041666666666666664
0 0.666015625 0.224609375 0.055989583333333336 0.055989583333333336
0 0.6692708333333334 0.9016927083333334 0.018229166666666668 0.016927083333333332
0 0.8131510416666666 0.5325520833333334 0.01953125 0.020833333333333332
0 0.1640625 0.2578125 0.13802083333333334 0.13541666666666666
0 0.7421875 0.2584635416666667 0.015625 0.016927083333333332
0 0.5872395833333334 0.44921875 0.013020833333333334 0.020833333333333332
0 0.7845052083333334 0.7200520833333334 0.014322916666666666 0.018229166666666668
0 0.70703125 0.20052083333333334 0.010416666666666666 0.010416666666666666
0 0.5950520833333334 0.158203125 0.015625 0.014322916666666666
0 0.6380208333333334 0.50390625 0.0078125 0.010416666666666666
0 0.11588541666666667 0.029296875 0.028645833333333332 0.02734375
0 0.244140625 0.8893229166666666 0.009114583333333334 0.010416666666666666
0 0.9401041666666666 0.17447916666666666 0.013020833333333334 0.015625
0 0.6399739583333334 0.501953125 0.009114583333333334 0.009114583333333334
0 0.2819010416666667 0.64453125 0.01171875 0.01171875
0 0.9837239583333334 0.8971354166666666 0.01171875 0.010416666666666666
0 0.4694010416666667 0.5924479166666666 0.010416666666666666 0.010416666666666666
0 0.6139322916666666 0.13346354166666666 0.009114583333333334 0.010416666666666666
0 0.025390625 0.46484375 0.015625 0.016927083333333332
0 0.048828125 0.728515625 0.015625 0.016927083333333332
0 0.07877604166666667 0.3684895833333333 0.013020833333333334 0.014322916666666666
0 0.23567708333333334 0.5052083333333334 0.010416666666666666 0.010416666666666666
0 0.9303385416666666 0.3489583333333333 0.013020833333333334 0.013020833333333334
0 0.8606770833333334 0.16145833333333334 0.009114583333333334 0.010416666666666666
0 0.94921875 0.9348958333333334 0.022135416666666668 0.0234375
0 0.8352864583333334 0.4537760416666667 0.010416666666666666 0.009114583333333334
0 0.3092447916666667 0.5325520833333334 0.010416666666666666 0.010416666666666666
0 0.8424479166666666 0.763671875 0.013020833333333334 0.014322916666666666
0 0.2532552083333333 0.4869791666666667 0.009114583333333334 0.009114583333333334
0 0.7721354166666666 0.73046875 0.01171875 0.01171875
0 0.4713541666666667 0.6087239583333334 0.009114583333333334 0.009114583333333334
0 0.6510416666666666 0.599609375 0.0078125 0.009114583333333334
0 0.109375 0.4576822916666667 0.009114583333333334 0.009114583333333334
0 0.6438802083333334 0.6158854166666666 0.0078125 0.0078125
0 0.4713541666666667 0.828125 0.010416666666666666 0.009114583333333334
0 0.5 0.11328125 0.0078125 0.0078125
0 0.7115885416666666 0.07942708333333333 0.0078125 0.0078125
0 0.908203125 0.595703125 0.009114583333333334 0.009114583333333334
0 0.15494791666666666 0.9479166666666666 0.0078125 0.0078125
0 0.9856770833333334 0.40625 0.010416666666666666 0.010416666666666666
0 0.4895833333333333 0.5651041666666666 0.0078125 0.0078125
0 0.5026041666666666 0.2799479166666667 0.0078125 0.0078125
0 0.775390625 0.5110677083333334 0.0078125 0.0078125
0 0.035807291666666664 0.8216145833333334 0.009114583333333334 0.009114583333333334