0 0.4401041666666667 0.134765625 0.0234375 0.022135416666666668
0 0.4192708333333333 0.10546875 0.018229166666666668 0.018229166666666668
0 0.3782552083333333 0.09375 0.014322916666666666 0.015625
0 0.18098958333333334 0.2858072916666667 0.203125 0.18619791666666666
0 0.29296875 0.4947916666666667 0.0390625 0.036458333333333336
0 0.6145833333333334 0.3209635416666667 0.018229166666666668 0.01953125
0 0.6380208333333334 0.5279947916666666 0.052083333333333336 0.045572916666666664
0 0.6842447916666666 0.4264322916666667 0.03515625 0.032552083333333336
0 0.7454427083333334 0.4388020833333333 0.01953125 0.0234375
0 0.4095052083333333 0.80078125 0.024739583333333332 0.0234375
0 0.4108072916666667 0.8665364583333334 0.06380208333333333 0.07161458333333333
0 0.513671875 0.935546875 0.01953125 0.01953125
0 0.455078125 0.6692708333333334 0.01953125 0.020833333333333332
0 0.3782552083333333 0.9348958333333334 0.040364583333333336 0.0390625
0 0.72265625 0.560546875 0.026041666666666668 0.01953125
0 0.7688802083333334 0.09375 0.06380208333333333 0.0625
0 0.88671875 0.4947916666666667 0.14583333333333334 0.1328125
0 0.8046875 0.65234375 0.033854166666666664 0.028645833333333332
0 0.043619791666666664 0.4986979166666667 0.03515625 0.0390625
0 0.638671875 0.4108072916666667 0.01953125 0.016927083333333332
0 0.755859375 0.953125 0.024739583333333332 0.020833333333333332
0 0.4375 0.9700520833333334 0.1171875 0.057291666666666664
0 0.8782552083333334 0.9889322916666666 0.024739583333333332 0.022135416666666668
0 0.779296875 0.7154947916666666 0.01953125 0.016927083333333332
0 0.330078125 0.4453125 0.01171875 0.010416666666666666
0 0.024088541666666668 0.4231770833333333 0.016927083333333332 0.015625
0 0.035807291666666664 0.23893229166666666 0.014322916666666666 0.01171875
0 0.6764322916666666 0.060546875 0.014322916666666666 0.014322916666666666
0 0.73828125 0.9908854166666666 0.036458333333333336 0.018229166666666668
0 0.9583333333333334 0.392578125 0.018229166666666668 0.016927083333333332
0 0.2799479166666667 0.5924479166666666 0.015625 0.013020833333333334
0 0.14192708333333334 0.48828125 0.013020833333333334 0.010416666666666666
0 0.3391927083333333 0.7291666666666666 0.014322916666666666 0.013020833333333334
0 0.9420572916666666 0.884765625 0.01171875 0.01171875
0 0.8359375 0.666015625 0.07552083333333333 0.07161458333333333
0 0.904296875 0.384765625 0.055989583333333336 0.048177083333333336
0 0.9752604166666666 0.904296875 0.049479166666666664 0.05078125
0 0.3307291666666667 0.3131510416666667 0.013020833333333334 0.014322916666666666
0 0.16927083333333334 0.2727864583333333 0.013020833333333334 0.01171875
0 0.15625 0.2526041666666667 0.013020833333333334 0.010416666666666666
0 0.14322916666666666 0.2845052083333333 0.010416666666666666 0.009114583333333334
0 0.3606770833333333 0.23177083333333334 0.010416666666666666 0.010416666666666666
0 0.064453125 0.17447916666666666 0.009114583333333334 0.010416666666666666
0 0.09895833333333333 0.10286458333333333 0.010416666666666666 0.0078125
0 0.3372395833333333 0.005859375 0.015625 0.009114583333333334