0 0.7981770833333334 0.63671875 0.028645833333333332 0.033854166666666664
0 0.638671875 0.9303385416666666 0.022135416666666668 0.01953125
0 0.3326822916666667 0.6360677083333334 0.048177083333333336 0.048177083333333336
0 0.3815104166666667 0.4654947916666667 0.0234375 0.032552083333333336
0 0.6158854166666666 0.4212239583333333 0.015625 0.016927083333333332
0 0.4947916666666667 0.4368489583333333 0.018229166666666668 0.014322916666666666
0 0.2109375 0.15755208333333334 0.026041666666666668 0.028645833333333332
0 0.10807291666666667 0.09440104166666667 0.0234375 0.024739583333333332
0 0.3151041666666667 0.6712239583333334 0.026041666666666668 0.024739583333333332
0 0.80078125 0.306640625 0.010416666666666666 0.01171875
0 0.3639322916666667 0.3430989583333333 0.01953125 0.016927083333333332
0 0.91015625 0.8430989583333334 0.03125 0.032552083333333336
0 0.9557291666666666 0.4537760416666667 0.03125 0.029947916666666668
0 0.255859375 0.3170572916666667 0.024739583333333332 0.022135416666666668
0 0.3645833333333333 0.28515625 0.018229166666666668 0.010416666666666666
0 0.7975260416666666 0.2845052083333333 0.014322916666666666 0.014322916666666666
0 0.3841145833333333 0.416015625 0.013020833333333334 0.014322916666666666
0 0.014322916666666666 0.4303385416666667 0.018229166666666668 0.022135416666666668
0 0.016927083333333332 0.6666666666666666 0.015625 0.018229166666666668