0 0.4563802083333333 0.23828125 0.040364583333333336 0.0390625
0 0.08138020833333333 0.37890625 0.01953125 0.020833333333333332
0 0.4544270833333333 0.57421875 0.03125 0.03125
0 0.7727864583333334 0.232421875 0.03515625 0.032552083333333336
0 0.251953125 0.5904947916666666 0.07161458333333333 0.08984375
0 0.375 0.7135416666666666 0.033854166666666664 0.0390625
0 0.3196614583333333 0.6829427083333334 0.02734375 0.022135416666666668
0 0.3352864583333333 0.728515625 0.01953125 0.022135416666666668
0 0.173828125 0.6770833333333334 0.022135416666666668 0.0234375
0 0.7259114583333334 0.7936197916666666 0.05859375 0.061197916666666664
0 0.7981770833333334 0.8880208333333334 0.059895833333333336 0.0625
0 0.7760416666666666 0.4420572916666667 0.028645833333333332 0.03515625
0 0.9544270833333334 0.9283854166666666 0.057291666666666664 0.06510416666666667
0 0.44921875 0.787109375 0.020833333333333332 0.01953125
0 0.3971354166666667 0.87890625 0.020833333333333332 0.018229166666666668
0 0.6907552083333334 0.5709635416666666 0.016927083333333332 0.01171875
0 0.13151041666666666 0.7428385416666666 0.013020833333333334 0.01171875
0 0.9544270833333334 0.6666666666666666 0.013020833333333334 0.015625
0 0.9759114583333334 0.22526041666666666 0.014322916666666666 0.013020833333333334
0 0.6477864583333334 0.12239583333333333 0.014322916666666666 0.013020833333333334
0 0.8333333333333334 0.869140625 0.016927083333333332 0.016927083333333332
0 0.265625 0.52734375 0.018229166666666668 0.016927083333333332
0 0.5240885416666666 0.8997395833333334 0.015625 0.015625
0 0.16927083333333334 0.06901041666666667 0.015625 0.014322916666666666
0 0.5657552083333334 0.8932291666666666 0.014322916666666666 0.014322916666666666
0 0.193359375 0.7408854166666666 0.013020833333333334 0.013020833333333334
0 0.6920572916666666 0.4225260416666667 0.013020833333333334 0.013020833333333334
0 0.7447916666666666 0.5149739583333334 0.01171875 0.01171875
0 0.779296875 0.9856770833333334 0.014322916666666666 0.014322916666666666
0 0.8098958333333334 0.8515625 0.0234375 0.024739583333333332
0 0.298828125 0.513671875 0.015625 0.014322916666666666
0 0.7083333333333334 0.3489583333333333 0.01171875 0.010416666666666666
0 0.8020833333333334 0.54296875 0.009114583333333334 0.009114583333333334
0 0.85546875 0.6725260416666666 0.009114583333333334 0.009114583333333334
0 0.73828125 0.6263020833333334 0.010416666666666666 0.010416666666666666
0 0.4348958333333333 0.7317708333333334 0.010416666666666666 0.010416666666666666
0 0.4114583333333333 0.9270833333333334 0.010416666666666666 0.010416666666666666
0 0.5631510416666666 0.4361979166666667 0.01171875 0.010416666666666666
0 0.8190104166666666 0.7493489583333334 0.009114583333333334 0.009114583333333334