0 0.5546875 0.20638020833333334 0.015625 0.016927083333333332
0 0.7526041666666666 0.22591145833333334 0.0859375 0.08463541666666667
0 0.7161458333333334 0.014973958333333334 0.046875 0.02734375
0 0.7115885416666666 0.07356770833333333 0.07421875 0.07421875
0 0.7408854166666666 0.7265625 0.028645833333333332 0.026041666666666668
0 0.4596354166666667 0.75390625 0.0234375 0.0234375
0 0.06770833333333333 0.9270833333333334 0.018229166666666668 0.013020833333333334
0 0.6178385416666666 0.3033854166666667 0.01171875 0.013020833333333334
0 0.4713541666666667 0.40625 0.020833333333333332 0.020833333333333332
0 0.9733072916666666 0.619140625 0.02734375 0.02734375
0 0.9401041666666666 0.966796875 0.033854166666666664 0.032552083333333336
0 0.2649739583333333 0.20768229166666666 0.01171875 0.014322916666666666
0 0.6204427083333334 0.943359375 0.016927083333333332 0.016927083333333332
0 0.6002604166666666 0.962890625 0.015625 0.014322916666666666
0 0.08203125 0.5423177083333334 0.015625 0.016927083333333332
0 0.8203125 0.055989583333333336 0.013020833333333334 0.013020833333333334
0 0.7467447916666666 0.41796875 0.01171875 0.013020833333333334
0 0.77734375 0.5110677083333334 0.013020833333333334 0.014322916666666666
0 0.3990885416666667 0.4720052083333333 0.01953125 0.016927083333333332
0 0.65234375 0.7630208333333334 0.010416666666666666 0.013020833333333334
0 0.4850260416666667 0.3802083333333333 0.029947916666666668 0.028645833333333332
0 0.5690104166666666 0.5032552083333334 0.06510416666666667 0.06380208333333333
0 0.8053385416666666 0.17513020833333334 0.014322916666666666 0.01953125
0 0.8404947916666666 0.099609375 0.01171875 0.01171875