0 0.048177083333333336 0.46484375 0.015625 0.015625
0 0.06510416666666667 0.45703125 0.018229166666666668 0.015625
0 0.14322916666666666 0.2760416666666667 0.013020833333333334 0.015625
0 0.4557291666666667 0.10286458333333333 0.0546875 0.0546875
0 0.5197005208333333 0.08024739583333333 0.01787760416666669 0.01657552083333334
0 0.5846354166666666 0.24479166666666666 0.028645833333333332 0.028645833333333332
0 0.947265625 0.203125 0.037760416666666664 0.046875
0 0.591796875 0.5501302083333334 0.022135416666666668 0.01953125
0 0.9453125 0.2766927083333333 0.028645833333333332 0.032552083333333336
0 0.818359375 0.6569010416666666 0.01171875 0.014322916666666666
0 0.236328125 0.751953125 0.016927083333333332 0.016927083333333332
0 0.3626302083333333 0.8776041666666666 0.01171875 0.013020833333333334
0 0.6354166666666666 0.6477864583333334 0.013020833333333334 0.014322916666666666
0 0.4348958333333333 0.6295572916666666 0.015625 0.016927083333333332
0 0.2734375 0.11067708333333333 0.010416666666666666 0.010416666666666666
0 0.8430989583333334 0.4212239583333333 0.01171875 0.01171875
0 0.69921875 0.1015625 0.013020833333333334 0.013020833333333334
0 0.7213541666666666 0.6256510416666666 0.010416666666666666 0.009114583333333334
0 0.4016927083333333 0.6868489583333334 0.009114583333333334 0.01171875
0 0.705078125 0.15299479166666666 0.009114583333333334 0.01171875
0 0.13606770833333334 0.3033854166666667 0.01171875 0.010416666666666666
0 0.125 0.419921875 0.010416666666666666 0.009114583333333334
0 0.4375 0.6318359375 0.01678385416666665 0.01395833333333337
0 0.6499088541666667 0.2208203125 0.014726562499999929 0.01342447916666667
0 0.6792057291666667 0.2109375 0.009778645833333321 0.009166666666666693
0 0.7192447916666667 0.36084635416666666 0.014895833333333405 0.012968750000000048
0 0.1446484375 0.05865885416666666 0.014179687499999982 0.01342447916666667
0 0.7465885416666667 0.9165104166666667 0.012330729166666702 0.011289062500000094
0 0.061432291666666666 0.36791666666666667 0.012526041666666673 0.011197916666666696
0 0.8178776041666667 0.38428385416666666 0.009817708333333286 0.009127604166666655
0 0.7231510416666667 0.6274479166666667 0.009778645833333321 0.009192708333333263
0 0.17432291666666666 0.12390625 0.008619791666666673 0.008671874999999996
0 0.7172916666666667 0.435546875 0.009023437500000083 0.008372395833333268
0 0.11102864583333333 0.12647135416666666 0.009856770833333325 0.009231770833333338
0 0.4912109375 0.5336979166666667 0.013281250000000059 0.012057291666666655
0 0.6083984375 0.9086979166666667 0.01005208333333337 0.00947916666666663
0 0.7221744791666667 0.494140625 0.009270833333333192 0.008515624999999952
0 0.7124088541666667 0.693359375 0.013476562499999881 0.011471354166666595
0 0.17529947916666666 0.168828125 0.008580729166666634 0.00809895833333335
0 0.5263671875 0.43213541666666666 0.008815104166666643 0.008151041666666655
0 0.7670963541666667 0.39330729166666667 0.008854166666666607 0.008255208333333375
0 0.642578125 0.47412760416666666 0.007903645833333398 0.0072005208333332975
0 0.5805729166666667 0.12549479166666666 0.009739583333333357 0.009374999999999986
0 0.28760416666666666 0.12127604166666667 0.008033854166666687 0.007929687500000004
0 0.27466145833333333 0.12963541666666667 0.007877604166666682 0.007669270833333315
0 0.73828125 0.8916015625 0.01045572916666663 0.009895833333333215
0 0.6586979166666667 0.0594140625 0.00916666666666662 0.008216145833333336
0 0.5219791666666667 0.7397526041666667 0.009127604166666655 0.008919270833333215
0 0.18591145833333333 0.03359375 0.008515625000000027 0.008151041666666664
0 0.207890625 0.75390625 0.010091145833333334 0.00929687500000013
0 0.822265625 0.7387760416666667 0.009713541666666714 0.009375000000000059
0 0.13721354166666666 0.19885416666666667 0.008619791666666673 0.00805989583333333
0 0.91015625 0.057499999999999996 0.010729166666666679 0.009596354166666673
0 0.29541666666666666 0.8549869791666667 0.007434895833333306 0.007695312500000107
0 0.32348958333333333 0.9350651041666667 0.008476562499999988 0.00828124999999987