0 0.3170572916666667 0.6302083333333334 0.045572916666666664 0.041666666666666664
0 0.4661458333333333 0.7526041666666666 0.03125 0.03125
0 0.5598958333333334 0.4876302083333333 0.052083333333333336 0.061197916666666664
0 0.6217447916666666 0.8014322916666666 0.14973958333333334 0.16276041666666666
0 0.7721354166666666 0.9166666666666666 0.020833333333333332 0.0234375
0 0.810546875 0.9765625 0.032552083333333336 0.026041666666666668
0 0.8385416666666666 0.9576822916666666 0.018229166666666668 0.01953125
0 0.80859375 0.73828125 0.11979166666666667 0.140625
0 0.8444010416666666 0.8313802083333334 0.048177083333333336 0.05859375
0 0.927734375 0.90234375 0.05859375 0.078125
0 0.9375 0.6725260416666666 0.10416666666666667 0.12109375
0 0.892578125 0.4921875 0.05078125 0.052083333333333336
0 0.6744791666666666 0.5104166666666666 0.020833333333333332 0.0234375
0 0.3678385416666667 0.5865885416666666 0.029947916666666668 0.032552083333333336
0 0.6067708333333334 0.3515625 0.07291666666666667 0.08333333333333333
0 0.7623697916666666 0.4205729166666667 0.01953125 0.026041666666666668
0 0.7317708333333334 0.5423177083333334 0.0234375 0.01171875
0 0.4075520833333333 0.8893229166666666 0.013020833333333334 0.013020833333333334
0 0.7161458333333334 0.30859375 0.0234375 0.028645833333333332
0 0.7747395833333334 0.3033854166666667 0.15885416666666666 0.13020833333333334
0 0.80859375 0.06510416666666667 0.018229166666666668 0.018229166666666668
0 0.9420572916666666 0.16341145833333334 0.014322916666666666 0.01953125
0 0.935546875 0.2740885416666667 0.01953125 0.01953125
0 0.2513020833333333 0.771484375 0.013020833333333334 0.01171875
0 0.9518229166666666 0.6927083333333334 0.0078125 0.010416666666666666
0 0.3990885416666667 0.9563802083333334 0.22265625 0.08463541666666667
0 0.8046875 0.15885416666666666 0.013020833333333334 0.010416666666666666