0 0.3359375 0.7591145833333334 0.026041666666666668 0.026041666666666668
0 0.10091145833333333 0.8990885416666666 0.03515625 0.032552083333333336
0 0.013671875 0.9459635416666666 0.014322916666666666 0.014322916666666666
0 0.7037760416666666 0.9641927083333334 0.032552083333333336 0.032552083333333336
0 0.6595052083333334 0.8600260416666666 0.01953125 0.01953125
0 0.66796875 0.9192708333333334 0.018229166666666668 0.018229166666666668
0 0.7278645833333334 0.9830729166666666 0.020833333333333332 0.020833333333333332
0 0.5325520833333334 0.8782552083333334 0.015625 0.014322916666666666
0 0.6555989583333334 0.708984375 0.01953125 0.016927083333333332
0 0.673828125 0.6484375 0.016927083333333332 0.013020833333333334
0 0.6419270833333334 0.6067708333333334 0.015625 0.013020833333333334
0 0.875 0.859375 0.015625 0.018229166666666668
0 0.9368489583333334 0.7786458333333334 0.016927083333333332 0.013020833333333334
0 0.9088541666666666 0.703125 0.14322916666666666 0.13541666666666666
0 0.939453125 0.5735677083333334 0.022135416666666668 0.022135416666666668
0 0.8893229166666666 0.3450520833333333 0.1171875 0.12239583333333333
0 0.7897135416666666 0.388671875 0.01953125 0.01953125
0 0.7845052083333334 0.4244791666666667 0.016927083333333332 0.018229166666666668
0 0.767578125 0.14322916666666666 0.022135416666666668 0.020833333333333332
0 0.7467447916666666 0.08268229166666667 0.01953125 0.01953125
0 0.912109375 0.078125 0.01953125 0.020833333333333332
0 0.7623697916666666 0.09700520833333333 0.01953125 0.016927083333333332
0 0.09049479166666667 0.13346354166666666 0.04296875 0.040364583333333336
0 0.13736979166666666 0.07747395833333333 0.032552083333333336 0.029947916666666668
0 0.080078125 0.4322916666666667 0.02734375 0.028645833333333332
0 0.09440104166666667 0.3118489583333333 0.048177083333333336 0.055989583333333336
0 0.19921875 0.9049479166666666 0.0234375 0.020833333333333332
0 0.22591145833333334 0.8919270833333334 0.024739583333333332 0.03125
0 0.10026041666666667 0.96875 0.0234375 0.018229166666666668
0 0.390625 0.7272135416666666 0.07552083333333333 0.07161458333333333
0 0.3684895833333333 0.66015625 0.078125 0.07552083333333333
0 0.423828125 0.4420572916666667 0.01953125 0.009114583333333334
0 0.4791666666666667 0.40234375 0.3125 0.2786458333333333
0 0.5462239583333334 0.4329427083333333 0.06901041666666667 0.06380208333333333
0 0.86328125 0.53125 0.013020833333333334 0.013020833333333334
0 0.921875 0.611328125 0.013020833333333334 0.009114583333333334
0 0.05859375 0.572265625 0.015625 0.016927083333333332
0 0.035807291666666664 0.6438802083333334 0.04296875 0.048177083333333336
0 0.01953125 0.15169270833333334 0.015625 0.014322916666666666
0 0.2955729166666667 0.22786458333333334 0.0234375 0.020833333333333332
0 0.4466145833333333 0.4205729166666667 0.013020833333333334 0.013020833333333334
0 0.047526041666666664 0.7141927083333334 0.014322916666666666 0.01171875
0 0.3203125 0.8229166666666666 0.018229166666666668 0.015625
0 0.5794270833333334 0.1015625 0.018229166666666668 0.018229166666666668
0 0.3326822916666667 0.21419270833333334 0.01953125 0.016927083333333332
0 0.24348958333333334 0.3860677083333333 0.010416666666666666 0.014322916666666666
0 0.24609375 0.345703125 0.078125 0.09765625
0 0.0546875 0.80859375 0.015625 0.013020833333333334
0 0.048177083333333336 0.22330729166666666 0.010416666666666666 0.01171875
0 0.125 0.17252604166666666 0.020833333333333332 0.024739583333333332
0 0.990234375 0.9680989583333334 0.01171875 0.014322916666666666
0 0.5696614583333334 0.94921875 0.014322916666666666 0.010416666666666666
0 0.4212239583333333 0.208984375 0.014322916666666666 0.014322916666666666
0 0.7194010416666666 0.630859375 0.014322916666666666 0.014322916666666666
0 0.2877604166666667 0.201171875 0.020833333333333332 0.016927083333333332
0 0.3430989583333333 0.08854166666666667 0.014322916666666666 0.013020833333333334
0 0.8815104166666666 0.7962239583333334 0.015625 0.014322916666666666