0 0.3294270833333333 0.42578125 0.03125 0.028645833333333332
0 0.050130208333333336 0.5279947916666666 0.037760416666666664 0.03515625
0 0.2571614583333333 0.677734375 0.05859375 0.053385416666666664
0 0.09114583333333333 0.6829427083333334 0.06770833333333333 0.06640625
0 0.06770833333333333 0.7838541666666666 0.03125 0.028645833333333332
0 0.12239583333333333 0.7955729166666666 0.015625 0.015625
0 0.337890625 0.7454427083333334 0.014322916666666666 0.014322916666666666
0 0.15494791666666666 0.873046875 0.0546875 0.053385416666666664
0 0.10546875 0.9192708333333334 0.013020833333333334 0.013020833333333334
0 0.224609375 0.943359375 0.13932291666666666 0.11067708333333333
0 0.14518229166666666 0.12825520833333334 0.10026041666666667 0.08723958333333333
0 0.12109375 0.23763020833333334 0.018229166666666668 0.016927083333333332
0 0.234375 0.240234375 0.015625 0.016927083333333332
0 0.8977864583333334 0.216796875 0.07421875 0.06380208333333333
0 0.751953125 0.236328125 0.02734375 0.024739583333333332
0 0.9322916666666666 0.4427083333333333 0.018229166666666668 0.026041666666666668
0 0.9772135416666666 0.482421875 0.01953125 0.024739583333333332
0 0.533203125 0.6451822916666666 0.12109375 0.11588541666666667
0 0.4817708333333333 0.359375 0.020833333333333332 0.020833333333333332
0 0.4388020833333333 0.17578125 0.015625 0.015625
0 0.701171875 0.8287760416666666 0.01953125 0.01953125
0 0.671875 0.9680989583333334 0.026041666666666668 0.022135416666666668
0 0.84375 0.9544270833333334 0.020833333333333332 0.018229166666666668
0 0.6764322916666666 0.947265625 0.024739583333333332 0.022135416666666668
0 0.09830729166666667 0.4557291666666667 0.024739583333333332 0.0234375
0 0.2721354166666667 0.5787760416666666 0.018229166666666668 0.01953125
0 0.7109375 0.10546875 0.0234375 0.018229166666666668
0 0.8294270833333334 0.11002604166666667 0.015625 0.01953125
0 0.734375 0.5221354166666666 0.018229166666666668 0.015625
0 0.779296875 0.3541666666666667 0.02734375 0.026041666666666668
0 0.7005208333333334 0.341796875 0.026041666666666668 0.022135416666666668
0 0.4889322916666667 0.4713541666666667 0.03515625 0.036458333333333336
0 0.055338541666666664 0.06966145833333333 0.014322916666666666 0.014322916666666666
0 0.16145833333333334 0.035807291666666664 0.013020833333333334 0.014322916666666666
0 0.099609375 0.19401041666666666 0.016927083333333332 0.015625
0 0.6178385416666666 0.24869791666666666 0.01171875 0.013020833333333334
0 0.23307291666666666 0.4993489583333333 0.013020833333333334 0.01171875
0 0.3802083333333333 0.47265625 0.013020833333333334 0.015625
0 0.21354166666666666 0.5970052083333334 0.013020833333333334 0.01171875
0 0.23111979166666666 0.7174479166666666 0.014322916666666666 0.013020833333333334
0 0.259765625 0.7942708333333334 0.061197916666666664 0.052083333333333336
0 0.9674479166666666 0.4401041666666667 0.013020833333333334 0.018229166666666668
0 0.8567708333333334 0.4244791666666667 0.013020833333333334 0.015625
0 0.0078125 0.7643229166666666 0.013020833333333334 0.057291666666666664
0 0.040364583333333336 0.7682291666666666 0.015625 0.013020833333333334
0 0.4889322916666667 0.7903645833333334 0.014322916666666666 0.013020833333333334
0 0.3665364583333333 0.9270833333333334 0.01171875 0.010416666666666666
0 0.3795572916666667 0.9934895833333334 0.01171875 0.013020833333333334
0 0.123046875 0.8919270833333334 0.01171875 0.010416666666666666
0 0.4485677083333333 0.6673177083333334 0.009114583333333334 0.01171875
0 0.13671875 0.6497395833333334 0.010416666666666666 0.010416666666666666
0 0.25390625 0.6647135416666666 0.013020833333333334 0.01171875
0 0.7591145833333334 0.732421875 0.013020833333333334 0.014322916666666666
0 0.62109375 0.67578125 0.052083333333333336 0.06510416666666667
0 0.06705729166666667 0.15755208333333334 0.014322916666666666 0.013020833333333334
0 0.4856770833333333 0.248046875 0.013020833333333334 0.01171875
0 0.423828125 0.24739583333333334 0.01953125 0.018229166666666668
0 0.4270833333333333 0.220703125 0.015625 0.016927083333333332
0 0.5885416666666666 0.916015625 0.013020833333333334 0.014322916666666666
0 0.6080729166666666 0.7981770833333334 0.015625 0.013020833333333334
0 0.7337239583333334 0.4270833333333333 0.01953125 0.018229166666666668
0 0.7174479166666666 0.08658854166666667 0.015625 0.014322916666666666
0 0.8020833333333334 0.026692708333333332 0.013020833333333334 0.01171875
0 0.22005208333333334 0.08919270833333333 0.015625 0.016927083333333332
0 0.2545572916666667 0.0546875 0.009114583333333334 0.010416666666666666
0 0.8470052083333334 0.4967447916666667 0.02734375 0.02734375
0 0.8860677083333334 0.4889322916666667 0.01171875 0.01171875
0 0.7350260416666666 0.8248697916666666 0.014322916666666666 0.01171875
0 0.6686197916666666 0.6529947916666666 0.01171875 0.01171875
0 0.7799479166666666 0.9908854166666666 0.013020833333333334 0.013020833333333334
0 0.8873697916666666 0.12825520833333334 0.009114583333333334 0.009114583333333334