0 0.173828125 0.4609375 0.037760416666666664 0.0390625
0 0.10286458333333333 0.9661458333333334 0.015625 0.015625
0 0.035807291666666664 0.9791666666666666 0.016927083333333332 0.015625
0 0.3834635416666667 0.5266927083333334 0.029947916666666668 0.029947916666666668
0 0.4205729166666667 0.5279947916666666 0.0390625 0.045572916666666664
0 0.58203125 0.9895833333333334 0.0234375 0.018229166666666668
0 0.24739583333333334 0.982421875 0.018229166666666668 0.016927083333333332
0 0.040364583333333336 0.400390625 0.0234375 0.024739583333333332
0 0.17643229166666666 0.12109375 0.11067708333333333 0.1171875
0 0.23177083333333334 0.2825520833333333 0.013020833333333334 0.015625
0 0.6588541666666666 0.7239583333333334 0.0859375 0.078125
0 0.5930989583333334 0.56640625 0.024739583333333332 0.026041666666666668
0 0.5891927083333334 0.4739583333333333 0.037760416666666664 0.036458333333333336
0 0.5891927083333334 0.4342447916666667 0.05078125 0.040364583333333336
0 0.6451822916666666 0.3600260416666667 0.032552083333333336 0.024739583333333332
0 0.6686197916666666 0.5084635416666666 0.01953125 0.024739583333333332
0 0.82421875 0.6875 0.026041666666666668 0.026041666666666668
0 0.89453125 0.8333333333333334 0.028645833333333332 0.03125
0 0.7063802083333334 0.4283854166666667 0.024739583333333332 0.0234375
0 0.30078125 0.2109375 0.033854166666666664 0.0390625
0 0.240234375 0.1015625 0.022135416666666668 0.026041666666666668
0 0.7916666666666666 0.19270833333333334 0.10416666666666667 0.10416666666666667
0 0.9498697916666666 0.3938802083333333 0.10026041666666667 0.12630208333333334
0 0.05859375 0.884765625 0.013020833333333334 0.014322916666666666
0 0.345703125 0.96484375 0.014322916666666666 0.013020833333333334
0 0.3203125 0.8502604166666666 0.013020833333333334 0.013020833333333334
0 0.4270833333333333 0.6451822916666666 0.013020833333333334 0.01171875
0 0.5 0.7057291666666666 0.013020833333333334 0.013020833333333334
0 0.5071614583333334 0.9869791666666666 0.01171875 0.013020833333333334
0 0.625 0.7330729166666666 0.013020833333333334 0.015625
0 0.693359375 0.828125 0.01171875 0.010416666666666666
0 0.6803385416666666 0.5703125 0.016927083333333332 0.015625
0 0.7936197916666666 0.7734375 0.01171875 0.010416666666666666
0 0.75390625 0.68359375 0.010416666666666666 0.010416666666666666
0 0.9609375 0.7076822916666666 0.010416666666666666 0.009114583333333334
0 0.8561197916666666 0.3190104166666667 0.016927083333333332 0.018229166666666668
0 0.8014322916666666 0.3111979166666667 0.016927083333333332 0.018229166666666668
0 0.796875 0.3984375 0.013020833333333334 0.015625
0 0.8606770833333334 0.4088541666666667 0.013020833333333334 0.015625
0 0.87109375 0.4231770833333333 0.013020833333333334 0.013020833333333334
0 0.6692708333333334 0.3092447916666667 0.010416666666666666 0.01171875
0 0.6015625 0.16276041666666666 0.013020833333333334 0.013020833333333334
0 0.7610677083333334 0.0703125 0.01171875 0.015625
0 0.353515625 0.18619791666666666 0.014322916666666666 0.015625
0 0.3880208333333333 0.17317708333333334 0.013020833333333334 0.013020833333333334
0 0.3821614583333333 0.13736979166666666 0.01171875 0.01171875
0 0.2552083333333333 0.19401041666666666 0.010416666666666666 0.013020833333333334
0 0.004557291666666667 0.3014322916666667 0.006510416666666667 0.01953125
0 0.046875 0.310546875 0.010416666666666666 0.014322916666666666
0 0.01171875 0.728515625 0.010416666666666666 0.01171875