0 0.3658854166666667 0.6979166666666666 0.057291666666666664 0.057291666666666664
0 0.501953125 0.849609375 0.07161458333333333 0.08984375
0 0.4993489583333333 0.7532552083333334 0.02734375 0.02734375
0 0.70703125 0.9055989583333334 0.14322916666666666 0.14973958333333334
0 0.6614583333333334 0.966796875 0.015625 0.014322916666666666
0 0.6354166666666666 0.638671875 0.026041666666666668 0.032552083333333336
0 0.4700520833333333 0.28125 0.026041666666666668 0.026041666666666668
0 0.607421875 0.44140625 0.07161458333333333 0.07552083333333333
0 0.755859375 0.17903645833333334 0.032552083333333336 0.02734375
0 0.611328125 0.3229166666666667 0.11328125 0.1171875
0 0.8619791666666666 0.43359375 0.020833333333333332 0.0234375
0 0.8763020833333334 0.609375 0.026041666666666668 0.026041666666666668
0 0.9381510416666666 0.8671875 0.01953125 0.018229166666666668
0 0.10481770833333333 0.6875 0.045572916666666664 0.052083333333333336
0 0.09700520833333333 0.5891927083333334 0.022135416666666668 0.024739583333333332
0 0.18294270833333334 0.6510416666666666 0.045572916666666664 0.059895833333333336
0 0.2565104166666667 0.15559895833333334 0.0234375 0.022135416666666668
0 0.3548177083333333 0.171875 0.061197916666666664 0.07552083333333333
0 0.4791666666666667 0.1171875 0.19270833333333334 0.22395833333333334
0 0.71875 0.064453125 0.028645833333333332 0.029947916666666668
0 0.6315104166666666 0.046875 0.028645833333333332 0.026041666666666668
0 0.765625 0.036458333333333336 0.026041666666666668 0.026041666666666668
0 0.9889322916666666 0.6360677083333334 0.016927083333333332 0.01953125
0 0.9134114583333334 0.9518229166666666 0.016927083333333332 0.020833333333333332
0 0.6009114583333334 0.5006510416666666 0.016927083333333332 0.016927083333333332
0 0.7734375 0.21028645833333334 0.2421875 0.23046875
0 0.09244791666666667 0.75 0.013020833333333334 0.015625
0 0.7858072916666666 0.8528645833333334 0.016927083333333332 0.018229166666666668
0 0.7122395833333334 0.935546875 0.015625 0.01953125
0 0.7024739583333334 0.66796875 0.01953125 0.018229166666666668
0 0.994140625 0.5279947916666666 0.01171875 0.01953125
0 0.7578125 0.353515625 0.013020833333333334 0.01171875
0 0.5104166666666666 0.705078125 0.013020833333333334 0.014322916666666666
0 0.3958333333333333 0.22526041666666666 0.015625 0.015625
0 0.5625 0.19856770833333334 0.020833333333333332 0.01953125
0 0.78515625 0.018229166666666668 0.018229166666666668 0.013020833333333334
0 0.6529947916666666 0.0390625 0.02734375 0.028645833333333332
0 0.2506510416666667 0.349609375 0.014322916666666666 0.014322916666666666
0 0.12109375 0.01171875 0.018229166666666668 0.018229166666666668