0 0.3984375 0.2766927083333333 0.03125 0.032552083333333336
0 0.07942708333333333 0.16276041666666666 0.026041666666666668 0.026041666666666668
0 0.107421875 0.18229166666666666 0.016927083333333332 0.026041666666666668
0 0.15299479166666666 0.380859375 0.022135416666666668 0.01953125
0 0.361328125 0.4563802083333333 0.016927083333333332 0.024739583333333332
0 0.040364583333333336 0.3873697916666667 0.018229166666666668 0.01953125
0 0.486328125 0.3059895833333333 0.024739583333333332 0.026041666666666668
0 0.7154947916666666 0.15104166666666666 0.022135416666666668 0.0234375
0 0.8639322916666666 0.20703125 0.040364583333333336 0.033854166666666664
0 0.8411458333333334 0.15625 0.03125 0.026041666666666668
0 0.916015625 0.051432291666666664 0.024739583333333332 0.032552083333333336
0 0.42578125 0.6549479166666666 0.0625 0.059895833333333336
0 0.4440104166666667 0.74609375 0.044270833333333336 0.046875
0 0.061197916666666664 0.8828125 0.0234375 0.03125
0 0.7591145833333334 0.7623697916666666 0.06510416666666667 0.06640625
0 0.80859375 0.802734375 0.018229166666666668 0.014322916666666666
0 0.5423177083333334 0.458984375 0.01953125 0.01953125
0 0.5494791666666666 0.611328125 0.015625 0.01953125
0 0.4759114583333333 0.09309895833333333 0.01953125 0.014322916666666666
0 0.9720052083333334 0.23567708333333334 0.01953125 0.0234375
0 0.6647135416666666 0.4329427083333333 0.01953125 0.01953125
0 0.6263020833333334 0.6608072916666666 0.018229166666666668 0.01953125
0 0.7740885416666666 0.6354166666666666 0.016927083333333332 0.0078125
0 0.7395833333333334 0.5169270833333334 0.013020833333333334 0.013020833333333334
0 0.2740885416666667 0.12434895833333333 0.01953125 0.014322916666666666
0 0.5716145833333334 0.6451822916666666 0.013020833333333334 0.014322916666666666
0 0.57421875 0.9095052083333334 0.018229166666666668 0.01953125
0 0.8678385416666666 0.29296875 0.01953125 0.013020833333333334
0 0.5384114583333334 0.498046875 0.024739583333333332 0.01953125
0 0.005208333333333333 0.712890625 0.010416666666666666 0.01953125
0 0.2825520833333333 0.4361979166666667 0.041666666666666664 0.0390625