0 0.765625 0.2819010416666667 0.033854166666666664 0.032552083333333336
0 0.4401041666666667 0.517578125 0.046875 0.029947916666666668
0 0.5006510416666666 0.7291666666666666 0.053385416666666664 0.049479166666666664
0 0.2936197916666667 0.6451822916666666 0.13151041666666666 0.12369791666666667
0 0.046875 0.8626302083333334 0.0234375 0.01953125
0 0.2532552083333333 0.142578125 0.05859375 0.053385416666666664
0 0.478515625 0.19401041666666666 0.029947916666666668 0.0234375
0 0.6966145833333334 0.18815104166666666 0.026041666666666668 0.022135416666666668
0 0.4720052083333333 0.21223958333333334 0.024739583333333332 0.020833333333333332
0 0.322265625 0.4322916666666667 0.01953125 0.015625
0 0.7486979166666666 0.5533854166666666 0.24739583333333334 0.23697916666666666
0 0.8600260416666666 0.049479166666666664 0.040364583333333336 0.0390625
0 0.251953125 0.4453125 0.17317708333333334 0.15885416666666666
0 0.046875 0.7096354166666666 0.018229166666666668 0.018229166666666668
0 0.091796875 0.6490885416666666 0.014322916666666666 0.016927083333333332
0 0.216796875 0.049479166666666664 0.016927083333333332 0.018229166666666668
0 0.552734375 0.009765625 0.02734375 0.016927083333333332
0 0.8932291666666666 0.4075520833333333 0.028645833333333332 0.03125
0 0.4908854166666667 0.6673177083333334 0.020833333333333332 0.016927083333333332
0 0.9694010416666666 0.6484375 0.029947916666666668 0.028645833333333332
0 0.8626302083333334 0.2942708333333333 0.01953125 0.015625
0 0.35546875 0.9537760416666666 0.015625 0.016927083333333332
0 0.875 0.8606770833333334 0.234375 0.265625
0 0.525390625 0.10481770833333333 0.016927083333333332 0.01171875
0 0.5735677083333334 0.251953125 0.2591145833333333 0.25390625
0 0.2643229166666667 0.75390625 0.018229166666666668 0.018229166666666668
0 0.8639322916666666 0.8346354166666666 0.01953125 0.020833333333333332
0 0.072265625 0.5013020833333334 0.024739583333333332 0.0234375
0 0.06380208333333333 0.4615885416666667 0.12239583333333333 0.36328125
0 0.22591145833333334 0.7526041666666666 0.09765625 0.0859375
0 0.5221354166666666 0.5358072916666666 0.013020833333333334 0.01171875
0 0.5755208333333334 0.6022135416666666 0.013020833333333334 0.014322916666666666
0 0.07096354166666667 0.96875 0.016927083333333332 0.015625
0 0.2552083333333333 0.08658854166666667 0.013020833333333334 0.01171875
0 0.3072916666666667 0.046223958333333336 0.010416666666666666 0.009114583333333334
0 0.7682291666666666 0.083984375 0.013020833333333334 0.01171875
0 0.294921875 0.5143229166666666 0.01171875 0.013020833333333334
0 0.3899739583333333 0.6946614583333334 0.01171875 0.016927083333333332
0 0.07356770833333333 0.8756510416666666 0.009114583333333334 0.009114583333333334
0 0.14908854166666666 0.92578125 0.05859375 0.049479166666666664
0 0.07291666666666667 0.8313802083333334 0.010416666666666666 0.009114583333333334
0 0.390625 0.92578125 0.013020833333333334 0.010416666666666666
0 0.41796875 0.728515625 0.015625 0.014322916666666666
0 0.061197916666666664 0.5944010416666666 0.013020833333333334 0.01171875
0 0.978515625 0.4986979166666667 0.04296875 0.125
0 0.07682291666666667 0.23177083333333334 0.052083333333333336 0.0546875
0 0.7571614583333334 0.21549479166666666 0.13671875 0.12890625