0 0.318359375 0.5 0.63671875 1
0 0.7265625 0.9602864583333334 0.4505208333333333 0.07942708333333333
0 0.7270312499999999 0.12119791666666664 0.1383723958333333 0.12649739583333333
0 0.2819010416666667 0.978515625 0.07161458333333333 0.04296875
0 0.029947916666666668 0.9615885416666666 0.059895833333333336 0.07682291666666667
0 0.68359375 0.016927083333333332 0.06770833333333333 0.033854166666666664
0 0.48519531250000014 0.506171875 0.05565104166666668 0.06963541666666669
0 0.353359375 0.9503776041666666 0.05178385416666664 0.04006510416666664
0 0.6847265624999999 0.8442838541666666 0.07977864583333331 0.07528645833333325
0 0.8201302083333332 0.3815625 0.06938802083333329 0.05589843749999993
0 0.7032682291666665 0.59859375 0.08101562500000004 0.07218750000000007