0 0.0896145502726237 0.17667675018310547 0.03055831789970398 0.02794150511423747
0 0.5290660858154297 0.5178572336832682 0.030082533756891888 0.027617106835047405
0 0.33667627970377606 0.11612240473429362 0.03791134556134542 0.037781586249669395
0 0.46954981486002606 0.5919065475463867 0.027422467867533367 0.025367945432662964
0 0.15104166666666666 0.009765625 0.026041666666666668 0.01953125
0 0.7477537790934244 0.629277229309082 0.027725239594777424 0.02647089958190918
0 0.1892697016398112 0.3036678632100423 0.03455923000971476 0.032374948263168335
0 0.41072559356689453 0.818206787109375 0.026579032341639202 0.02616812785466512
0 0.89862060546875 0.32581345240275067 0.025865356127421062 0.02597348888715108
0 0.5692049662272135 0.09882116317749023 0.025173306465148926 0.025476078192392986
0 0.028022130330403645 0.9642292658487955 0.02928235133488973 0.0286119282245636
0 0.7103830973307291 0.8770310084025065 0.027617106835047405 0.025865356127421062
0 0.9526004791259766 0.7358528772989908 0.030428558588027954 0.029044459263483684
0 0.91796875 0.9934895833333334 0.028645833333333332 0.013020833333333334
0 0.6896216074625651 0.4624932607014974 0.03313187758127848 0.0286119282245636
0 0.7865085601806641 0.10262743631998698 0.03404019276301066 0.033002118269602455
0 0.09515094757080078 0.10262743631998698 0.03378067413965861 0.03365091482798258
0 0.7934290568033854 0.7192436854044596 0.030190666516621906 0.02917421857515971
0 0.9856770833333334 0.537109375 0.028645833333333332 0.029947916666666668
0 0.4799305597941081 0.7047106424967448 0.0490490198135376 0.0470161239306132
0 0.300689697265625 0.8230511347452799 0.041263461112976074 0.038949420054753624
0 0.4515565236409505 0.9496962229410807 0.0286119282245636 0.028265903393427532
0 0.8584817250569662 0.23273277282714844 0.027530600627263386 0.0260599950949351
0 0.22041193644205728 0.8728787104288737 0.0700267752011617 0.06881568829218547
0 0.25501441955566406 0.7012503941853842 0.04422629872957865 0.04338286320368449
0 0.33044783274332684 0.7365449269612631 0.040182133515675865 0.03551079829533895
0 0.8737068176269531 0.8258193333943685 0.024892161289850872 0.023745954036712646
0 0.40380509694417316 0.32062307993570965 0.027530600627263386 0.028049637873967487
0 0.32145118713378906 0.8272034327189127 0.06725857655207317 0.07556317249933879
0 0.4576822916666667 0.068359375 0.16796875 0.13671875
0 0.9270833333333334 0.022786458333333332 0.0859375 0.045572916666666664
0 0.5802777608235677 0.9240903854370117 0.0398577352364858 0.06128964821497599
0 0.28615665435791016 0.42200835545857746 0.2335667610168457 0.3899699846903483
0 0.8903160095214844 0.5102446873982748 0.09273465474446614 0.10302889347076416