0 0.064453125 0.3912760416666667 0.06901041666666667 0.07161458333333333
0 0.3072916666666667 0.5930989583333334 0.033854166666666664 0.032552083333333336
0 0.3776041666666667 0.6080729166666666 0.028645833333333332 0.028645833333333332
0 0.4889322916666667 0.6087239583333334 0.045572916666666664 0.05078125
0 0.0234375 0.3118489583333333 0.0390625 0.03515625
0 0.11328125 0.23828125 0.036458333333333336 0.0390625
0 0.2513020833333333 0.3287760416666667 0.026041666666666668 0.037760416666666664
0 0.2740885416666667 0.07877604166666667 0.032552083333333336 0.032552083333333336
0 0.5904947916666666 0.4225260416666667 0.037760416666666664 0.029947916666666668
0 0.8001302083333334 0.8274739583333334 0.08723958333333333 0.09765625
0 0.8001302083333334 0.9811197916666666 0.016927083333333332 0.01953125
0 0.923828125 0.873046875 0.06901041666666667 0.07161458333333333
0 0.8990885416666666 0.6549479166666666 0.05859375 0.06510416666666667
0 0.9095052083333334 0.5598958333333334 0.024739583333333332 0.020833333333333332
0 0.7760416666666666 0.2740885416666667 0.033854166666666664 0.032552083333333336
0 0.7688802083333334 0.068359375 0.01953125 0.02734375
0 0.87109375 0.051432291666666664 0.09114583333333333 0.09505208333333333
0 0.255859375 0.9205729166666666 0.014322916666666666 0.013020833333333334
0 0.623046875 0.6998697916666666 0.014322916666666666 0.014322916666666666
0 0.6393229166666666 0.86328125 0.013020833333333334 0.015625
0 0.6393229166666666 0.8626302083333334 0.010416666666666666 0.01171875
0 0.28515625 0.7233072916666666 0.010416666666666666 0.010416666666666666
0 0.3795572916666667 0.5364583333333334 0.009114583333333334 0.009114583333333334
0 0.2708333333333333 0.4713541666666667 0.015625 0.016927083333333332
0 0.11783854166666667 0.6888020833333334 0.01171875 0.013020833333333334
0 0.035807291666666664 0.6901041666666666 0.029947916666666668 0.03125
0 0.4680989583333333 0.37890625 0.010416666666666666 0.010416666666666666
0 0.17708333333333334 0.9830729166666666 0.010416666666666666 0.010416666666666666
0 0.533203125 0.8111979166666666 0.010416666666666666 0.01171875
0 0.23958333333333334 0.505859375 0.009114583333333334 0.009114583333333334
0 0.75 0.5690104166666666 0.010416666666666666 0.01171875
0 0.5481770833333334 0.8111979166666666 0.01171875 0.01171875
0 0.6178385416666666 0.17643229166666666 0.01171875 0.01171875
0 0.068359375 0.603515625 0.013020833333333334 0.013020833333333334
0 0.5299479166666666 0.447265625 0.010416666666666666 0.010416666666666666
0 0.4251302083333333 0.4869791666666667 0.01171875 0.01171875
0 0.022786458333333332 0.11588541666666667 0.010416666666666666 0.010416666666666666
0 0.06901041666666667 0.11979166666666667 0.010416666666666666 0.01171875
0 0.6705729166666666 0.2526041666666667 0.010416666666666666 0.010416666666666666
0 0.20768229166666666 0.61328125 0.009114583333333334 0.009114583333333334
0 0.3255208333333333 0.5690104166666666 0.010416666666666666 0.010416666666666666
0 0.60546875 0.3645833333333333 0.009114583333333334 0.009114583333333334
0 0.22916666666666666 0.44140625 0.010416666666666666 0.010416666666666666
0 0.21744791666666666 0.212890625 0.009114583333333334 0.009114583333333334
0 0.7220052083333334 0.7708333333333334 0.0078125 0.0078125
0 0.09505208333333333 0.6861979166666666 0.009114583333333334 0.009114583333333334
0 0.6393229166666666 0.5104166666666666 0.009114583333333334 0.009114583333333334
0 0.4251302083333333 0.8502604166666666 0.01171875 0.01171875
0 0.330078125 0.16471354166666666 0.009114583333333334 0.009114583333333334
0 0.6666666666666666 0.2884114583333333 0.009114583333333334 0.010416666666666666
0 0.4908854166666667 0.3365885416666667 0.0078125 0.0078125
0 0.53125 0.17578125 0.0078125 0.006510416666666667
0 0.513671875 0.3658854166666667 0.0078125 0.0078125
0 0.015625 0.6497395833333334 0.010416666666666666 0.01171875
0 0.15234375 0.763671875 0.0078125 0.0078125
0 0.09049479166666667 0.4231770833333333 0.009114583333333334 0.0078125
0 0.012369791666666666 0.9368489583333334 0.009114583333333334 0.009114583333333334
0 0.18880208333333334 0.8229166666666666 0.01171875 0.013020833333333334
0 0.5279947916666666 0.568359375 0.009114583333333334 0.0078125