0 0.3098958333333333 0.40625 0.018229166666666668 0.0234375
0 0.5716145833333334 0.8502604166666666 0.033854166666666664 0.0234375
0 0.392578125 0.6959635416666666 0.024739583333333332 0.01953125
0 0.5006510416666666 0.6875 0.01953125 0.020833333333333332
0 0.533203125 0.5325520833333334 0.022135416666666668 0.020833333333333332
0 0.51953125 0.3697916666666667 0.018229166666666668 0.018229166666666668
0 0.3365885416666667 0.4186197916666667 0.022135416666666668 0.024739583333333332
0 0.09114583333333333 0.22200520833333334 0.010416666666666666 0.009114583333333334
0 0.8307291666666666 0.5104166666666666 0.010416666666666666 0.013020833333333334
0 0.9485677083333334 0.904296875 0.01953125 0.01953125
0 0.623046875 0.9661458333333334 0.07161458333333333 0.06510416666666667
0 0.5390625 0.8880208333333334 0.057291666666666664 0.052083333333333336
0 0.841796875 0.9661458333333334 0.07942708333333333 0.06510416666666667
0 0.9095052083333334 0.5299479166666666 0.05859375 0.052083333333333336
0 0.3919270833333333 0.16145833333333334 0.013020833333333334 0.0078125
0 0.5442708333333334 0.73828125 0.018229166666666668 0.018229166666666668
0 0.16731770833333334 0.4563802083333333 0.016927083333333332 0.016927083333333332
0 0.83203125 0.057942708333333336 0.0078125 0.006510416666666667
0 0.900390625 0.07421875 0.01953125 0.013020833333333334
0 0.8548177083333334 0.8912760416666666 0.05078125 0.045572916666666664
0 0.6848958333333334 0.921875 0.013020833333333334 0.010416666666666666
0 0.2747395833333333 0.5442708333333334 0.0390625 0.036458333333333336
0 0.5358072916666666 0.6158854166666666 0.11848958333333333 0.11458333333333333
0 0.5807291666666666 0.529296875 0.013020833333333334 0.01171875
0 0.177734375 0.3528645833333333 0.01171875 0.010416666666666666
0 0.2265625 0.5319010416666666 0.010416666666666666 0.01171875
0 0.990234375 0.2897135416666667 0.01953125 0.061197916666666664