0 0.779296875 0.10546875 0.07682291666666667 0.078125
0 0.8697916666666666 0.057942708333333336 0.018229166666666668 0.016927083333333332
0 0.90234375 0.09375 0.036458333333333336 0.041666666666666664
0 0.642578125 0.3151041666666667 0.022135416666666668 0.020833333333333332
0 0.4752604166666667 0.173828125 0.026041666666666668 0.024739583333333332
0 0.5494791666666666 0.15364583333333334 0.026041666666666668 0.026041666666666668
0 0.3828125 0.3391927083333333 0.059895833333333336 0.053385416666666664
0 0.5559895833333334 0.7578125 0.026041666666666668 0.0234375
0 0.322265625 0.8912760416666666 0.09244791666666667 0.10286458333333333
0 0.8450520833333334 0.578125 0.020833333333333332 0.0234375
0 0.08854166666666667 0.5201822916666666 0.033854166666666664 0.032552083333333336
0 0.3268229166666667 0.380859375 0.020833333333333332 0.01953125
0 0.4505208333333333 0.5143229166666666 0.0234375 0.020833333333333332
0 0.15299479166666666 0.50390625 0.014322916666666666 0.013020833333333334
0 0.044921875 0.6223958333333334 0.08723958333333333 0.11197916666666667
0 0.248046875 0.419921875 0.01953125 0.01953125
0 0.16341145833333334 0.5305989583333334 0.01953125 0.01953125
0 0.046223958333333336 0.15755208333333334 0.024739583333333332 0.028645833333333332
0 0.14583333333333334 0.2838541666666667 0.026041666666666668 0.026041666666666668
0 0.18294270833333334 0.2526041666666667 0.045572916666666664 0.044270833333333336
0 0.041015625 0.22200520833333334 0.07942708333333333 0.09244791666666667
0 0.20572916666666666 0.513671875 0.21875 0.20963541666666666
0 0.3899739583333333 0.4127604166666667 0.022135416666666668 0.020833333333333332
0 0.447265625 0.384765625 0.014322916666666666 0.014322916666666666
0 0.4075520833333333 0.275390625 0.052083333333333336 0.04296875
0 0.060546875 0.9375 0.055989583333333336 0.052083333333333336
0 0.109375 0.966796875 0.015625 0.016927083333333332
0 0.6119791666666666 0.701171875 0.015625 0.016927083333333332
0 0.8255208333333334 0.6165364583333334 0.015625 0.014322916666666666
0 0.876953125 0.873046875 0.014322916666666666 0.014322916666666666
0 0.2571614583333333 0.7845052083333334 0.016927083333333332 0.014322916666666666
0 0.66796875 0.875 0.010416666666666666 0.013020833333333334
0 0.9446614583333334 0.7897135416666666 0.11067708333333333 0.13411458333333334
0 0.453125 0.051432291666666664 0.015625 0.01171875
0 0.2955729166666667 0.22200520833333334 0.013020833333333334 0.014322916666666666
0 0.044270833333333336 0.3678385416666667 0.013020833333333334 0.014322916666666666
0 0.65234375 0.004557291666666667 0.013020833333333334 0.006510416666666667
0 0.8528645833333334 0.2786458333333333 0.018229166666666668 0.015625
0 0.634765625 0.20703125 0.014322916666666666 0.013020833333333334
0 0.685546875 0.23372395833333334 0.01171875 0.01171875
0 0.6458333333333334 0.2591145833333333 0.013020833333333334 0.013020833333333334
0 0.7037760416666666 0.7369791666666666 0.016927083333333332 0.015625
0 0.71875 0.9453125 0.015625 0.015625
0 0.5533854166666666 0.9479166666666666 0.015625 0.015625
0 0.5670572916666666 0.9934895833333334 0.014322916666666666 0.013020833333333334
0 0.451171875 0.09765625 0.048177083333333336 0.046875
0 0.548828125 0.041666666666666664 0.01171875 0.013020833333333334
0 0.875 0.13411458333333334 0.015625 0.018229166666666668
0 0.986328125 0.15625 0.01171875 0.015625
0 0.89453125 0.4029947916666667 0.109375 0.08723958333333333
0 0.11588541666666667 0.06380208333333333 0.013020833333333334 0.013020833333333334
0 0.6640625 0.6751302083333334 0.013020833333333334 0.01171875
0 0.7135416666666666 0.8444010416666666 0.07291666666666667 0.061197916666666664
0 0.58203125 0.16080729166666666 0.0625 0.05859375
0 0.5260416666666666 0.8385416666666666 0.052083333333333336 0.046875
0 0.4075520833333333 0.748046875 0.013020833333333334 0.014322916666666666
0 0.85546875 0.2513020833333333 0.018229166666666668 0.018229166666666668
0 0.9309895833333334 0.6302083333333334 0.13802083333333334 0.15885416666666666
0 0.007161458333333333 0.3248697916666667 0.01171875 0.016927083333333332
0 0.84765625 0.91015625 0.010416666666666666 0.0078125
0 0.8424479166666666 0.9609375 0.0078125 0.010416666666666666
0 0.8274739583333334 0.7473958333333334 0.016927083333333332 0.015625
0 0.4368489583333333 0.4505208333333333 0.009114583333333334 0.010416666666666666
0 0.16276041666666666 0.5032552083333334 0.0078125 0.009114583333333334
0 0.18619791666666666 0.3046875 0.010416666666666666 0.010416666666666666
0 0.07486979166666667 0.014973958333333334 0.07682291666666667 0.02734375
0 0.47265625 0.3125 0.0078125 0.0078125
0 0.3326822916666667 0.12760416666666666 0.055989583333333336 0.041666666666666664