0 0.205078125 0.79296875 0.05859375 0.046875
0 0.2552083333333333 0.7825520833333334 0.026041666666666668 0.026041666666666668
0 0.21549479166666666 0.720703125 0.2981770833333333 0.29296875
0 0.6640625 0.6458333333333334 0.052083333333333336 0.052083333333333336
0 0.7317708333333334 0.53515625 0.026041666666666668 0.026041666666666668
0 0.935546875 0.671875 0.032552083333333336 0.026041666666666668
0 0.9615885416666666 0.818359375 0.016927083333333332 0.01953125
0 0.8671875 0.8287760416666666 0.015625 0.024739583333333332
0 0.943359375 0.7955729166666666 0.11328125 0.14322916666666666
0 0.4557291666666667 0.9192708333333334 0.0390625 0.0390625
0 0.5221354166666666 0.8404947916666666 0.06510416666666667 0.055989583333333336
0 0.4733072916666667 0.6803385416666666 0.016927083333333332 0.016927083333333332
0 0.4173177083333333 0.4069010416666667 0.014322916666666666 0.016927083333333332
0 0.6575520833333334 0.705078125 0.013020833333333334 0.014322916666666666
0 0.20638020833333334 0.8704427083333334 0.016927083333333332 0.01953125
0 0.69921875 0.5234375 0.013020833333333334 0.015625
0 0.5696614583333334 0.8528645833333334 0.03515625 0.03125
0 0.9928385416666666 0.708984375 0.014322916666666666 0.022135416666666668
0 0.6451822916666666 0.9934895833333334 0.016927083333333332 0.013020833333333334
0 0.5260416666666666 0.03125 0.013020833333333334 0.013020833333333334
0 0.4791666666666667 0.130859375 0.013020833333333334 0.01171875
0 0.9720052083333334 0.193359375 0.016927083333333332 0.01953125
0 0.2734375 0.26244791666666667 0.02197916666666666 0.02049479166666668
0 0.48194010416666666 0.29223958333333333 0.012135416666666732 0.012903645833333366
0 0.39526041666666667 0.91015625 0.015221354166666737 0.016067708333333226
0 0.41235677083333333 0.8232421875 0.012486979166666709 0.012721354166666643
0 0.7797916666666667 0.44751302083333333 0.011966145833333405 0.011184895833333375
0 0.7001953125 0.5249088541666667 0.010911458333333476 0.010611979166666638
0 0.8774479166666667 0.8017578125 0.01804687499999987 0.018385416666666526
0 0.7749088541666667 0.5649479166666667 0.017721354166666536 0.01630208333333331
0 0.6596744791666667 0.708984375 0.016484375000000034 0.015611979166666679
0 0.8627994791666667 0.5268619791666667 0.01083333333333325 0.010234375000000018
0 0.6899479166666667 0.45434895833333333 0.006080729166666761 0.006263020833333262
0 0.8198307291666667 0.43920572916666667 0.012851562499999858 0.011640625000000071
0 0.40674479166666666 0.15295572916666667 0.010104166666666655 0.009960937500000008
0 0.45557291666666666 0.7504947916666667 0.017031250000000053 0.015950520833333332
0 0.59375 0.23278645833333333 0.009179687499999941 0.009140624999999977
0 0.8134765625 0.6689453125 0.00985677083333325 0.010000000000000009
0 0.44115885416666667 0.5864322916666667 0.011263020833333304 0.011796874999999929