0 0.208984375 0.8489583333333334 0.045572916666666664 0.041666666666666664
0 0.13736979166666666 0.9576822916666666 0.01953125 0.01953125
0 0.03515625 0.9635416666666666 0.015625 0.020833333333333332
0 0.18489583333333334 0.50390625 0.036458333333333336 0.0390625
0 0.173828125 0.421875 0.01953125 0.03125
0 0.453125 0.953125 0.06510416666666667 0.06770833333333333
0 0.533203125 0.6549479166666666 0.08203125 0.078125
0 0.4895833333333333 0.46875 0.020833333333333332 0.020833333333333332
0 0.078125 0.16145833333333334 0.028645833333333332 0.020833333333333332
0 0.08919270833333333 0.33984375 0.024739583333333332 0.020833333333333332
0 0.7662760416666666 0.5963541666666666 0.024739583333333332 0.026041666666666668
0 0.5611979166666666 0.7682291666666666 0.020833333333333332 0.018229166666666668
0 0.8196614583333334 0.4375 0.016927083333333332 0.026041666666666668
0 0.9837239583333334 0.8600260416666666 0.01953125 0.01953125
0 0.9147135416666666 0.27734375 0.061197916666666664 0.052083333333333336
0 0.7037760416666666 0.16341145833333334 0.01953125 0.01953125
0 0.5891927083333334 0.3841145833333333 0.016927083333333332 0.018229166666666668
0 0.6321614583333334 0.4537760416666667 0.01953125 0.01953125
0 0.14908854166666666 0.07877604166666667 0.04296875 0.045572916666666664
0 0.658203125 0.8756510416666666 0.01953125 0.014322916666666666
0 0.3313802083333333 0.7584635416666666 0.08723958333333333 0.08984375
0 0.7578125 0.12109375 0.015625 0.013020833333333334
0 0.8873697916666666 0.3587239583333333 0.01171875 0.014322916666666666
0 0.966796875 0.5852864583333334 0.06640625 0.10807291666666667
0 0.9778645833333334 0.2955729166666667 0.013020833333333334 0.013020833333333334
0 0.6985677083333334 0.013020833333333334 0.016927083333333332 0.013020833333333334
0 0.7063802083333334 0.9583333333333334 0.014322916666666666 0.013020833333333334
0 0.6555989583333334 0.9602864583333334 0.016927083333333332 0.016927083333333332
0 0.826171875 0.8723958333333334 0.014322916666666666 0.013020833333333334
0 0.8489583333333334 0.912109375 0.015625 0.01171875
0 0.15494791666666666 0.9791666666666666 0.015625 0.020833333333333332
0 0.038411458333333336 0.9342447916666666 0.016927083333333332 0.02734375