0 0.12825520833333334 0.4544270833333333 0.01953125 0.018229166666666668
0 0.13932291666666666 0.8776041666666666 0.06770833333333333 0.07291666666666667
0 0.2506510416666667 0.986328125 0.037760416666666664 0.024739583333333332
0 0.022135416666666668 0.8977864583333334 0.0234375 0.022135416666666668
0 0.039713541666666664 0.9212239583333334 0.01953125 0.014322916666666666
0 0.07096354166666667 0.7903645833333334 0.12630208333333334 0.15885416666666666
0 0.177734375 0.75 0.029947916666666668 0.033854166666666664
0 0.220703125 0.890625 0.016927083333333332 0.015625
0 0.3313802083333333 0.8483072916666666 0.024739583333333332 0.024739583333333332
0 0.3736979166666667 0.9368489583333334 0.018229166666666668 0.016927083333333332
0 0.054036458333333336 0.6321614583333334 0.016927083333333332 0.01953125
0 0.22526041666666666 0.4407552083333333 0.078125 0.08203125
0 0.4407552083333333 0.6126302083333334 0.01953125 0.01953125
0 0.3229166666666667 0.3411458333333333 0.09114583333333333 0.08072916666666667
0 0.404296875 0.24674479166666666 0.045572916666666664 0.048177083333333336
0 0.5657552083333334 0.8111979166666666 0.03515625 0.026041666666666668
0 0.6067708333333334 0.58984375 0.018229166666666668 0.020833333333333332
0 0.517578125 0.4557291666666667 0.02734375 0.033854166666666664
0 0.5065104166666666 0.6569010416666666 0.020833333333333332 0.01953125
0 0.8606770833333334 0.9205729166666666 0.057291666666666664 0.0546875
0 0.78515625 0.677734375 0.0390625 0.045572916666666664
0 0.7174479166666666 0.6087239583333334 0.17447916666666666 0.15755208333333334
0 0.53125 0.17903645833333334 0.026041666666666668 0.02734375
0 0.8671875 0.982421875 0.046875 0.032552083333333336
0 0.9251302083333334 0.7623697916666666 0.032552083333333336 0.032552083333333336
0 0.9680989583333334 0.923828125 0.05078125 0.048177083333333336
0 0.10481770833333333 0.020182291666666668 0.01953125 0.01953125
0 0.4739583333333333 0.8958333333333334 0.013020833333333334 0.013020833333333334
0 0.6920572916666666 0.8072916666666666 0.014322916666666666 0.013020833333333334
0 0.62109375 0.83203125 0.013020833333333334 0.013020833333333334
0 0.8580729166666666 0.7076822916666666 0.013020833333333334 0.014322916666666666
0 0.8411458333333334 0.7799479166666666 0.013020833333333334 0.013020833333333334
0 0.6497395833333334 0.12239583333333333 0.015625 0.015625
0 0.494140625 0.064453125 0.014322916666666666 0.014322916666666666
0 0.474609375 0.2936197916666667 0.014322916666666666 0.014322916666666666
0 0.4303385416666667 0.19140625 0.01171875 0.013020833333333334