0 0.12565104166666666 0.5149739583333334 0.01953125 0.01953125
0 0.240234375 0.77734375 0.029947916666666668 0.028645833333333332
0 0.16015625 0.931640625 0.026041666666666668 0.01953125
0 0.015625 0.9609375 0.0234375 0.052083333333333336
0 0.021484375 0.9075520833333334 0.01953125 0.015625
0 0.212890625 0.8665364583333334 0.014322916666666666 0.01953125
0 0.055989583333333336 0.70703125 0.013020833333333334 0.013020833333333334
0 0.06510416666666667 0.693359375 0.015625 0.01171875
0 0.13736979166666666 0.6764322916666666 0.01953125 0.01953125
0 0.3118489583333333 0.9759114583333334 0.016927083333333332 0.022135416666666668
0 0.35546875 0.82421875 0.026041666666666668 0.013020833333333334
0 0.416015625 0.7317708333333334 0.04296875 0.036458333333333336
0 0.5286458333333334 0.8697916666666666 0.033854166666666664 0.0390625
0 0.453125 0.650390625 0.026041666666666668 0.029947916666666668
0 0.17643229166666666 0.5390625 0.045572916666666664 0.044270833333333336
0 0.4798177083333333 0.3736979166666667 0.10286458333333333 0.10416666666666667
0 0.326171875 0.4055989583333333 0.14973958333333334 0.17057291666666666
0 0.19010416666666666 0.208984375 0.0859375 0.08463541666666667
0 0.07942708333333333 0.11067708333333333 0.018229166666666668 0.018229166666666668
0 0.16015625 0.026692708333333332 0.06510416666666667 0.045572916666666664
0 0.21223958333333334 0.06901041666666667 0.026041666666666668 0.026041666666666668
0 0.2610677083333333 0.10481770833333333 0.01953125 0.01953125
0 0.21940104166666666 0.025390625 0.01953125 0.029947916666666668
0 0.7044270833333334 0.4947916666666667 0.018229166666666668 0.020833333333333332
0 0.7220052083333334 0.7545572916666666 0.34765625 0.3736979166666667
0 0.8274739583333334 0.5735677083333334 0.08463541666666667 0.07161458333333333
0 0.80859375 0.3385416666666667 0.03125 0.03125
0 0.8151041666666666 0.22786458333333334 0.11197916666666667 0.109375
0 0.8196614583333334 0.23502604166666666 0.022135416666666668 0.01953125
0 0.7623697916666666 0.06901041666666667 0.07161458333333333 0.078125
0 0.94140625 0.228515625 0.026041666666666668 0.032552083333333336
0 0.9674479166666666 0.5944010416666666 0.0390625 0.040364583333333336
0 0.52734375 0.2610677083333333 0.07552083333333333 0.07161458333333333
0 0.521484375 0.18294270833333334 0.08463541666666667 0.07161458333333333
0 0.54296875 0.13411458333333334 0.15364583333333334 0.16927083333333334
0 0.9811197916666666 0.21223958333333334 0.024739583333333332 0.026041666666666668
0 0.9095052083333334 0.4563802083333333 0.05078125 0.045572916666666664
0 0.8502604166666666 0.033203125 0.06510416666666667 0.05859375
0 0.8502604166666666 0.9889322916666666 0.013020833333333334 0.016927083333333332