0 0.3372395833333333 0.947265625 0.07291666666666667 0.06380208333333333
0 0.5227864583333334 0.982421875 0.01171875 0.009114583333333334
0 0.4869791666666667 0.4498697916666667 0.033854166666666664 0.032552083333333336
0 0.6490885416666666 0.6041666666666666 0.01953125 0.018229166666666668
0 0.7018229166666666 0.38671875 0.018229166666666668 0.015625
0 0.012369791666666666 0.21223958333333334 0.01953125 0.026041666666666668
0 0.035807291666666664 0.026041666666666668 0.016927083333333332 0.018229166666666668
0 0.0859375 0.146484375 0.018229166666666668 0.014322916666666666
0 0.022786458333333332 0.08919270833333333 0.016927083333333332 0.01171875
0 0.5358072916666666 0.1796875 0.01953125 0.013020833333333334
0 0.5032552083333334 0.56640625 0.014322916666666666 0.018229166666666668
0 0.22330729166666666 0.5162760416666666 0.01171875 0.014322916666666666
0 0.888671875 0.23372395833333334 0.048177083333333336 0.045572916666666664
0 0.9427083333333334 0.23502604166666666 0.020833333333333332 0.01953125
0 0.890625 0.6412760416666666 0.020833333333333332 0.014322916666666666
0 0.9192708333333334 0.7200520833333334 0.026041666666666668 0.026041666666666668
0 0.9016927083333334 0.7552083333333334 0.022135416666666668 0.018229166666666668
0 0.6067708333333334 0.8287760416666666 0.026041666666666668 0.024739583333333332
0 0.9459635416666666 0.6536458333333334 0.01171875 0.010416666666666666
0 0.9440104166666666 0.7174479166666666 0.015625 0.013020833333333334
0 0.8450520833333334 0.3229166666666667 0.018229166666666668 0.013020833333333334
0 0.87109375 0.6067708333333334 0.25 0.3541666666666667
0 0.2701822916666667 0.18619791666666666 0.016927083333333332 0.013020833333333334
0 0.2734375 0.4713541666666667 0.010416666666666666 0.013020833333333334
0 0.33203125 0.15234375 0.010416666666666666 0.015625
0 0.296875 0.8958333333333334 0.0234375 0.026041666666666668
0 0.6614583333333334 0.16276041666666666 0.020833333333333332 0.020833333333333332
0 0.833984375 0.5755208333333334 0.016927083333333332 0.020833333333333332