0 0.271484375 0.2805989583333333 0.022135416666666668 0.01953125
0 0.75 0.15299479166666666 0.0234375 0.022135416666666668
0 0.6549479166666666 0.15690104166666666 0.020833333333333332 0.01953125
0 0.8177083333333334 0.2584635416666667 0.03125 0.02734375
0 0.8307291666666666 0.35546875 0.033854166666666664 0.026041666666666668
0 0.8053385416666666 0.5677083333333334 0.022135416666666668 0.020833333333333332
0 0.888671875 0.7825520833333334 0.032552083333333336 0.03125
0 0.587890625 0.2532552083333333 0.016927083333333332 0.016927083333333332
0 0.6100260416666666 0.13151041666666666 0.016927083333333332 0.015625
0 0.458984375 0.026041666666666668 0.12890625 0.049479166666666664
0 0.05859375 0.03125 0.10677083333333333 0.057291666666666664
0 0.54296875 0.185546875 0.018229166666666668 0.016927083333333332
0 0.013020833333333334 0.14583333333333334 0.013020833333333334 0.013020833333333334
0 0.9231770833333334 0.16145833333333334 0.013020833333333334 0.01171875
0 0.8776041666666666 0.11328125 0.013020833333333334 0.01171875
0 0.6536458333333334 0.06901041666666667 0.015625 0.015625
0 0.3697916666666667 0.7389322916666666 0.015625 0.015625
0 0.677734375 0.087890625 0.020833333333333332 0.020833333333333332
0 0.7916666666666666 0.2845052083333333 0.015625 0.014322916666666666
0 0.6848958333333334 0.6686197916666666 0.015625 0.014322916666666666
0 0.7942708333333334 0.875 0.057291666666666664 0.0546875
0 0.9811197916666666 0.6282552083333334 0.037760416666666664 0.0546875
0 0.58203125 0.19270833333333334 0.01171875 0.013020833333333334