0 0.3938802083333333 0.10677083333333333 0.029947916666666668 0.026041666666666668
0 0.029296875 0.07747395833333333 0.029947916666666668 0.037760416666666664
0 0.11197916666666667 0.4915364583333333 0.020833333333333332 0.01953125
0 0.3828125 0.5709635416666666 0.0390625 0.022135416666666668
0 0.18294270833333334 0.625 0.05859375 0.078125
0 0.013671875 0.6399739583333334 0.01953125 0.024739583333333332
0 0.07877604166666667 0.5247395833333334 0.01953125 0.018229166666666668
0 0.556640625 0.205078125 0.022135416666666668 0.01953125
0 0.6458333333333334 0.020833333333333332 0.033854166666666664 0.028645833333333332
0 0.5930989583333334 0.23697916666666666 0.032552083333333336 0.026041666666666668
0 0.8951822916666666 0.24283854166666666 0.03515625 0.037760416666666664
0 0.76953125 0.1328125 0.020833333333333332 0.018229166666666668
0 0.7858072916666666 0.16796875 0.01953125 0.0234375
0 0.9518229166666666 0.014322916666666666 0.057291666666666664 0.026041666666666668
0 0.3216145833333333 0.3763020833333333 0.018229166666666668 0.020833333333333332
0 0.3815104166666667 0.6627604166666666 0.03125 0.026041666666666668
0 0.7962239583333334 0.6790364583333334 0.01953125 0.016927083333333332
0 0.6803385416666666 0.3938802083333333 0.06901041666666667 0.045572916666666664
0 0.3697916666666667 0.8515625 0.020833333333333332 0.0234375
0 0.06705729166666667 0.923828125 0.022135416666666668 0.016927083333333332
0 0.16015625 0.5026041666666666 0.013020833333333334 0.015625
0 0.33984375 0.4563802083333333 0.010416666666666666 0.014322916666666666
0 0.677734375 0.5598958333333334 0.01953125 0.013020833333333334
0 0.8880208333333334 0.6067708333333334 0.015625 0.015625
0 0.4615885416666667 0.9453125 0.016927083333333332 0.015625
0 0.607421875 0.734375 0.016927083333333332 0.015625
0 0.5690104166666666 0.404296875 0.010416666666666666 0.014322916666666666
0 0.10611979166666667 0.10286458333333333 0.016927083333333332 0.020833333333333332
0 0.059244791666666664 0.16471354166666666 0.016927083333333332 0.016927083333333332
0 0.828125 0.08854166666666667 0.013020833333333334 0.015625
0 0.880859375 0.3600260416666667 0.01953125 0.01171875
0 0.9348958333333334 0.3203125 0.1171875 0.1328125
0 0.79296875 0.5852864583333334 0.015625 0.016927083333333332
0 0.818359375 0.7643229166666666 0.10546875 0.078125
0 0.904296875 0.4427083333333333 0.04296875 0.052083333333333336
0 0.9127604166666666 0.5143229166666666 0.0703125 0.052083333333333336
0 0.2630208333333333 0.18684895833333334 0.018229166666666668 0.01953125
0 0.583984375 0.990234375 0.053385416666666664 0.014322916666666666
0 0.20963541666666666 0.08528645833333333 0.018229166666666668 0.014322916666666666
0 0.16927083333333334 0.16276041666666666 0.010416666666666666 0.013020833333333334
0 0.1640625 0.19010416666666666 0.013020833333333334 0.013020833333333334