0 0.5638020833333334 0.14453125 0.026041666666666668 0.0390625
0 0.7122395833333334 0.8984375 0.041666666666666664 0.046875
0 0.8411458333333334 0.6927083333333334 0.044270833333333336 0.0390625
0 0.9186197916666666 0.7278645833333334 0.045572916666666664 0.03125
0 0.537109375 0.2766927083333333 0.029947916666666668 0.037760416666666664
0 0.3216145833333333 0.8697916666666666 0.036458333333333336 0.0390625
0 0.224609375 0.861328125 0.048177083333333336 0.05078125
0 0.09505208333333333 0.9609375 0.026041666666666668 0.026041666666666668
0 0.036458333333333336 0.9309895833333334 0.013020833333333334 0.018229166666666668
0 0.759765625 0.62109375 0.024739583333333332 0.028645833333333332
0 0.5553385416666666 0.19466145833333334 0.01953125 0.016927083333333332
0 0.2513020833333333 0.5247395833333334 0.026041666666666668 0.026041666666666668
0 0.8053385416666666 0.6223958333333334 0.024739583333333332 0.026041666666666668
0 0.3606770833333333 0.669921875 0.015625 0.016927083333333332
0 0.345703125 0.296875 0.13671875 0.14322916666666666
0 0.353515625 0.21875 0.032552083333333336 0.0390625
0 0.08203125 0.3216145833333333 0.026041666666666668 0.0234375
0 0.072265625 0.061848958333333336 0.09765625 0.09244791666666667
0 0.23567708333333334 0.6354166666666666 0.018229166666666668 0.013020833333333334
0 0.640625 0.3899739583333333 0.0234375 0.022135416666666668
0 0.697265625 0.7389322916666666 0.01953125 0.014322916666666666
0 0.4713541666666667 0.287109375 0.015625 0.01953125
0 0.9680989583333334 0.6126302083333334 0.014322916666666666 0.01953125
0 0.7154947916666666 0.17643229166666666 0.06901041666666667 0.07161458333333333
0 0.6946614583333334 0.2936197916666667 0.01953125 0.01953125
0 0.765625 0.9368489583333334 0.013020833333333334 0.009114583333333334
0 0.9342447916666666 0.146484375 0.022135416666666668 0.024739583333333332
0 0.5494791666666666 0.2545572916666667 0.015625 0.01953125
0 0.5755208333333334 0.24348958333333334 0.015625 0.015625
0 0.5026041666666666 0.09635416666666667 0.018229166666666668 0.018229166666666668
0 0.5345052083333334 0.130859375 0.01953125 0.01953125
0 0.6360677083333334 0.5559895833333334 0.30078125 0.3541666666666667
0 0.14127604166666666 0.6380208333333334 0.24088541666666666 0.3697916666666667
0 0.396484375 0.7662760416666666 0.048177083333333336 0.045572916666666664
0 0.8795572916666666 0.9055989583333334 0.01953125 0.01953125
0 0.8912760416666666 0.37109375 0.016927083333333332 0.018229166666666668
0 0.4498697916666667 0.947265625 0.01953125 0.014322916666666666
0 0.89453125 0.016276041666666668 0.036458333333333336 0.024739583333333332
0 0.2766927083333333 0.4986979166666667 0.02734375 0.028645833333333332
0 0.515625 0.9147135416666666 0.013020833333333334 0.016927083333333332
0 0.3736979166666667 0.4329427083333333 0.013020833333333334 0.01171875
0 0.3704427083333333 0.5520833333333334 0.01171875 0.013020833333333334
0 0.5911458333333334 0.52734375 0.013020833333333334 0.013020833333333334
0 0.5625 0.5182291666666666 0.013020833333333334 0.013020833333333334
0 0.8450520833333334 0.06705729166666667 0.015625 0.01171875
0 0.8346354166666666 0.4921875 0.010416666666666666 0.013020833333333334
0 0.8235677083333334 0.3723958333333333 0.01171875 0.010416666666666666
0 0.8411458333333334 0.4049479166666667 0.010416666666666666 0.013020833333333334
0 0.8170572916666666 0.51953125 0.01171875 0.010416666666666666
0 0.7265625 0.052083333333333336 0.018229166666666668 0.015625
0 0.65234375 0.024088541666666668 0.013020833333333334 0.01171875
0 0.59765625 0.18229166666666666 0.010416666666666666 0.013020833333333334
0 0.7805989583333334 0.9674479166666666 0.01171875 0.015625
0 0.72265625 0.9381510416666666 0.010416666666666666 0.014322916666666666
0 0.251953125 0.23307291666666666 0.01171875 0.013020833333333334
0 0.4661458333333333 0.16731770833333334 0.010416666666666666 0.01171875