0 0.3717447916666667 0.3528645833333333 0.024739583333333332 0.020833333333333332
0 0.2864583333333333 0.12890625 0.0390625 0.052083333333333336
0 0.18033854166666666 0.21223958333333334 0.04296875 0.0390625
0 0.16080729166666666 0.412109375 0.022135416666666668 0.02734375
0 0.4075520833333333 0.3365885416666667 0.018229166666666668 0.014322916666666666
0 0.23567708333333334 0.46875 0.015625 0.018229166666666668
0 0.2825520833333333 0.5149739583333334 0.018229166666666668 0.01953125
0 0.033854166666666664 0.5559895833333334 0.010416666666666666 0.010416666666666666
0 0.5559895833333334 0.44921875 0.018229166666666668 0.018229166666666668
0 0.5377604166666666 0.4694010416666667 0.020833333333333332 0.01953125
0 0.3125 0.7552083333333334 0.0234375 0.028645833333333332
0 0.5729166666666666 0.7233072916666666 0.013020833333333334 0.01953125
0 0.2578125 0.9348958333333334 0.018229166666666668 0.0234375
0 0.5859375 0.9615885416666666 0.026041666666666668 0.024739583333333332
0 0.043619791666666664 0.9798177083333334 0.016927083333333332 0.016927083333333332
0 0.7467447916666666 0.892578125 0.016927083333333332 0.01953125
0 0.8444010416666666 0.8177083333333334 0.016927083333333332 0.013020833333333334
0 0.384765625 0.533203125 0.10546875 0.12109375
0 0.5305989583333334 0.337890625 0.045572916666666664 0.055989583333333336
0 0.3684895833333333 0.150390625 0.020833333333333332 0.01953125
0 0.9537760416666666 0.12109375 0.08463541666666667 0.10416666666666667
0 0.9303385416666666 0.3053385416666667 0.01953125 0.022135416666666668
0 0.916015625 0.375 0.05859375 0.052083333333333336
0 0.7018229166666666 0.43359375 0.018229166666666668 0.026041666666666668
0 0.9733072916666666 0.5169270833333334 0.01953125 0.0234375
0 0.7408854166666666 0.5416666666666666 0.16145833333333334 0.17447916666666666
0 0.8509114583333334 0.5397135416666666 0.016927083333333332 0.01953125
0 0.5638020833333334 0.6686197916666666 0.3203125 0.3372395833333333
0 0.5084635416666666 0.75 0.037760416666666664 0.044270833333333336
0 0.5930989583333334 0.78125 0.024739583333333332 0.0234375
0 0.05859375 0.7890625 0.09114583333333333 0.09895833333333333
0 0.4205729166666667 0.04296875 0.018229166666666668 0.013020833333333334
0 0.5670572916666666 0.23567708333333334 0.014322916666666666 0.020833333333333332
0 0.9251302083333334 0.921875 0.014322916666666666 0.013020833333333334
0 0.7942708333333334 0.986328125 0.0703125 0.02734375
0 0.3723958333333333 0.431640625 0.015625 0.014322916666666666
0 0.947265625 0.8053385416666666 0.014322916666666666 0.01171875