0 0.5768229166666666 0.16861979166666666 0.2994791666666667 0.3372395833333333
0 0.10026041666666667 0.189453125 0.20052083333333334 0.37890625
0 0.736328125 0.9446614583333334 0.18359375 0.11067708333333333
0 0.18731770833333336 0.5510286458333334 0.2158203125 0.20572916666666666
0 0.07747395833333333 0.15950520833333334 0.15494791666666666 0.3190104166666667
0 0.059895833333333336 0.654296875 0.11979166666666667 0.41015625
0 0.9746874999999999 0.7776041666666668 0.04055989583333345 0.05173177083333336
0 0.2906380208333334 0.7932161458333334 0.04847656250000002 0.05647135416666652
0 0.8315234374999999 0.30507812500000003 0.04144531249999991 0.04346354166666666
0 0.7303515625 0.03973958333333335 0.06800781250000003 0.07688802083333333
0 0.9850260416666666 0.21875 0.029947916666666668 0.049479166666666664
0 0.7798567708333334 0.2940364583333333 0.03770833333333338 0.038749999999999986
0 0.36545572916666663 0.4051822916666667 0.03934895833333337 0.04457031250000002
0 0.41389322916666665 0.5612499999999999 0.03800781250000007 0.04248697916666666
0 0.6323958333333333 0.7480078125 0.07393229166666664 0.07662760416666654
0 0.3568359374999999 0.3260677083333334 0.029140624999999993 0.03285156250000002
0 0.7335807291666668 0.4789062499999999 0.03700520833333343 0.03713541666666664
0 0.9779166666666667 0.35674479166666667 0.028489583333333474 0.028046874999999954
0 0.9303385416666666 0.005859375 0.03515625 0.01171875
0 0.9736067708333334 0.14576822916666665 0.0388802083333332 0.038749999999999986
0 0.9230208333333335 0.2786979166666667 0.05647135416666652 0.056575520833333316
0 0.9219401041666666 0.4767578125 0.08402343749999996 0.08092447916666663
0 0.4015104166666667 0.1280078125 0.02617187500000003 0.02566406250000001
0 0.7260416666666667 0.7006380208333334 0.027200520833333464 0.02667968750000001
0 0.8530468750000001 0.8448828125 0.028268229166666714 0.029479166666666796
0 0.20561197916666663 0.16756510416666667 0.025182291666666634 0.02667968750000001
0 0.48277343749999996 0.40033854166666666 0.024973958333333268 0.025364583333333357
0 0.9445442708333335 0.0932942708333333 0.025364583333333357 0.025182291666666672
0 0.5161458333333333 0.5962369791666666 0.03016927083333328 0.028046874999999954
0 0.7055859375 0.7851432291666667 0.027096354166666597 0.027617187500000046
0 0.61625 0.41701822916666664 0.02881510416666666 0.028593750000000046
0 0.6474609375 0.6080729166666666 0.02617187500000003 0.0263671875
0 0.7174348958333333 0.90515625 0.028268229166666714 0.027200520833333464
0 0.20992187500000004 0.31852864583333335 0.03208333333333332 0.028710937500000016
0 0.8196875 0.6360546875 0.15391927083333337 0.1481380208333333
0 0.2771875 0.9417578125 0.02421875000000003 0.024609375000000117
0 0.36813802083333336 0.8545703124999999 0.03160156249999998 0.033619791666666586
0 0.6732942708333334 0.9579036458333333 0.02164062499999993 0.021901041666666583
0 0.17332031250000002 0.028177083333333314 0.020911458333333337 0.020833333333333332