0 0.16145833333333334 0.9029947916666666 0.020833333333333332 0.022135416666666668
0 0.2701822916666667 0.6360677083333334 0.029947916666666668 0.029947916666666668
0 0.6171875 0.6907552083333334 0.03125 0.03515625
0 0.8098958333333334 0.6770833333333334 0.03125 0.033854166666666664
0 0.859375 0.6614583333333334 0.044270833333333336 0.044270833333333336
0 0.044921875 0.9309895833333334 0.08203125 0.1328125
0 0.041015625 0.7252604166666666 0.07942708333333333 0.11979166666666667
0 0.01953125 0.5032552083333334 0.0234375 0.022135416666666668
0 0.0390625 0.57421875 0.015625 0.015625
0 0.0390625 0.10611979166666667 0.018229166666666668 0.01953125
0 0.15559895833333334 0.26171875 0.12890625 0.125
0 0.568359375 0.3756510416666667 0.01953125 0.01953125
0 0.5052083333333334 0.087890625 0.026041666666666668 0.02734375
0 0.5455729166666666 0.06770833333333333 0.020833333333333332 0.018229166666666668
0 0.5963541666666666 0.021484375 0.0390625 0.03515625
0 0.20247395833333334 0.4283854166666667 0.014322916666666666 0.010416666666666666
0 0.5735677083333334 0.603515625 0.016927083333333332 0.014322916666666666
0 0.9166666666666666 0.8658854166666666 0.015625 0.013020833333333334
0 0.4837239583333333 0.13997395833333334 0.01953125 0.022135416666666668
0 0.7096354166666666 0.047526041666666664 0.0234375 0.022135416666666668
0 0.9524739583333334 0.33984375 0.022135416666666668 0.015625
0 0.794921875 0.046875 0.016927083333333332 0.015625
0 0.978515625 0.208984375 0.014322916666666666 0.014322916666666666
0 0.580078125 0.12955729166666666 0.014322916666666666 0.014322916666666666
0 0.2845052083333333 0.3828125 0.01171875 0.010416666666666666
0 0.716796875 0.421875 0.014322916666666666 0.013020833333333334
0 0.537109375 0.8463541666666666 0.009114583333333334 0.010416666666666666
0 0.5852864583333334 0.9947916666666666 0.013020833333333334 0.010416666666666666
0 0.359375 0.6829427083333334 0.016927083333333332 0.016927083333333332
0 0.5065104166666666 0.8287760416666666 0.01171875 0.01171875
0 0.8190104166666666 0.18229166666666666 0.01171875 0.010416666666666666
0 0.17708333333333334 0.7701822916666666 0.01171875 0.01171875
0 0.6901041666666666 0.2662760416666667 0.01171875 0.010416666666666666
0 0.8528645833333334 0.4596354166666667 0.01171875 0.01171875
0 0.2779947916666667 0.47265625 0.010416666666666666 0.010416666666666666
0 0.17447916666666666 0.4928385416666667 0.01171875 0.01171875
0 0.8919270833333334 0.8665364583333334 0.010416666666666666 0.010416666666666666
0 0.30859375 0.5052083333333334 0.01171875 0.01171875
0 0.55078125 0.13736979166666666 0.013020833333333334 0.01171875
0 0.720703125 0.361328125 0.009114583333333334 0.009114583333333334
0 0.3938802083333333 0.10416666666666667 0.01171875 0.01171875
0 0.7669270833333334 0.8450520833333334 0.010416666666666666 0.010416666666666666
0 0.359375 0.357421875 0.010416666666666666 0.009114583333333334
0 0.6315104166666666 0.3313802083333333 0.009114583333333334 0.0078125
0 0.3776041666666667 0.3776041666666667 0.009114583333333334 0.009114583333333334
0 0.9088541666666666 0.2825520833333333 0.013020833333333334 0.01171875
0 0.7154947916666666 0.6067708333333334 0.009114583333333334 0.009114583333333334
0 0.3684895833333333 0.5188802083333334 0.005208333333333333 0.005208333333333333
0 0.6080729166666666 0.9036458333333334 0.010416666666666666 0.010416666666666666
0 0.9329427083333334 0.4322916666666667 0.005208333333333333 0.005208333333333333
0 0.4055989583333333 0.07552083333333333 0.010416666666666666 0.009114583333333334