0 0.3131510416666667 0.384765625 0.05078125 0.029947916666666668
0 0.09830729166666667 0.5305989583333334 0.05078125 0.045572916666666664
0 0.12044270833333333 0.5865885416666666 0.045572916666666664 0.048177083333333336
0 0.08268229166666667 0.8053385416666666 0.14713541666666666 0.19921875
0 0.4270833333333333 0.9375 0.12239583333333333 0.09114583333333333
0 0.4459635416666667 0.7291666666666666 0.08463541666666667 0.078125
0 0.3522135416666667 0.5983072916666666 0.20703125 0.18359375
0 0.150390625 0.4720052083333333 0.024739583333333332 0.01953125
0 0.10481770833333333 0.3528645833333333 0.11848958333333333 0.11458333333333333
0 0.16731770833333334 0.2734375 0.016927083333333332 0.013020833333333334
0 0.2545572916666667 0.498046875 0.16796875 0.16276041666666666
0 0.17903645833333334 0.455078125 0.045572916666666664 0.037760416666666664
0 0.3131510416666667 0.59375 0.014322916666666666 0.015625
0 0.4147135416666667 0.23111979166666666 0.016927083333333332 0.01953125
0 0.6569010416666666 0.5423177083333334 0.024739583333333332 0.02734375
0 0.5891927083333334 0.4928385416666667 0.11067708333333333 0.10026041666666667
0 0.5442708333333334 0.3938802083333333 0.020833333333333332 0.01953125
0 0.4479166666666667 0.302734375 0.020833333333333332 0.01953125
0 0.16080729166666666 0.18359375 0.01953125 0.015625
0 0.3776041666666667 0.048177083333333336 0.026041666666666668 0.020833333333333332
0 0.17057291666666666 0.11848958333333333 0.028645833333333332 0.028645833333333332
0 0.17643229166666666 0.032552083333333336 0.15494791666666666 0.052083333333333336
0 0.7649739583333334 0.4485677083333333 0.01953125 0.02734375
0 0.56640625 0.11328125 0.026041666666666668 0.018229166666666668
0 0.8515625 0.10416666666666667 0.03125 0.026041666666666668
0 0.84765625 0.24479166666666666 0.06770833333333333 0.0625
0 0.912109375 0.193359375 0.014322916666666666 0.016927083333333332
0 0.49609375 0.13541666666666666 0.23177083333333334 0.25
0 0.369140625 0.11197916666666667 0.016927083333333332 0.015625
0 0.8333333333333334 0.5989583333333334 0.078125 0.09114583333333333
0 0.7486979166666666 0.6634114583333334 0.013020833333333334 0.014322916666666666
0 0.6295572916666666 0.80859375 0.24348958333333334 0.25
0 0.4244791666666667 0.84375 0.09114583333333333 0.06770833333333333
0 0.828125 0.8033854166666666 0.0234375 0.020833333333333332
0 0.8736979166666666 0.7630208333333334 0.0390625 0.0546875
0 0.837890625 0.9921875 0.03515625 0.013020833333333334
0 0.88671875 0.9720052083333334 0.0234375 0.01953125
0 0.951171875 0.9609375 0.01171875 0.010416666666666666
0 0.9388020833333334 0.8912760416666666 0.10677083333333333 0.19661458333333334
0 0.9348958333333334 0.2747395833333333 0.059895833333333336 0.0625
0 0.9635416666666666 0.40625 0.052083333333333336 0.11197916666666667
0 0.3157552083333333 0.13997395833333334 0.05859375 0.05859375
0 0.650390625 0.20638020833333334 0.032552083333333336 0.03515625
0 0.7161458333333334 0.302734375 0.234375 0.20182291666666666
0 0.3522135416666667 0.24739583333333334 0.014322916666666666 0.013020833333333334
0 0.5345052083333334 0.84765625 0.014322916666666666 0.015625
0 0.24153645833333334 0.9798177083333334 0.040364583333333336 0.032552083333333336
0 0.7779947916666666 0.18815104166666666 0.006510416666666667 0.01171875
0 0.5416666666666666 0.16796875 0.015625 0.015625
0 0.3743489583333333 0.353515625 0.032552083333333336 0.037760416666666664