0 0.046875 0.375 0.052083333333333336 0.0390625
0 0.07877604166666667 0.4485677083333333 0.032552083333333336 0.022135416666666668
0 0.10872395833333333 0.4205729166666667 0.02734375 0.026041666666666668
0 0.3098958333333333 0.7786458333333334 0.052083333333333336 0.052083333333333336
0 0.34765625 0.6959635416666666 0.0234375 0.029947916666666668
0 0.298828125 0.892578125 0.06901041666666667 0.07161458333333333
0 0.4010416666666667 0.9661458333333334 0.013020833333333334 0.015625
0 0.4791666666666667 0.8815104166666666 0.013020833333333334 0.010416666666666666
0 0.5384114583333334 0.9407552083333334 0.12890625 0.10546875
0 0.5703125 0.8626302083333334 0.013020833333333334 0.014322916666666666
0 0.6328125 0.7376302083333334 0.08333333333333333 0.08984375
0 0.6419270833333334 0.6497395833333334 0.013020833333333334 0.020833333333333332
0 0.7415364583333334 0.767578125 0.13411458333333334 0.14713541666666666
0 0.79296875 0.892578125 0.0390625 0.032552083333333336
0 0.8665364583333334 0.9739583333333334 0.01953125 0.026041666666666668
0 0.8567708333333334 0.677734375 0.0390625 0.045572916666666664
0 0.6842447916666666 0.5442708333333334 0.01953125 0.026041666666666668
0 0.7337239583333334 0.3704427083333333 0.18880208333333334 0.21223958333333334
0 0.7923177083333334 0.2805989583333333 0.014322916666666666 0.01953125
0 0.9205729166666666 0.6647135416666666 0.015625 0.01953125
0 0.908203125 0.3782552083333333 0.016927083333333332 0.01953125
0 0.88671875 0.3131510416666667 0.018229166666666668 0.01953125
0 0.9095052083333334 0.25 0.014322916666666666 0.013020833333333334
0 0.07421875 0.16927083333333334 0.0234375 0.020833333333333332
0 0.11197916666666667 0.20182291666666666 0.020833333333333332 0.018229166666666668
0 0.4850260416666667 0.2727864583333333 0.016927083333333332 0.022135416666666668
0 0.53125 0.046223958333333336 0.026041666666666668 0.01953125
0 0.4694010416666667 0.029947916666666668 0.01953125 0.013020833333333334
0 0.740234375 0.119140625 0.07942708333333333 0.07942708333333333
0 0.796875 0.638671875 0.036458333333333336 0.05859375
0 0.376953125 0.5397135416666666 0.016927083333333332 0.016927083333333332
0 0.09244791666666667 0.9576822916666666 0.020833333333333332 0.01953125
0 0.142578125 0.37109375 0.016927083333333332 0.020833333333333332
0 0.185546875 0.234375 0.016927083333333332 0.03125
0 0.068359375 0.7708333333333334 0.016927083333333332 0.015625
0 0.359375 0.9596354166666666 0.018229166666666668 0.013020833333333334
0 0.5442708333333334 0.345703125 0.026041666666666668 0.01953125
0 0.6536458333333334 0.07356770833333333 0.015625 0.014322916666666666
0 0.76953125 0.240234375 0.018229166666666668 0.016927083333333332
0 0.20572916666666666 0.4889322916666667 0.078125 0.08463541666666667
0 0.234375 0.055989583333333336 0.041666666666666664 0.0390625
0 0.3756510416666667 0.14518229166666666 0.18098958333333334 0.18359375
0 0.4518229166666667 0.7805989583333334 0.0625 0.061197916666666664
0 0.9225260416666666 0.9739583333333334 0.06640625 0.052083333333333336
0 0.4342447916666667 0.3776041666666667 0.024739583333333332 0.03125
0 0.4016927083333333 0.5670572916666666 0.032552083333333336 0.032552083333333336
0 0.962890625 0.1015625 0.016927083333333332 0.013020833333333334
0 0.9609375 0.013671875 0.026041666666666668 0.01953125
0 0.06901041666666667 0.9934895833333334 0.013020833333333334 0.013020833333333334