0 0.23046875 0.345703125 0.0234375 0.037760416666666664
0 0.5559895833333334 0.34765625 0.171875 0.1484375
0 0.2942708333333333 0.7532552083333334 0.0234375 0.022135416666666668
0 0.24088541666666666 0.25 0.028645833333333332 0.026041666666666668
0 0.20442708333333334 0.26953125 0.018229166666666668 0.018229166666666668
0 0.6087239583333334 0.020182291666666668 0.024739583333333332 0.022135416666666668
0 0.76171875 0.0546875 0.044270833333333336 0.044270833333333336
0 0.853515625 0.052734375 0.022135416666666668 0.02734375
0 0.341796875 0.4427083333333333 0.02734375 0.026041666666666668
0 0.20638020833333334 0.7174479166666666 0.016927083333333332 0.015625
0 0.24479166666666666 0.7604166666666666 0.018229166666666668 0.018229166666666668
0 0.505859375 0.724609375 0.11067708333333333 0.09244791666666667
0 0.7174479166666666 0.8756510416666666 0.12760416666666666 0.12369791666666667
0 0.802734375 0.8020833333333334 0.01953125 0.018229166666666668
0 0.5442708333333334 0.875 0.026041666666666668 0.0234375
0 0.9088541666666666 0.962890625 0.0390625 0.03515625
0 0.8170572916666666 0.9811197916666666 0.016927083333333332 0.016927083333333332
0 0.038411458333333336 0.18229166666666666 0.022135416666666668 0.018229166666666668
0 0.4557291666666667 0.884765625 0.018229166666666668 0.014322916666666666
0 0.8489583333333334 0.779296875 0.015625 0.016927083333333332
0 0.208984375 0.228515625 0.014322916666666666 0.014322916666666666
0 0.255859375 0.2604166666666667 0.022135416666666668 0.020833333333333332
0 0.353515625 0.2526041666666667 0.01171875 0.010416666666666666
0 0.3932291666666667 0.2890625 0.015625 0.013020833333333334
0 0.927734375 0.049479166666666664 0.14453125 0.09375
0 0.9615885416666666 0.20052083333333334 0.06901041666666667 0.06770833333333333
0 0.7180989583333334 0.5143229166666666 0.01171875 0.010416666666666666
0 0.3470052083333333 0.6158854166666666 0.01171875 0.013020833333333334
0 0.697265625 0.61328125 0.009114583333333334 0.0078125
0 0.6861979166666666 0.65234375 0.0078125 0.010416666666666666
0 0.728515625 0.64453125 0.009114583333333334 0.0078125
0 0.77734375 0.6627604166666666 0.0078125 0.0078125
0 0.8268229166666666 0.294921875 0.013020833333333334 0.01171875
0 0.744140625 0.23307291666666666 0.014322916666666666 0.013020833333333334
0 0.8248697916666666 0.18880208333333334 0.01171875 0.013020833333333334
0 0.2845052083333333 0.7701822916666666 0.022135416666666668 0.01953125
0 0.2682291666666667 0.830078125 0.015625 0.014322916666666666
0 0.2545572916666667 0.85546875 0.01171875 0.010416666666666666
0 0.203125 0.6432291666666666 0.010416666666666666 0.010416666666666666
0 0.53125 0.9869791666666666 0.015625 0.013020833333333334
0 0.951171875 0.9830729166666666 0.016927083333333332 0.015625
0 0.9654947916666666 0.8072916666666666 0.01171875 0.013020833333333334
0 0.9459635416666666 0.8567708333333334 0.01171875 0.010416666666666666
0 0.966796875 0.5696614583333334 0.009114583333333334 0.009114583333333334
0 0.97265625 0.564453125 0.0078125 0.009114583333333334
0 0.96484375 0.5930989583333334 0.0078125 0.006510416666666667
0 0.9524739583333334 0.658203125 0.006510416666666667 0.006510416666666667
0 0.57421875 0.5123697916666666 0.015625 0.014322916666666666
0 0.6888020833333334 0.3821614583333333 0.010416666666666666 0.009114583333333334
0 0.7096354166666666 0.380859375 0.010416666666666666 0.009114583333333334
0 0.6608072916666666 0.2955729166666667 0.01171875 0.010416666666666666
0 0.9036458333333334 0.24869791666666666 0.010416666666666666 0.010416666666666666
0 0.4720052083333333 0.008463541666666666 0.01171875 0.009114583333333334
0 0.55859375 0.11393229166666667 0.010416666666666666 0.009114583333333334
0 0.9127604166666666 0.049479166666666664 0.0078125 0.0078125
0 0.8997395833333334 0.07096354166666667 0.015625 0.016927083333333332
0 0.958984375 0.061848958333333336 0.01171875 0.01171875
0 0.3932291666666667 0.048828125 0.015625 0.014322916666666666
0 0.232421875 0.142578125 0.01171875 0.01171875
0 0.1796875 0.2109375 0.013020833333333334 0.013020833333333334
0 0.22786458333333334 0.21419270833333334 0.013020833333333334 0.014322916666666666