0 0.7923177083333334 0.17513020833333334 0.032552083333333336 0.029947916666666668
0 0.4368489583333333 0.23177083333333334 0.040364583333333336 0.0390625
0 0.115234375 0.3522135416666667 0.022135416666666668 0.01953125
0 0.07161458333333333 0.06640625 0.052083333333333336 0.046875
0 0.4889322916666667 0.33984375 0.09244791666666667 0.0859375
0 0.7141927083333334 0.18684895833333334 0.029947916666666668 0.02734375
0 0.76953125 0.4166666666666667 0.036458333333333336 0.036458333333333336
0 0.2604166666666667 0.4381510416666667 0.0390625 0.032552083333333336
0 0.5696614583333334 0.6471354166666666 0.11067708333333333 0.10677083333333333
0 0.3587239583333333 0.6158854166666666 0.040364583333333336 0.0390625
0 0.2897135416666667 0.6764322916666666 0.01953125 0.022135416666666668
0 0.931640625 0.111328125 0.014322916666666666 0.01953125
0 0.6087239583333334 0.2630208333333333 0.032552083333333336 0.036458333333333336
0 0.15625 0.46484375 0.026041666666666668 0.0234375
0 0.8053385416666666 0.9420572916666666 0.022135416666666668 0.01953125
0 0.8365885416666666 0.2610677083333333 0.01953125 0.01953125
0 0.4993489583333333 0.208984375 0.03515625 0.02734375
0 0.5384114583333334 0.1640625 0.016927083333333332 0.015625
0 0.3528645833333333 0.14583333333333334 0.018229166666666668 0.013020833333333334
0 0.3912760416666667 0.5677083333333334 0.016927083333333332 0.018229166666666668
0 0.9016927083333334 0.22330729166666666 0.014322916666666666 0.016927083333333332