0 0.2565104166666667 0.619140625 0.020833333333333332 0.022135416666666668
0 0.19856770833333334 0.8580729166666666 0.04296875 0.046875
0 0.050130208333333336 0.919921875 0.022135416666666668 0.022135416666666668
0 0.10611979166666667 0.7942708333333334 0.016927083333333332 0.018229166666666668
0 0.23893229166666666 0.7161458333333334 0.01953125 0.018229166666666668
0 0.031901041666666664 0.4095052083333333 0.029947916666666668 0.03515625
0 0.373046875 0.6295572916666666 0.022135416666666668 0.022135416666666668
0 0.3587239583333333 0.5091145833333334 0.01953125 0.020833333333333332
0 0.4055989583333333 0.7057291666666666 0.12109375 0.11979166666666667
0 0.634765625 0.9108072916666666 0.024739583333333332 0.022135416666666668
0 0.634765625 0.3229166666666667 0.061197916666666664 0.06510416666666667
0 0.466796875 0.3014322916666667 0.01953125 0.022135416666666668
0 0.3815104166666667 0.08919270833333333 0.028645833333333332 0.032552083333333336
0 0.4622395833333333 0.951171875 0.015625 0.01953125
0 0.03515625 0.4850260416666667 0.020833333333333332 0.022135416666666668
0 0.14192708333333334 0.353515625 0.015625 0.016927083333333332
0 0.11979166666666667 0.2643229166666667 0.0546875 0.06770833333333333
0 0.05859375 0.2766927083333333 0.018229166666666668 0.01953125
0 0.123046875 0.16471354166666666 0.016927083333333332 0.01953125
0 0.5026041666666666 0.5052083333333334 0.013020833333333334 0.013020833333333334
0 0.7233072916666666 0.4498697916666667 0.032552083333333336 0.032552083333333336
0 0.7395833333333334 0.4889322916666667 0.013020833333333334 0.01953125
0 0.818359375 0.3736979166666667 0.2669270833333333 0.2630208333333333
0 0.8196614583333334 0.17252604166666666 0.048177083333333336 0.05078125
0 0.5403645833333334 0.13151041666666666 0.0234375 0.018229166666666668
0 0.9524739583333334 0.041666666666666664 0.01953125 0.020833333333333332
0 0.3580729166666667 0.4205729166666667 0.028645833333333332 0.026041666666666668
0 0.666015625 0.8743489583333334 0.09765625 0.09505208333333333
0 0.7265625 0.10677083333333333 0.015625 0.015625
0 0.01171875 0.7779947916666666 0.020833333333333332 0.08203125