0 0.025390625 0.8919270833333334 0.029947916666666668 0.03125
0 0.059895833333333336 0.8841145833333334 0.015625 0.018229166666666668
0 0.30078125 0.7864583333333334 0.059895833333333336 0.059895833333333336
0 0.19010416666666666 0.3294270833333333 0.046875 0.052083333333333336
0 0.3528645833333333 0.2936197916666667 0.09895833333333333 0.11067708333333333
0 0.4876302083333333 0.55859375 0.03515625 0.033854166666666664
0 0.5970052083333334 0.5279947916666666 0.19401041666666666 0.18880208333333334
0 0.763671875 0.591796875 0.016927083333333332 0.016927083333333332
0 0.9446614583333334 0.8190104166666666 0.022135416666666668 0.0234375
0 0.8587239583333334 0.5540364583333334 0.022135416666666668 0.01953125
0 0.2506510416666667 0.2669270833333333 0.022135416666666668 0.020833333333333332
0 0.013020833333333334 0.130859375 0.0234375 0.032552083333333336
0 0.5546875 0.07096354166666667 0.033854166666666664 0.029947916666666668
0 0.5794270833333334 0.2825520833333333 0.0234375 0.0234375
0 0.9498697916666666 0.26953125 0.029947916666666668 0.028645833333333332
0 0.6575520833333334 0.357421875 0.018229166666666668 0.01953125
0 0.13671875 0.9231770833333334 0.018229166666666668 0.0234375
0 0.15755208333333334 0.9166666666666666 0.010416666666666666 0.013020833333333334
0 0.158203125 0.8860677083333334 0.01171875 0.014322916666666666
0 0.19401041666666666 0.8678385416666666 0.013020833333333334 0.014322916666666666
0 0.11197916666666667 0.7838541666666666 0.013020833333333334 0.018229166666666668
0 0.16666666666666666 0.7819010416666666 0.010416666666666666 0.014322916666666666
0 0.2649739583333333 0.8678385416666666 0.01171875 0.01171875
0 0.333984375 0.7838541666666666 0.01171875 0.013020833333333334
0 0.390625 0.9674479166666666 0.010416666666666666 0.010416666666666666
0 0.4016927083333333 0.9609375 0.009114583333333334 0.010416666666666666
0 0.5416666666666666 0.9661458333333334 0.013020833333333334 0.015625
0 0.5735677083333334 0.9791666666666666 0.014322916666666666 0.010416666666666666
0 0.4856770833333333 0.7688802083333334 0.013020833333333334 0.016927083333333332
0 0.5188802083333334 0.8235677083333334 0.009114583333333334 0.014322916666666666
0 0.3782552083333333 0.53515625 0.014322916666666666 0.013020833333333334
0 0.4713541666666667 0.4563802083333333 0.013020833333333334 0.01171875
0 0.4166666666666667 0.6171875 0.010416666666666666 0.010416666666666666
0 0.4544270833333333 0.5065104166666666 0.010416666666666666 0.010416666666666666
0 0.5481770833333334 0.435546875 0.013020833333333334 0.014322916666666666
0 0.517578125 0.3196614583333333 0.014322916666666666 0.014322916666666666
0 0.2421875 0.474609375 0.010416666666666666 0.01171875
0 0.8600260416666666 0.478515625 0.01953125 0.01953125
0 0.818359375 0.3294270833333333 0.01171875 0.015625
0 0.671875 0.24348958333333334 0.013020833333333334 0.013020833333333334
0 0.6529947916666666 0.43359375 0.01171875 0.015625
0 0.7141927083333334 0.6373697916666666 0.009114583333333334 0.009114583333333334
0 0.7565104166666666 0.5703125 0.013020833333333334 0.015625
0 0.8815104166666666 0.728515625 0.013020833333333334 0.01171875
0 0.8841145833333334 0.8561197916666666 0.010416666666666666 0.009114583333333334
0 0.716796875 0.7819010416666666 0.016927083333333332 0.016927083333333332
0 0.615234375 0.87890625 0.014322916666666666 0.013020833333333334
0 0.8619791666666666 0.060546875 0.013020833333333334 0.014322916666666666
0 0.3606770833333333 0.181640625 0.015625 0.014322916666666666
0 0.3860677083333333 0.24153645833333334 0.014322916666666666 0.01953125
0 0.9915364583333334 0.3951822916666667 0.009114583333333334 0.01171875
0 0.169921875 0.21223958333333334 0.01171875 0.010416666666666666
0 0.462890625 0.994140625 0.01171875 0.006510416666666667
0 0.767578125 0.9895833333333334 0.014322916666666666 0.015625
0 0.208984375 0.016276041666666668 0.061197916666666664 0.032552083333333336