0 0.5052083333333334 0.055338541666666664 0.0390625 0.037760416666666664
0 0.15169270833333334 0.041666666666666664 0.01953125 0.020833333333333332
0 0.080078125 0.42578125 0.024739583333333332 0.0234375
0 0.07421875 0.5286458333333334 0.03125 0.03125
0 0.5950520833333334 0.7975260416666666 0.028645833333333332 0.032552083333333336
0 0.3059895833333333 0.912109375 0.044270833333333336 0.04296875
0 0.08268229166666667 0.3079427083333333 0.01171875 0.01171875
0 0.057942708333333336 0.8548177083333334 0.014322916666666666 0.014322916666666666
0 0.50390625 0.6126302083333334 0.010416666666666666 0.01171875
0 0.98046875 0.18619791666666666 0.0234375 0.026041666666666668
0 0.177734375 0.054036458333333336 0.014322916666666666 0.014322916666666666
0 0.6158854166666666 0.8502604166666666 0.013020833333333334 0.015625
0 0.6510416666666666 0.982421875 0.015625 0.016927083333333332
0 0.11328125 0.8359375 0.010416666666666666 0.010416666666666666
0 0.8131510416666666 0.380859375 0.01171875 0.014322916666666666
0 0.3444010416666667 0.966796875 0.032552083333333336 0.03515625
0 0.11588541666666667 0.028645833333333332 0.010416666666666666 0.010416666666666666
0 0.9576822916666666 0.6236979166666666 0.01171875 0.013020833333333334
0 0.5677083333333334 0.9498697916666666 0.010416666666666666 0.01171875
0 0.7666015625 0.23584635416666666 0.012825520833333215 0.012330729166666702
0 0.6108463541666667 0.2529296875 0.015481770833333316 0.014791666666666684
0 0.822265625 0.9565494791666667 0.011067708333333334 0.01125000000000013
0 0.45069010416666666 0.32885416666666667 0.011692708333333357 0.011197916666666696
0 0.8994140625 0.7983463541666667 0.00888020833333325 0.009127604166666655
0 0.560546875 0.1407421875 0.010013020833333405 0.010169270833333336
0 0.5297916666666667 0.19873697916666666 0.01045572916666663 0.010611979166666638
0 0.9594791666666667 0.43506510416666666 0.011328125000000059 0.010989583333333405
0 0.11358072916666667 0.82421875 0.008736979166666678 0.008151041666666655
0 0.6103515625 0.42260416666666667 0.011875000000000005 0.011289062499999947
0 0.14611979166666667 0.5200260416666667 0.012057291666666655 0.010989583333333405
0 0.8154296875 0.3818359375 0.009817708333333286 0.009713541666666714
0 0.8452213541666667 0.8779296875 0.008255208333333227 0.008736979166666714