0 0.09635416666666667 0.7415364583333334 0.044270833333333336 0.04296875
0 0.3079427083333333 0.8893229166666666 0.014322916666666666 0.026041666666666668
0 0.3658854166666667 0.9108072916666666 0.026041666666666668 0.022135416666666668
0 0.4680989583333333 0.9576822916666666 0.01953125 0.01953125
0 0.5032552083333334 0.490234375 0.024739583333333332 0.024739583333333332
0 0.4264322916666667 0.2513020833333333 0.03515625 0.026041666666666668
0 0.4537760416666667 0.03125 0.01953125 0.018229166666666668
0 0.5436197916666666 0.10026041666666667 0.016927083333333332 0.015625
0 0.8463541666666666 0.11328125 0.015625 0.015625
0 0.41796875 0.032552083333333336 0.026041666666666668 0.03125
0 0.109375 0.474609375 0.0078125 0.016927083333333332
0 0.9713541666666666 0.11458333333333333 0.013020833333333334 0.013020833333333334
0 0.9401041666666666 0.615234375 0.013020833333333334 0.01171875
0 0.3548177083333333 0.6809895833333334 0.016927083333333332 0.013020833333333334
0 0.125 0.5182291666666666 0.013020833333333334 0.013020833333333334