0 0.650390625 0.22591145833333334 0.01953125 0.01953125
0 0.6614583333333334 0.318359375 0.018229166666666668 0.016927083333333332
0 0.712890625 0.2877604166666667 0.014322916666666666 0.013020833333333334
0 0.18229166666666666 0.2845052083333333 0.0234375 0.01953125
0 0.24479166666666666 0.3567708333333333 0.026041666666666668 0.028645833333333332
0 0.396484375 0.4420572916666667 0.032552083333333336 0.032552083333333336
0 0.4088541666666667 0.470703125 0.020833333333333332 0.016927083333333332
0 0.390625 0.5013020833333334 0.018229166666666668 0.015625
0 0.3014322916666667 0.607421875 0.029947916666666668 0.024739583333333332
0 0.462890625 0.6458333333333334 0.01953125 0.0234375
0 0.5768229166666666 0.615234375 0.020833333333333332 0.01953125
0 0.2643229166666667 0.050130208333333336 0.020833333333333332 0.022135416666666668
0 0.16731770833333334 0.017578125 0.053385416666666664 0.032552083333333336
0 0.04296875 0.46484375 0.052083333333333336 0.052083333333333336
0 0.009114583333333334 0.4576822916666667 0.010416666666666666 0.014322916666666666
0 0.3209635416666667 0.4322916666666667 0.11848958333333333 0.11979166666666667
0 0.7233072916666666 0.4244791666666667 0.032552083333333336 0.0234375
0 0.798828125 0.4772135416666667 0.032552083333333336 0.024739583333333332
0 0.921875 0.4368489583333333 0.07552083333333333 0.061197916666666664
0 0.9134114583333334 0.4967447916666667 0.055989583333333336 0.045572916666666664
0 0.5625 0.4283854166666667 0.015625 0.013020833333333334
0 0.47265625 0.10481770833333333 0.10416666666666667 0.08984375
0 0.630859375 0.014973958333333334 0.045572916666666664 0.02734375
0 0.369140625 0.2421875 0.014322916666666666 0.013020833333333334
0 0.24088541666666666 0.24153645833333334 0.015625 0.016927083333333332
0 0.8671875 0.8795572916666666 0.044270833333333336 0.040364583333333336
0 0.5032552083333334 0.87890625 0.01953125 0.015625
0 0.8678385416666666 0.7447916666666666 0.016927083333333332 0.015625
0 0.8899739583333334 0.640625 0.014322916666666666 0.013020833333333334
0 0.5729166666666666 0.20572916666666666 0.015625 0.015625
0 0.5234375 0.2421875 0.13020833333333334 0.1171875
0 0.09244791666666667 0.11783854166666667 0.18229166666666666 0.19661458333333334
0 0.22721354166666666 0.08984375 0.048177083333333336 0.036458333333333336
0 0.14778645833333334 0.5319010416666666 0.016927083333333332 0.014322916666666666
0 0.21484375 0.5963541666666666 0.018229166666666668 0.015625
0 0.5162760416666666 0.6796875 0.05859375 0.052083333333333336
0 0.7109375 0.767578125 0.013020833333333334 0.01171875
0 0.4596354166666667 0.798828125 0.013020833333333334 0.014322916666666666
0 0.94140625 0.7037760416666666 0.013020833333333334 0.01171875
0 0.958984375 0.71875 0.016927083333333332 0.015625
0 0.8190104166666666 0.8040364583333334 0.010416666666666666 0.009114583333333334
0 0.9674479166666666 0.8743489583333334 0.06510416666666667 0.12109375
0 0.3736979166666667 0.2962239583333333 0.010416666666666666 0.01171875
0 0.359375 0.7864583333333334 0.010416666666666666 0.013020833333333334
0 0.2649739583333333 0.53515625 0.014322916666666666 0.015625
0 0.3170572916666667 0.06966145833333333 0.01171875 0.01171875
0 0.697265625 0.09309895833333333 0.08463541666666667 0.07682291666666667
0 0.81640625 0.10611979166666667 0.11979166666666667 0.10546875
0 0.9069010416666666 0.12955729166666666 0.13932291666666666 0.15755208333333334
0 0.08463541666666667 0.8743489583333334 0.013020833333333334 0.01171875
0 0.5325520833333334 0.8020833333333334 0.010416666666666666 0.010416666666666666
0 0.4967447916666667 0.9609375 0.01171875 0.010416666666666666
0 0.125 0.5221354166666666 0.0078125 0.0078125
0 0.29296875 0.94140625 0.013020833333333334 0.010416666666666666
0 0.6692708333333334 0.94921875 0.013020833333333334 0.010416666666666666
0 0.9322916666666666 0.947265625 0.1328125 0.10546875
0 0.68359375 0.5865885416666666 0.010416666666666666 0.009114583333333334
0 0.6373697916666666 0.677734375 0.014322916666666666 0.01171875
0 0.5540364583333334 0.4967447916666667 0.01171875 0.01171875
0 0.9615885416666666 0.2864583333333333 0.07682291666666667 0.18229166666666666
0 0.599609375 0.036458333333333336 0.14713541666666666 0.0703125
0 0.3997395833333333 0.201171875 0.010416666666666666 0.01171875
0 0.42578125 0.59765625 0.1015625 0.08854166666666667
0 0.45703125 0.4817708333333333 0.010416666666666666 0.010416666666666666
0 0.4563802083333333 0.84375 0.009114583333333334 0.0078125
0 0.4166666666666667 0.7623697916666666 0.0078125 0.009114583333333334