0 0.4049479166666667 0.06966145833333333 0.013020833333333334 0.01953125
0 0.4069010416666667 0.06966145833333333 0.048177083333333336 0.05859375
0 0.09244791666666667 0.19075520833333334 0.078125 0.06640625
0 0.10179687500000001 0.277421875 0.12109375 0.09895833333333333
0 0.23828125 0.140625 0.028645833333333332 0.028645833333333332
0 0.3255208333333333 0.11848958333333333 0.028645833333333332 0.0390625
0 0.4934895833333333 0.486328125 0.018229166666666668 0.01953125
0 0.7239583333333334 0.4388020833333333 0.026041666666666668 0.028645833333333332
0 0.7076822916666666 0.5794270833333334 0.01953125 0.0234375
0 0.505859375 0.7200520833333334 0.11067708333333333 0.1015625
0 0.37109375 0.83203125 0.11979166666666667 0.109375
0 0.2975260416666667 0.6653645833333334 0.12369791666666667 0.1171875
0 0.8678385416666666 0.69140625 0.13151041666666666 0.14322916666666666
0 0.71484375 0.8020833333333334 0.059895833333333336 0.06510416666666667
0 0.045572916666666664 0.7083333333333334 0.08072916666666667 0.08333333333333333
0 0.095703125 0.5221354166666666 0.032552083333333336 0.0390625
0 0.7376302083333334 0.3177083333333333 0.15755208333333334 0.1875
0 0.6881510416666666 0.6165364583333334 0.032552083333333336 0.032552083333333336
0 0.73046875 0.022135416666666668 0.03125 0.028645833333333332
0 0.6380208333333334 0.9791666666666666 0.0859375 0.041666666666666664
0 0.030598958333333332 0.9485677083333334 0.05859375 0.08463541666666667
0 0.8418489583333333 0.9907421875 0.015130208333333192 0.012747395833333286
0 0.24088541666666666 0.8841145833333334 0.028645833333333332 0.03125
0 0.80078125 0.20377604166666666 0.015625 0.014322916666666666
0 0.06901041666666667 0.4635416666666667 0.010416666666666666 0.013020833333333334
0 0.74609375 0.16358072916666666 0.016406249999999883 0.01489583333333333
0 0.9345703125 0.28735677083333333 0.013476562499999881 0.013333333333333345
0 0.9419010416666667 0.5913151041666667 0.014283854166666702 0.013216145833333304
0 0.30493489583333333 0.2080078125 0.011158854166666657 0.01191406249999997
0 0.6752994791666667 0.8374088541666667 0.01200520833333337 0.011419270833333309
0 0.39014322916666666 0.5278385416666667 0.012773437499999929 0.012968750000000048
0 0.43286458333333333 0.705078125 0.014231770833333268 0.013906250000000083
0 0.20055989583333333 0.7055729166666667 0.009895833333333362 0.010130208333333298
0 0.034609375 0.3095703125 0.03397135416666667 0.03210937500000003
0 0.57421875 0.5830078125 0.014622395833333357 0.013424479166666595
0 0.14782552083333333 0.6079166666666667 0.016458333333333314 0.015195312499999947
0 0.09466145833333334 0.29321614583333333 0.026458333333333323 0.026158854166666634
0 0.9296875 0.5185546875 0.017434895833333464 0.016223958333333382
0 0.27661458333333333 0.8735416666666667 0.014622395833333357 0.014283854166666702
0 0.67578125 0.6591796875 0.014947916666666691 0.014791666666666684
0 0.7270572916666667 0.1934765625 0.013476562499999881 0.012669270833333357
0 0.41430989583333333 0.36401041666666667 0.03677083333333334 0.03683593749999995
0 0.14893229166666666 0.32885416666666667 0.017721354166666686 0.01640625000000003
0 0.32837239583333333 0.37451822916666666 0.022083333333333344 0.020924479166666732
0 0.5317447916666667 0.9526432291666667 0.013281250000000059 0.012929687500000083
0 0.07287760416666667 0.46704427083333333 0.01173177083333334 0.011601562499999959
0 0.7954166666666667 0.46826822916666666 0.022513020833333286 0.02276041666666669
0 0.49829427083333333 0.12475260416666667 0.024570312500000007 0.021575520833333323
0 0.5893619791666667 0.8481510416666667 0.011731770833333321 0.011380208333333345
0 0.24779947916666667 0.578125 0.011419270833333309 0.011328125000000059
0 0.44653645833333333 0.25390625 0.012148437500000053 0.011601562500000032
0 0.7348697916666667 0.8579166666666667 0.011914062500000119 0.011549479166666524
0 0.24927083333333333 0.5048828125 0.011549479166666673 0.010690104166666714
0 0.46069010416666667 0.44483072916666666 0.012291666666666737 0.011067708333333334
0 0.4189453125 0.167109375 0.013372395833333309 0.012669270833333338
0 0.45727864583333333 0.48364583333333333 0.018190104166666703 0.016458333333333314
0 0.8525390625 0.6098697916666667 0.01045572916666663 0.010690104166666714
0 0.1678515625 0.744140625 0.011158854166666657 0.011197916666666549
0 0.7587890625 0.6171875 0.009231770833333227 0.009192708333333263
0 0.69921875 0.9311588541666667 0.010091145833333334 0.010325520833333416
0 0.08868489583333333 0.44848958333333333 0.010130208333333335 0.009518229166666595
0 0.31470052083333333 0.4306640625 0.01024739583333334 0.009856770833333398
0 0.26587239583333333 0.8046875 0.011119791666666693 0.01045572916666663
0 0.42602864583333333 0.5014713541666667 0.009817708333333286 0.009778645833333321
0 0.9282291666666667 0.8271484375 0.009817708333333286 0.00947916666666663
0 0.8208072916666667 0.28076822916666666 0.01125000000000013 0.011119791666666693
0 0.31372395833333333 0.49829427083333333 0.00951822916666667 0.009335937499999947
0 0.44140625 0.71875 0.012578124999999959 0.012239583333333451
0 0.748046875 0.46752604166666667 0.009023437500000083 0.008815104166666643
0 0.9755859375 0.6440494791666667 0.00985677083333325 0.009088541666666691