0 0.4290364583333333 0.17708333333333334 0.02734375 0.015625
0 0.3873697916666667 0.016927083333333332 0.045572916666666664 0.03125
0 0.251953125 0.2734375 0.04296875 0.052083333333333336
0 0.3313802083333333 0.2701822916666667 0.024739583333333332 0.01953125
0 0.16536458333333334 0.2721354166666667 0.026041666666666668 0.018229166666666668
0 0.7740885416666666 0.24479166666666666 0.08463541666666667 0.07291666666666667
0 0.68359375 0.087890625 0.0390625 0.045572916666666664
0 0.6165364583333334 0.041015625 0.029947916666666668 0.02734375
0 0.966796875 0.07486979166666667 0.01953125 0.01953125
0 0.8203125 0.17578125 0.026041666666666668 0.026041666666666668
0 0.9212239583333334 0.3092447916666667 0.045572916666666664 0.045572916666666664
0 0.837890625 0.361328125 0.016927083333333332 0.01953125
0 0.9205729166666666 0.4895833333333333 0.020833333333333332 0.015625
0 0.3118489583333333 0.3470052083333333 0.014322916666666666 0.014322916666666666
0 0.2727864583333333 0.4036458333333333 0.01953125 0.013020833333333334
0 0.38671875 0.287109375 0.09895833333333333 0.10546875
0 0.6438802083333334 0.6451822916666666 0.20963541666666666 0.19661458333333334
0 0.7161458333333334 0.583984375 0.0390625 0.03515625
0 0.6940104166666666 0.6796875 0.018229166666666668 0.018229166666666668
0 0.7005208333333334 0.3821614583333333 0.018229166666666668 0.016927083333333332
0 0.7819010416666666 0.8118489583333334 0.03515625 0.03515625
0 0.8932291666666666 0.8541666666666666 0.0234375 0.026041666666666668
0 0.9811197916666666 0.857421875 0.022135416666666668 0.022135416666666668
0 0.9596354166666666 0.5891927083333334 0.018229166666666668 0.01953125
0 0.2682291666666667 0.08919270833333333 0.015625 0.009114583333333334
0 0.22916666666666666 0.107421875 0.140625 0.13671875
0 0.3313802083333333 0.13020833333333334 0.01171875 0.013020833333333334
0 0.024088541666666668 0.24479166666666666 0.029947916666666668 0.044270833333333336
0 0.2552083333333333 0.8404947916666666 0.0625 0.06380208333333333
0 0.3352864583333333 0.5514322916666666 0.01953125 0.022135416666666668
0 0.051432291666666664 0.6588541666666666 0.014322916666666666 0.015625
0 0.051432291666666664 0.3977864583333333 0.037760416666666664 0.037760416666666664
0 0.24348958333333334 0.326171875 0.013020833333333334 0.014322916666666666
0 0.7565104166666666 0.5384114583333334 0.015625 0.016927083333333332
0 0.7727864583333334 0.4147135416666667 0.016927083333333332 0.022135416666666668
0 0.830078125 0.6673177083333334 0.032552083333333336 0.032552083333333336
0 0.8151041666666666 0.96484375 0.015625 0.013020833333333334
0 0.9114583333333334 0.9641927083333334 0.013020833333333334 0.01171875
0 0.5852864583333334 0.900390625 0.01953125 0.016927083333333332
0 0.4622395833333333 0.6946614583333334 0.013020833333333334 0.016927083333333332
0 0.669921875 0.5032552083333334 0.014322916666666666 0.01171875
0 0.20247395833333334 0.458984375 0.022135416666666668 0.014322916666666666
0 0.16276041666666666 0.72265625 0.013020833333333334 0.013020833333333334
0 0.1640625 0.662109375 0.015625 0.009114583333333334
0 0.052083333333333336 0.84765625 0.013020833333333334 0.015625
0 0.07356770833333333 0.13151041666666666 0.01953125 0.015625
0 0.016276041666666668 0.111328125 0.01953125 0.05078125