0 0.486328125 0.236328125 0.19140625 0.17317708333333334
0 0.6119791666666666 0.3359375 0.059895833333333336 0.0546875
0 0.16796875 0.376953125 0.0234375 0.02734375
0 0.24088541666666666 0.4049479166666667 0.020833333333333332 0.0234375
0 0.010416666666666666 0.07552083333333333 0.018229166666666668 0.026041666666666668
0 0.796875 0.4954427083333333 0.13541666666666666 0.12109375
0 0.9251302083333334 0.421875 0.13671875 0.1328125
0 0.6451822916666666 0.045572916666666664 0.024739583333333332 0.018229166666666668
0 0.8059895833333334 0.043619791666666664 0.036458333333333336 0.03515625
0 0.81640625 0.06770833333333333 0.020833333333333332 0.020833333333333332
0 0.42578125 0.4635416666666667 0.028645833333333332 0.028645833333333332
0 0.4186197916666667 0.4765625 0.12109375 0.10677083333333333
0 0.4069010416666667 0.490234375 0.014322916666666666 0.01953125
0 0.447265625 0.5377604166666666 0.022135416666666668 0.0234375
0 0.6080729166666666 0.6419270833333334 0.015625 0.013020833333333334
0 0.3033854166666667 0.69921875 0.020833333333333332 0.015625
0 0.5514322916666666 0.93359375 0.01953125 0.018229166666666668
0 0.23893229166666666 0.7018229166666666 0.016927083333333332 0.015625
0 0.033854166666666664 0.11458333333333333 0.020833333333333332 0.018229166666666668
0 0.5234375 0.3463541666666667 0.020833333333333332 0.015625
0 0.11328125 0.4173177083333333 0.22395833333333334 0.3033854166666667
0 0.23111979166666666 0.17643229166666666 0.12890625 0.10546875
0 0.24869791666666666 0.8014322916666666 0.013020833333333334 0.014322916666666666
0 0.015625 0.6490885416666666 0.015625 0.016927083333333332
0 0.09049479166666667 0.73828125 0.016927083333333332 0.015625
0 0.6829427083333334 0.8671875 0.016927083333333332 0.015625
0 0.5188802083333334 0.876953125 0.02734375 0.022135416666666668
0 0.9837239583333334 0.22005208333333334 0.016927083333333332 0.018229166666666668
0 0.5852864583333334 0.038411458333333336 0.016927083333333332 0.01953125
0 0.6354166666666666 0.06315104166666667 0.015625 0.01171875
0 0.3756510416666667 0.7408854166666666 0.014322916666666666 0.013020833333333334
0 0.3548177083333333 0.8587239583333334 0.014322916666666666 0.01171875
0 0.004557291666666667 0.701171875 0.006510416666666667 0.016927083333333332
0 0.4817708333333333 0.23307291666666666 0.020833333333333332 0.020833333333333332
0 0.059895833333333336 0.083984375 0.015625 0.014322916666666666
0 0.8977864583333334 0.07291666666666667 0.016927083333333332 0.015625
0 0.4778645833333333 0.5983072916666666 0.010416666666666666 0.014322916666666666
0 0.181640625 0.841796875 0.01171875 0.01171875
0 0.19856770833333334 0.955078125 0.01171875 0.01171875
0 0.3899739583333333 0.6979166666666666 0.01171875 0.010416666666666666
0 0.4108072916666667 0.88671875 0.01171875 0.013020833333333334
0 0.56640625 0.82421875 0.010416666666666666 0.013020833333333334
0 0.4928385416666667 0.7376302083333334 0.01171875 0.009114583333333334
0 0.609375 0.8131510416666666 0.013020833333333334 0.01171875
0 0.69921875 0.8776041666666666 0.013020833333333334 0.013020833333333334
0 0.599609375 0.9134114583333334 0.01171875 0.009114583333333334
0 0.822265625 0.9947916666666666 0.01953125 0.010416666666666666
0 0.8893229166666666 0.83203125 0.010416666666666666 0.010416666666666666
0 0.86328125 0.716796875 0.010416666666666666 0.009114583333333334
0 0.9830729166666666 0.5032552083333334 0.013020833333333334 0.01171875
0 0.982421875 0.5345052083333334 0.009114583333333334 0.01171875
0 0.8444010416666666 0.5807291666666666 0.009114583333333334 0.010416666666666666
0 0.9596354166666666 0.5709635416666666 0.010416666666666666 0.009114583333333334
0 0.51953125 0.14127604166666666 0.0234375 0.01953125
0 0.859375 0.12239583333333333 0.018229166666666668 0.015625
0 0.8743489583333334 0.2604166666666667 0.014322916666666666 0.015625
0 0.9388020833333334 0.30859375 0.0078125 0.010416666666666666
0 0.9733072916666666 0.26171875 0.01171875 0.010416666666666666
0 0.9928385416666666 0.18229166666666666 0.01171875 0.010416666666666666
0 0.6529947916666666 0.5533854166666666 0.01171875 0.013020833333333334
0 0.7356770833333334 0.587890625 0.010416666666666666 0.01171875
0 0.6569010416666666 0.13736979166666666 0.01171875 0.01171875
0 0.5390625 0.052083333333333336 0.010416666666666666 0.010416666666666666