0 0.171875 0.875 0.0390625 0.033854166666666664
0 0.23046875 0.607421875 0.078125 0.07942708333333333
0 0.1015625 0.5638020833333334 0.049479166666666664 0.046875
0 0.18294270833333334 0.419921875 0.032552083333333336 0.02734375
0 0.19010416666666666 0.5182291666666666 0.033854166666666664 0.03125
0 0.14973958333333334 0.7662760416666666 0.013020833333333334 0.01171875
0 0.17252604166666666 0.6139322916666666 0.01953125 0.016927083333333332
0 0.361328125 0.7180989583333334 0.022135416666666668 0.01953125
0 0.3515625 0.6243489583333334 0.020833333333333332 0.022135416666666668
0 0.3391927083333333 0.5364583333333334 0.016927083333333332 0.015625
0 0.4459635416666667 0.640625 0.016927083333333332 0.013020833333333334
0 0.3639322916666667 0.310546875 0.02734375 0.024739583333333332
0 0.5260416666666666 0.4967447916666667 0.020833333333333332 0.01953125
0 0.06510416666666667 0.0546875 0.033854166666666664 0.0234375
0 0.294921875 0.236328125 0.022135416666666668 0.01953125
0 0.06575520833333333 0.931640625 0.014322916666666666 0.01171875
0 0.054036458333333336 0.3645833333333333 0.01171875 0.013020833333333334
0 0.923828125 0.748046875 0.01953125 0.016927083333333332
0 0.54296875 0.07682291666666667 0.013020833333333334 0.010416666666666666
0 0.556640625 0.06901041666666667 0.022135416666666668 0.0234375
0 0.4889322916666667 0.12239583333333333 0.014322916666666666 0.013020833333333334
0 0.73828125 0.12174479166666667 0.013020833333333334 0.016927083333333332
0 0.6725260416666666 0.08203125 0.022135416666666668 0.018229166666666668
0 0.8743489583333334 0.17903645833333334 0.014322916666666666 0.01953125
0 0.8203125 0.337890625 0.013020833333333334 0.014322916666666666
0 0.8938802083333334 0.9010416666666666 0.016927083333333332 0.013020833333333334
0 0.2571614583333333 0.3229166666666667 0.014322916666666666 0.015625
0 0.3385416666666667 0.22721354166666666 0.015625 0.01171875
0 0.09830729166666667 0.024088541666666668 0.022135416666666668 0.022135416666666668
0 0.5774739583333334 0.181640625 0.01171875 0.014322916666666666
0 0.927734375 0.7194010416666666 0.022135416666666668 0.016927083333333332
0 0.052734375 0.587890625 0.01171875 0.009114583333333334
0 0.7571614583333334 0.896484375 0.01171875 0.009114583333333334
0 0.6412760416666666 0.12955729166666666 0.01171875 0.009114583333333334
0 0.4993489583333333 0.045572916666666664 0.022135416666666668 0.020833333333333332
0 0.7643229166666666 0.14778645833333334 0.010416666666666666 0.006510416666666667
0 0.8059895833333334 0.028645833333333332 0.0078125 0.0078125
0 0.026692708333333332 0.3821614583333333 0.009114583333333334 0.009114583333333334
0 0.0032552083333333335 0.3385416666666667 0.006510416666666667 0.013020833333333334