0 0.5221354166666666 0.19010416666666666 0.3229166666666667 0.2604166666666667
0 0.77734375 0.3092447916666667 0.026041666666666668 0.029947916666666668
0 0.6575520833333334 0.3268229166666667 0.013020833333333334 0.013020833333333334
0 0.931640625 0.3092447916666667 0.014322916666666666 0.016927083333333332
0 0.6809895833333334 0.4361979166666667 0.018229166666666668 0.015625
0 0.8990885416666666 0.6171875 0.02734375 0.03125
0 0.703125 0.6673177083333334 0.0390625 0.04296875
0 0.18880208333333334 0.9251302083333334 0.026041666666666668 0.016927083333333332
0 0.026041666666666668 0.8938802083333334 0.028645833333333332 0.02734375
0 0.7109375 0.8626302083333334 0.013020833333333334 0.016927083333333332
0 0.58203125 0.72265625 0.013020833333333334 0.015625
0 0.271484375 0.4856770833333333 0.014322916666666666 0.013020833333333334
0 0.3658854166666667 0.3131510416666667 0.018229166666666668 0.016927083333333332
0 0.022786458333333332 0.6321614583333334 0.016927083333333332 0.016927083333333332
0 0.548828125 0.7552083333333334 0.014322916666666666 0.015625
0 0.4375 0.984375 0.020833333333333332 0.015625
0 0.3763020833333333 0.05859375 0.015625 0.018229166666666668
0 0.4759114583333333 0.12890625 0.014322916666666666 0.015625
0 0.8645833333333334 0.18880208333333334 0.013020833333333334 0.013020833333333334
0 0.11979166666666667 0.3756510416666667 0.013020833333333334 0.01171875
0 0.022786458333333332 0.66796875 0.014322916666666666 0.018229166666666668