0 0.4635416666666667 0.9088541666666666 0.18489583333333334 0.18229166666666666
0 0.046875 0.2903645833333333 0.09375 0.125
0 0.20377604166666666 0.193359375 0.4075520833333333 0.38671875
0 0.8561197916666666 0.4388020833333333 0.2877604166666667 0.3151041666666667
0 0.9425130208333332 0.8114192708333333 0.06809895833333328 0.0824609374999999
0 0.22251302083333332 0.6760286458333334 0.13252604166666665 0.1241927083333334
0 0.9226562499999998 0.914921875 0.07526041666666661 0.062096354166666735
0 0.7825520833333334 0.064453125 0.3958333333333333 0.12890625
0 0.9060546874999998 0.10265624999999996 0.06289062499999994 0.058177083333333345
0 0.6394791666666667 0.5699479166666667 0.10776041666666665 0.10734375000000007
0 0.45524739583333335 0.17395833333333335 0.1506901041666667 0.18333333333333335
0 0.1430989583333333 0.8436458333333333 0.10442708333333332 0.05488281250000012
0 0.810546875 0.94140625 0.18098958333333334 0.1171875