0 0.6354166666666666 0.020833333333333332 0.03125 0.033854166666666664
0 0.4869791666666667 0.25390625 0.12760416666666666 0.13020833333333334
0 0.4192708333333333 0.3079427083333333 0.052083333333333336 0.048177083333333336
0 0.22265625 0.6458333333333334 0.03125 0.03125
0 0.470703125 0.572265625 0.037760416666666664 0.03515625
0 0.033854166666666664 0.044921875 0.015625 0.016927083333333332
0 0.98828125 0.16341145833333334 0.0234375 0.024739583333333332
0 0.5794270833333334 0.12109375 0.052083333333333336 0.052083333333333336
0 0.4713541666666667 0.027994791666666668 0.020833333333333332 0.016927083333333332
0 0.90234375 0.650390625 0.018229166666666668 0.016927083333333332
0 0.5266927083333334 0.8854166666666666 0.01953125 0.020833333333333332
0 0.94921875 0.3385416666666667 0.018229166666666668 0.018229166666666668
0 0.8834635416666666 0.193359375 0.01171875 0.01171875
0 0.6575520833333334 0.3873697916666667 0.018229166666666668 0.016927083333333332
0 0.8352864583333334 0.8053385416666666 0.014322916666666666 0.014322916666666666
0 0.5481770833333334 0.14127604166666666 0.0234375 0.01953125