0 0.038411458333333336 0.623046875 0.029947916666666668 0.032552083333333336
0 0.09895833333333333 0.9205729166666666 0.109375 0.10677083333333333
0 0.04296875 0.7766927083333334 0.078125 0.10286458333333333
0 0.24674479166666666 0.6966145833333334 0.03515625 0.033854166666666664
0 0.1015625 0.6705729166666666 0.0234375 0.020833333333333332
0 0.2506510416666667 0.5423177083333334 0.024739583333333332 0.016927083333333332
0 0.2962239583333333 0.5716145833333334 0.029947916666666668 0.033854166666666664
0 0.3587239583333333 0.6126302083333334 0.032552083333333336 0.032552083333333336
0 0.5677083333333334 0.8098958333333334 0.020833333333333332 0.0234375
0 0.6354166666666666 0.6901041666666666 0.026041666666666668 0.020833333333333332
0 0.4635416666666667 0.40625 0.044270833333333336 0.0390625
0 0.07747395833333333 0.07877604166666667 0.029947916666666668 0.032552083333333336
0 0.22721354166666666 0.162109375 0.029947916666666668 0.029947916666666668
0 0.2649739583333333 0.11393229166666667 0.024739583333333332 0.02734375
0 0.30859375 0.039713541666666664 0.08072916666666667 0.05859375
0 0.4114583333333333 0.09505208333333333 0.057291666666666664 0.052083333333333336
0 0.9283854166666666 0.4596354166666667 0.026041666666666668 0.026041666666666668
0 0.84765625 0.5501302083333334 0.018229166666666668 0.014322916666666666
0 0.061848958333333336 0.009765625 0.022135416666666668 0.01953125
0 0.6373697916666666 0.5768229166666666 0.016927083333333332 0.015625
0 0.533203125 0.3274739583333333 0.014322916666666666 0.014322916666666666
0 0.916015625 0.4791666666666667 0.02734375 0.0234375
0 0.888671875 0.5104166666666666 0.01171875 0.015625
0 0.9049479166666666 0.18294270833333334 0.015625 0.014322916666666666
0 0.9791666666666666 0.9921875 0.033854166666666664 0.013020833333333334
0 0.033203125 0.4811197916666667 0.014322916666666666 0.016927083333333332
0 0.9791666666666666 0.9921875 0.020833333333333332 0.014322916666666666
0 0.6647135416666666 0.5625 0.01171875 0.01171875
0 0.9544270833333334 0.51171875 0.010416666666666666 0.010416666666666666
0 0.8802083333333334 0.3059895833333333 0.018229166666666668 0.018229166666666668
0 0.6458333333333334 0.5240885416666666 0.009114583333333334 0.009114583333333334
0 0.9095052083333334 0.41796875 0.013020833333333334 0.013020833333333334
0 0.19791666666666666 0.5045572916666666 0.014322916666666666 0.014322916666666666
0 0.25390625 0.9095052083333334 0.01171875 0.013020833333333334
0 0.9088541666666666 0.359375 0.010416666666666666 0.010416666666666666
0 0.9518229166666666 0.5221354166666666 0.010416666666666666 0.010416666666666666
0 0.5442708333333334 0.8971354166666666 0.009114583333333334 0.009114583333333334
0 0.4772135416666667 0.6171875 0.01171875 0.01171875