0 0.3854166666666667 0.036458333333333336 0.049479166666666664 0.036458333333333336
0 0.21809895833333334 0.22200520833333334 0.032552083333333336 0.03515625
0 0.037109375 0.07942708333333333 0.029947916666666668 0.026041666666666668
0 0.26171875 0.07486979166666667 0.0234375 0.022135416666666668
0 0.7916666666666666 0.22395833333333334 0.13802083333333334 0.1171875
0 0.9505208333333334 0.2591145833333333 0.0390625 0.046875
0 0.958984375 0.515625 0.06640625 0.078125
0 0.6998697916666666 0.6145833333333334 0.02734375 0.026041666666666668
0 0.49609375 0.388671875 0.028645833333333332 0.01953125
0 0.1171875 0.06705729166666667 0.013020833333333334 0.014322916666666666
0 0.443359375 0.10677083333333333 0.024739583333333332 0.026041666666666668
0 0.109375 0.8483072916666666 0.020833333333333332 0.02734375
0 0.6901041666666666 0.90625 0.2994791666666667 0.18229166666666666
0 0.5260416666666666 0.5455729166666666 0.020833333333333332 0.020833333333333332
0 0.21875 0.5716145833333334 0.018229166666666668 0.020833333333333332
0 0.09309895833333333 0.341796875 0.014322916666666666 0.022135416666666668
0 0.09114583333333333 0.4557291666666667 0.013020833333333334 0.015625
0 0.771484375 0.732421875 0.01953125 0.016927083333333332
0 0.189453125 0.19010416666666666 0.01171875 0.013020833333333334
0 0.064453125 0.14453125 0.016927083333333332 0.018229166666666668
0 0.2682291666666667 0.8860677083333334 0.020833333333333332 0.01953125
0 0.9329427083333334 0.166015625 0.01953125 0.022135416666666668
0 0.986328125 0.796875 0.02734375 0.07552083333333333