0 0.4921875 0.3229166666666667 0.08333333333333333 0.078125
0 0.24479166666666666 0.453125 0.03125 0.026041666666666668
0 0.13346354166666666 0.21614583333333334 0.032552083333333336 0.03125
0 0.09114583333333333 0.2825520833333333 0.026041666666666668 0.0234375
0 0.3424479166666667 0.06640625 0.033854166666666664 0.033854166666666664
0 0.5716145833333334 0.07421875 0.020833333333333332 0.015625
0 0.8567708333333334 0.10091145833333333 0.046875 0.04296875
0 0.87890625 0.08072916666666667 0.026041666666666668 0.015625
0 0.19986979166666666 0.107421875 0.016927083333333332 0.022135416666666668
0 0.23763020833333334 0.158203125 0.01953125 0.01953125
0 0.4720052083333333 0.4596354166666667 0.032552083333333336 0.0390625
0 0.5377604166666666 0.5885416666666666 0.03125 0.028645833333333332
0 0.7096354166666666 0.5598958333333334 0.052083333333333336 0.0546875
0 0.12760416666666666 0.7272135416666666 0.020833333333333332 0.01953125
0 0.3509114583333333 0.9290364583333334 0.032552083333333336 0.032552083333333336
0 0.17252604166666666 0.8079427083333334 0.01953125 0.01953125
0 0.23763020833333334 0.9680989583333334 0.032552083333333336 0.037760416666666664
0 0.615234375 0.6686197916666666 0.05859375 0.053385416666666664
0 0.8430989583333334 0.6263020833333334 0.01953125 0.020833333333333332
0 0.7845052083333334 0.3235677083333333 0.01953125 0.024739583333333332
0 0.5345052083333334 0.728515625 0.024739583333333332 0.022135416666666668
0 0.654296875 0.09700520833333333 0.01953125 0.016927083333333332
0 0.5872395833333334 0.23372395833333334 0.0234375 0.022135416666666668
0 0.007161458333333333 0.6380208333333334 0.01171875 0.0234375
0 0.8072916666666666 0.97265625 0.026041666666666668 0.0234375
0 0.5904947916666666 0.13997395833333334 0.016927083333333332 0.022135416666666668
0 0.4583333333333333 0.8665364583333334 0.013020833333333334 0.01953125
0 0.7161458333333334 0.23177083333333334 0.013020833333333334 0.013020833333333334
0 0.6458333333333334 0.08268229166666667 0.015625 0.014322916666666666
0 0.8756510416666666 0.5084635416666666 0.01953125 0.01953125
0 0.3860677083333333 0.4375 0.014322916666666666 0.018229166666666668
0 0.7662760416666666 0.541015625 0.01953125 0.01953125
0 0.310546875 0.35546875 0.01953125 0.020833333333333332
0 0.9264322916666666 0.3001302083333333 0.014322916666666666 0.014322916666666666