0 0.861328125 0.4036458333333333 0.03515625 0.036458333333333336
0 0.951171875 0.8046875 0.03515625 0.03515625
0 0.8782552083333334 0.8385416666666666 0.032552083333333336 0.032552083333333336
0 0.541015625 0.09830729166666667 0.033854166666666664 0.03125
0 0.7884114583333334 0.08072916666666667 0.032552083333333336 0.03125
0 0.14713541666666666 0.7220052083333334 0.032552083333333336 0.040364583333333336
0 0.166015625 0.2747395833333333 0.040364583333333336 0.036458333333333336
0 0.9466145833333334 0.421875 0.041666666666666664 0.040364583333333336
0 0.349609375 0.061197916666666664 0.045572916666666664 0.048177083333333336
0 0.064453125 0.5143229166666666 0.03125 0.033854166666666664
0 0.20247395833333334 0.771484375 0.036458333333333336 0.036458333333333336
0 0.255859375 0.3958333333333333 0.05078125 0.053385416666666664
0 0.16666666666666666 0.435546875 0.055989583333333336 0.059895833333333336
0 0.7311197916666666 0.5397135416666666 0.049479166666666664 0.0546875
0 0.21875 0.26171875 0.029947916666666668 0.029947916666666668
0 0.037760416666666664 0.90625 0.029947916666666668 0.029947916666666668
0 0.5110677083333334 0.057291666666666664 0.028645833333333332 0.028645833333333332
0 0.24934895833333334 0.044270833333333336 0.026041666666666668 0.026041666666666668
0 0.3880208333333333 0.484375 0.026041666666666668 0.02734375
0 0.13541666666666666 0.59375 0.055989583333333336 0.08072916666666667
0 0.5247395833333334 0.6673177083333334 0.024739583333333332 0.026041666666666668
0 0.6399739583333334 0.5989583333333334 0.059895833333333336 0.061197916666666664
0 0.9192708333333334 0.56640625 0.1015625 0.12760416666666666
0 0.24348958333333334 0.024739583333333332 0.052083333333333336 0.049479166666666664
0 0.3352864583333333 0.8352864583333334 0.28515625 0.3294270833333333
0 0.18880208333333334 0.8704427083333334 0.045572916666666664 0.053385416666666664
0 0.353515625 0.630859375 0.052083333333333336 0.05859375