0 0.5542030334472656 0.17321459452311197 0.03326884905497233 0.03044577439626058
0 0.11223983764648438 0.2642478942871094 0.030901809533437092 0.02816559871037801
0 0.9934895833333334 0.10807291666666667 0.013020833333333334 0.026041666666666668
0 0.4715086619059245 0.1714773178100586 0.03068464994430542 0.02679749329884847
0 0.9252853393554688 0.20518048604329428 0.037937780221303306 0.03578790028889974
0 0.8585739135742188 0.19440937042236328 0.025972286860148113 0.024604181448618572
0 0.7779642740885416 0.055774688720703125 0.027318676312764485 0.0255813995997111
0 0.3505942026774089 0.03649091720581055 0.027731279532114666 0.025472819805145264
0 0.04900296529134115 0.02554607391357422 0.027644415696461994 0.02519051233927409
0 0.7182019551595052 0.26251061757405597 0.026992936929066975 0.02566826343536377
0 0.966796875 0.007161458333333333 0.045572916666666664 0.014322916666666666
0 0.7404390970865885 0.6547876993815104 0.03635251522064209 0.03431121508280436
0 0.7598965962727865 0.17842642466227213 0.025277376174926758 0.024321873982747395
0 0.6890157063802084 0.3108069101969401 0.024321873982747395 0.022237141927083332
0 0.08027394612630208 0.32123057047526044 0.029620567957560223 0.02679749329884847
0 0.590338389078776 0.2715444564819336 0.02403956651687622 0.02469104528427124
0 0.2672049204508464 0.3337389628092448 0.024408737818400066 0.02403956651687622
0 0.6111857096354166 0.5317885080973307 0.027731279532114666 0.02616773049036662
0 0.4270343780517578 0.7208042144775391 0.04034825166066488 0.03763375679651896
0 0.3617127736409505 0.9417858123779297 0.05098907152811686 0.05059818426767985
0 0.5222371419270834 0.7513802846272787 0.02905595302581787 0.029511988162994385
0 0.5611521402994791 0.10650316874186198 0.024408737818400066 0.02349666754404704
0 0.17617162068684897 0.318450927734375 0.07400798797607422 0.07192325592041016
0 0.2602558135986328 0.11866410573323567 0.07418171564737956 0.07518064975738525
0 0.8474553426106771 0.8333797454833984 0.04525605837504069 0.04143404960632324
0 0.14490063985188803 0.5776526133219401 0.04925179481506348 0.04208552837371826
0 0.41452598571777344 0.5991948445638021 0.022074272235234577 0.021563947200775146
0 0.982421875 0.2766927083333333 0.03515625 0.07682291666666667
0 0.4617799123128255 0.6735502878824869 0.027101516723632812 0.027101516723632812
0 0.984375 0.490234375 0.03125 0.05078125
0 0.3207130432128906 0.7562446594238281 0.0311624010403951 0.031770447889963783