0 0.2545572916666667 0.201171875 0.037760416666666664 0.03515625
0 0.22330729166666666 0.3919270833333333 0.024739583333333332 0.020833333333333332
0 0.837890625 0.3450520833333333 0.055989583333333336 0.052083333333333336
0 0.5208333333333334 0.814453125 0.046875 0.04296875
0 0.7923177083333334 0.6998697916666666 0.01953125 0.01953125
0 0.3229166666666667 0.8665364583333334 0.06510416666666667 0.06380208333333333
0 0.111328125 0.045572916666666664 0.016927083333333332 0.018229166666666668
0 0.9088541666666666 0.6751302083333334 0.028645833333333332 0.02734375
0 0.6477864583333334 0.8072916666666666 0.07682291666666667 0.0703125
0 0.7734375 0.4830729166666667 0.018229166666666668 0.018229166666666668
0 0.7233072916666666 0.671875 0.037760416666666664 0.033854166666666664
0 0.6315104166666666 0.6998697916666666 0.015625 0.014322916666666666
0 0.630859375 0.765625 0.016927083333333332 0.018229166666666668
0 0.6790364583333334 0.42578125 0.09765625 0.09114583333333333
0 0.6458333333333334 0.3444010416666667 0.018229166666666668 0.016927083333333332
0 0.19140625 0.12565104166666666 0.010416666666666666 0.01171875
0 0.17252604166666666 0.7897135416666666 0.014322916666666666 0.01171875
0 0.20638020833333334 0.978515625 0.20703125 0.04296875
0 0.73828125 0.73828125 0.013020833333333334 0.018229166666666668
0 0.8990885416666666 0.7311197916666666 0.029947916666666668 0.024739583333333332