0 0.7994791666666666 0.3743489583333333 0.033854166666666664 0.032552083333333336
0 0.6282552083333334 0.022786458333333332 0.022135416666666668 0.01953125
0 0.8294270833333334 0.014973958333333334 0.020833333333333332 0.016927083333333332
0 0.8561197916666666 0.75390625 0.040364583333333336 0.049479166666666664
0 0.7897135416666666 0.6998697916666666 0.02734375 0.032552083333333336
0 0.8684895833333334 0.4856770833333333 0.015625 0.018229166666666668
0 0.9915364583333334 0.6087239583333334 0.014322916666666666 0.01953125
0 0.5625 0.3873697916666667 0.015625 0.01953125
0 0.5553385416666666 0.703125 0.037760416666666664 0.052083333333333336
0 0.19791666666666666 0.63671875 0.028645833333333332 0.0234375
0 0.3020833333333333 0.87109375 0.036458333333333336 0.041666666666666664
0 0.16015625 0.7975260416666666 0.020833333333333332 0.01953125
0 0.083984375 0.18033854166666666 0.022135416666666668 0.016927083333333332
0 0.11783854166666667 0.4264322916666667 0.045572916666666664 0.05859375
0 0.08463541666666667 0.6061197916666666 0.018229166666666668 0.016927083333333332
0 0.23697916666666666 0.07161458333333333 0.11458333333333333 0.09114583333333333
0 0.107421875 0.2604166666666667 0.08984375 0.08333333333333333
0 0.032552083333333336 0.287109375 0.015625 0.014322916666666666
0 0.931640625 0.19270833333333334 0.014322916666666666 0.015625
0 0.5631510416666666 0.043619791666666664 0.01171875 0.014322916666666666
0 0.9700520833333334 0.6627604166666666 0.0078125 0.015625
0 0.7825520833333334 0.953125 0.015625 0.013020833333333334
0 0.24609375 0.96875 0.0234375 0.015625
0 0.5143229166666666 0.98828125 0.020833333333333332 0.020833333333333332
0 0.3997395833333333 0.5651041666666666 0.1796875 0.18489583333333334
0 0.083984375 0.1640625 0.016927083333333332 0.015625
0 0.07942708333333333 0.6171875 0.013020833333333334 0.020833333333333332