0 0.12630208333333334 0.51953125 0.033854166666666664 0.028645833333333332
0 0.11263020833333333 0.6295572916666666 0.016927083333333332 0.014322916666666666
0 0.10091145833333333 0.6920572916666666 0.02734375 0.02734375
0 0.3782552083333333 0.640625 0.01953125 0.018229166666666668
0 0.212890625 0.8313802083333334 0.01171875 0.014322916666666666
0 0.287109375 0.892578125 0.037760416666666664 0.040364583333333336
0 0.10286458333333333 0.8802083333333334 0.0390625 0.033854166666666664
0 0.67578125 0.8444010416666666 0.0625 0.05859375
0 0.2923177083333333 0.9674479166666666 0.024739583333333332 0.028645833333333332
0 0.5299479166666666 0.990234375 0.018229166666666668 0.016927083333333332
0 0.1953125 0.9453125 0.078125 0.07291666666666667
0 0.23372395833333334 0.9921875 0.016927083333333332 0.010416666666666666
0 0.7994791666666666 0.014973958333333334 0.015625 0.016927083333333332
0 0.059895833333333336 0.8834635416666666 0.013020833333333334 0.01171875
0 0.9809635416666667 0.13208333333333333 0.019791666666666725 0.01764322916666668
0 0.21240885416666666 0.8310546875 0.010403645833333345 0.010898437499999858
0 0.28052083333333333 0.8315494791666667 0.008919270833333362 0.009270833333333192