0 0.20377604166666666 0.4166666666666667 0.048177083333333336 0.052083333333333336
0 0.021484375 0.23697916666666666 0.040364583333333336 0.046875
0 0.3828125 0.020182291666666668 0.0390625 0.037760416666666664
0 0.4765625 0.044270833333333336 0.018229166666666668 0.015625
0 0.4609375 0.09440104166666667 0.03125 0.02734375
0 0.4674479166666667 0.3776041666666667 0.015625 0.015625
0 0.24869791666666666 0.16731770833333334 0.0234375 0.022135416666666668
0 0.059244791666666664 0.7102864583333334 0.02734375 0.02734375
0 0.1171875 0.9127604166666666 0.0390625 0.0390625
0 0.98046875 0.19401041666666666 0.026041666666666668 0.03125
0 0.9186197916666666 0.21484375 0.016927083333333332 0.015625
0 0.837890625 0.4322916666666667 0.01953125 0.026041666666666668
0 0.8704427083333334 0.8125 0.05859375 0.057291666666666664
0 0.6770833333333334 0.6881510416666666 0.020833333333333332 0.01953125
0 0.091796875 0.4557291666666667 0.022135416666666668 0.020833333333333332
0 0.7350260416666666 0.951171875 0.016927083333333332 0.014322916666666666
0 0.7532552083333334 0.9739583333333334 0.01953125 0.018229166666666668
0 0.42578125 0.2701822916666667 0.0234375 0.01953125
0 0.4856770833333333 0.9283854166666666 0.015625 0.015625
0 0.035807291666666664 0.059244791666666664 0.06901041666666667 0.11588541666666667
0 0.57421875 0.6490885416666666 0.018229166666666668 0.016927083333333332
0 0.6803385416666666 0.466796875 0.016927083333333332 0.016927083333333332
0 0.1171875 0.8626302083333334 0.013020833333333334 0.014322916666666666
0 0.8177083333333334 0.51171875 0.013020833333333334 0.018229166666666668
0 0.23958333333333334 0.8059895833333334 0.013020833333333334 0.013020833333333334
0 0.3704427083333333 0.7037760416666666 0.01171875 0.01171875
0 0.4876302083333333 0.6848958333333334 0.04296875 0.044270833333333336
0 0.462890625 0.962890625 0.014322916666666666 0.01171875
0 0.6061197916666666 0.16080729166666666 0.029947916666666668 0.029947916666666668
0 0.4407552083333333 0.24934895833333334 0.009114583333333334 0.009114583333333334
0 0.5305989583333334 0.390625 0.009114583333333334 0.010416666666666666
0 0.197265625 0.2630208333333333 0.01171875 0.013020833333333334
0 0.208984375 0.3795572916666667 0.016927083333333332 0.016927083333333332