0 0.623046875 0.498046875 0.016927083333333332 0.01953125
0 0.6979166666666666 0.08138020833333333 0.0234375 0.01953125
0 0.6184895833333334 0.12044270833333333 0.0390625 0.045572916666666664
0 0.2604166666666667 0.029296875 0.0390625 0.032552083333333336
0 0.2858072916666667 0.8658854166666666 0.024739583333333332 0.013020833333333334
0 0.8977864583333334 0.6588541666666666 0.024739583333333332 0.0234375
0 0.2727864583333333 0.9368489583333334 0.024739583333333332 0.01953125
0 0.20638020833333334 0.7819010416666666 0.016927083333333332 0.014322916666666666
0 0.7135416666666666 0.3528645833333333 0.015625 0.015625
0 0.2942708333333333 0.6256510416666666 0.08072916666666667 0.07682291666666667
0 0.57421875 0.736328125 0.015625 0.024739583333333332
0 0.7337239583333334 0.8587239583333334 0.016927083333333332 0.01953125
0 0.49609375 0.794921875 0.0234375 0.024739583333333332
0 0.14778645833333334 0.9876302083333334 0.016927083333333332 0.009114583333333334
0 0.79296875 0.14322916666666666 0.018229166666666668 0.013020833333333334
0 0.2643229166666667 0.890625 0.020833333333333332 0.018229166666666668
0 0.18294270833333334 0.7903645833333334 0.014322916666666666 0.010416666666666666
0 0.055338541666666664 0.0234375 0.024739583333333332 0.028645833333333332
0 0.48046875 0.9876302083333334 0.036458333333333336 0.024739583333333332