0 0.4140625 0.388671875 0.026041666666666668 0.029947916666666668
0 0.48046875 0.044270833333333336 0.0234375 0.020833333333333332
0 0.576171875 0.022786458333333332 0.045572916666666664 0.045572916666666664
0 0.6946614583333334 0.078125 0.016927083333333332 0.013020833333333334
0 0.568359375 0.19010416666666666 0.029947916666666668 0.0234375
0 0.5436197916666666 0.478515625 0.01953125 0.01953125
0 0.2571614583333333 0.5638020833333334 0.01953125 0.020833333333333332
0 0.1875 0.6653645833333334 0.015625 0.0234375
0 0.5989583333333334 0.6751302083333334 0.026041666666666668 0.032552083333333336
0 0.4752604166666667 0.6979166666666666 0.0390625 0.049479166666666664
0 0.5970052083333334 0.4928385416666667 0.016927083333333332 0.016927083333333332
0 0.6315104166666666 0.5026041666666666 0.013020833333333334 0.015625
0 0.771484375 0.18880208333333334 0.01953125 0.013020833333333334
0 0.4934895833333333 0.22526041666666666 0.0234375 0.020833333333333332
0 0.4622395833333333 0.234375 0.013020833333333334 0.013020833333333334
0 0.71484375 0.78125 0.015625 0.013020833333333334
0 0.263671875 0.9602864583333334 0.032552083333333336 0.032552083333333336
0 0.4993489583333333 0.8704427083333334 0.07421875 0.06901041666666667
0 0.9231770833333334 0.7265625 0.028645833333333332 0.033854166666666664
0 0.8268229166666666 0.3072916666666667 0.013020833333333334 0.0234375
0 0.9153645833333334 0.29296875 0.013020833333333334 0.013020833333333334
0 0.48828125 0.52734375 0.013020833333333334 0.013020833333333334
0 0.5240885416666666 0.65625 0.01953125 0.018229166666666668
0 0.5390625 0.7063802083333334 0.015625 0.01953125
0 0.3235677083333333 0.9537760416666666 0.016927083333333332 0.01953125
0 0.5325520833333334 0.9654947916666666 0.0234375 0.02734375
0 0.7454427083333334 0.833984375 0.014322916666666666 0.014322916666666666
0 0.8841145833333334 0.8040364583333334 0.0625 0.07161458333333333
0 0.9459635416666666 0.22786458333333334 0.09505208333333333 0.1953125
0 0.8860677083333334 0.521484375 0.01953125 0.02734375
0 0.5110677083333334 0.4466145833333333 0.01953125 0.018229166666666668