0 0.314453125 0.263671875 0.032552083333333336 0.032552083333333336
0 0.20572916666666666 0.20703125 0.06510416666666667 0.07291666666666667
0 0.3359375 0.20963541666666666 0.020833333333333332 0.026041666666666668
0 0.3072916666666667 0.23567708333333334 0.026041666666666668 0.015625
0 0.1640625 0.388671875 0.026041666666666668 0.022135416666666668
0 0.0859375 0.3645833333333333 0.026041666666666668 0.026041666666666668
0 0.3782552083333333 0.040364583333333336 0.01953125 0.0234375
0 0.19010416666666666 0.06770833333333333 0.17447916666666666 0.1171875
0 0.3170572916666667 0.039713541666666664 0.01953125 0.024739583333333332
0 0.3717447916666667 0.12434895833333333 0.01953125 0.016927083333333332
0 0.466796875 0.028645833333333332 0.014322916666666666 0.013020833333333334
0 0.5592447916666666 0.13802083333333334 0.022135416666666668 0.015625
0 0.4811197916666667 0.055989583333333336 0.016927083333333332 0.018229166666666668
0 0.548828125 0.3177083333333333 0.08463541666666667 0.08333333333333333
0 0.6100260416666666 0.4309895833333333 0.01953125 0.0234375
0 0.6171875 0.6087239583333334 0.052083333333333336 0.045572916666666664
0 0.5377604166666666 0.5546875 0.0390625 0.036458333333333336
0 0.2643229166666667 0.5963541666666666 0.10416666666666667 0.0859375
0 0.7981770833333334 0.626953125 0.052083333333333336 0.053385416666666664
0 0.4798177083333333 0.7076822916666666 0.02734375 0.032552083333333336
0 0.5234375 0.705078125 0.028645833333333332 0.024739583333333332
0 0.15234375 0.7825520833333334 0.08072916666666667 0.0625
0 0.47265625 0.8834635416666666 0.0390625 0.029947916666666668
0 0.06575520833333333 0.8854166666666666 0.032552083333333336 0.026041666666666668
0 0.365234375 0.8912760416666666 0.08463541666666667 0.08463541666666667
0 0.154296875 0.9225260416666666 0.13151041666666666 0.12630208333333334
0 0.70703125 0.4296875 0.013020833333333334 0.013020833333333334
0 0.6549479166666666 0.4427083333333333 0.013020833333333334 0.013020833333333334
0 0.6080729166666666 0.6575520833333334 0.015625 0.013020833333333334
0 0.3782552083333333 0.6412760416666666 0.01953125 0.01953125
0 0.796875 0.8216145833333334 0.020833333333333332 0.0234375
0 0.8118489583333334 0.8639322916666666 0.014322916666666666 0.01953125
0 0.9479166666666666 0.8971354166666666 0.020833333333333332 0.020833333333333332
0 0.9739583333333334 0.986328125 0.026041666666666668 0.01953125
0 0.4010416666666667 0.7845052083333334 0.013020833333333334 0.01953125
0 0.3717447916666667 0.3515625 0.01953125 0.013020833333333334
0 0.74609375 0.19010416666666666 0.013020833333333334 0.013020833333333334
0 0.9869791666666666 0.11197916666666667 0.013020833333333334 0.028645833333333332
0 0.9186197916666666 0.02734375 0.01953125 0.015625
0 0.419921875 0.7141927083333334 0.016927083333333332 0.016927083333333332
0 0.259765625 0.2864583333333333 0.01953125 0.015625
0 0.84765625 0.189453125 0.018229166666666668 0.01171875
0 0.798828125 0.689453125 0.016927083333333332 0.014322916666666666