0 0.21875 0.736328125 0.046875 0.048177083333333336
0 0.1328125 0.8079427083333334 0.026041666666666668 0.022135416666666668
0 0.12109375 0.8365885416666666 0.0234375 0.022135416666666668
0 0.007161458333333333 0.8372395833333334 0.01171875 0.015625
0 0.053385416666666664 0.595703125 0.015625 0.016927083333333332
0 0.21809895833333334 0.5084635416666666 0.024739583333333332 0.024739583333333332
0 0.040364583333333336 0.306640625 0.015625 0.016927083333333332
0 0.016927083333333332 0.212890625 0.03125 0.06380208333333333
0 0.8268229166666666 0.853515625 0.036458333333333336 0.03515625
0 0.9231770833333334 0.8020833333333334 0.020833333333333332 0.015625
0 0.9192708333333334 0.4641927083333333 0.018229166666666668 0.014322916666666666
0 0.814453125 0.024088541666666668 0.07942708333333333 0.045572916666666664
0 0.8209635416666666 0.119140625 0.014322916666666666 0.014322916666666666
0 0.24348958333333334 0.955078125 0.013020833333333334 0.01171875
0 0.8216145833333334 0.955078125 0.026041666666666668 0.022135416666666668
0 0.8645833333333334 0.4869791666666667 0.013020833333333334 0.010416666666666666
0 0.8795572916666666 0.578125 0.01171875 0.010416666666666666
0 0.099609375 0.263671875 0.014322916666666666 0.016927083333333332
0 0.8723958333333334 0.9921875 0.01171875 0.01171875
0 0.126953125 0.3404947916666667 0.01171875 0.013020833333333334
0 0.6875 0.09700520833333333 0.01171875 0.010416666666666666
0 0.8951822916666666 0.5924479166666666 0.015625 0.016927083333333332
0 0.026041666666666668 0.24348958333333334 0.016927083333333332 0.018229166666666668
0 0.18489583333333334 0.125 0.010416666666666666 0.010416666666666666
0 0.7122395833333334 0.912109375 0.010416666666666666 0.01171875