0 0.7259114583333334 0.3196614583333333 0.045572916666666664 0.045572916666666664
0 0.09114583333333333 0.5045572916666666 0.052083333333333336 0.048177083333333336
0 0.7044270833333334 0.5234375 0.049479166666666664 0.049479166666666664
0 0.052734375 0.091796875 0.09244791666666667 0.08463541666666667
0 0.9296875 0.7565104166666666 0.03125 0.033854166666666664
0 0.5677083333333334 0.4524739583333333 0.028645833333333332 0.03515625
0 0.7044270833333334 0.443359375 0.0234375 0.01953125
0 0.036458333333333336 0.3782552083333333 0.018229166666666668 0.01953125
0 0.7916666666666666 0.15755208333333334 0.018229166666666668 0.020833333333333332
0 0.8756510416666666 0.736328125 0.01953125 0.01953125
0 0.6360677083333334 0.21549479166666666 0.022135416666666668 0.01953125
0 0.6569010416666666 0.7102864583333334 0.01953125 0.01953125
0 0.279296875 0.083984375 0.05859375 0.055989583333333336
0 0.263671875 0.685546875 0.01953125 0.01953125
0 0.15755208333333334 0.73828125 0.0234375 0.0234375
0 0.18033854166666666 0.12434895833333333 0.01953125 0.01953125
0 0.599609375 0.09244791666666667 0.01953125 0.015625
0 0.666015625 0.19791666666666666 0.01953125 0.018229166666666668
0 0.529296875 0.5520833333333334 0.016927083333333332 0.015625
0 0.5026041666666666 0.8639322916666666 0.020833333333333332 0.01953125
0 0.07096354166666667 0.9127604166666666 0.01171875 0.015625
0 0.8346354166666666 0.984375 0.020833333333333332 0.015625
0 0.7493489583333334 0.884765625 0.01171875 0.014322916666666666
0 0.7877604166666666 0.7682291666666666 0.018229166666666668 0.020833333333333332
0 0.4967447916666667 0.4010416666666667 0.016927083333333332 0.015625
0 0.82421875 0.279296875 0.018229166666666668 0.016927083333333332
0 0.7018229166666666 0.19986979166666666 0.015625 0.014322916666666666