0 0.7415364583333334 0.3307291666666667 0.08463541666666667 0.09635416666666667
0 0.9173177083333334 0.13997395833333334 0.032552083333333336 0.045572916666666664
0 0.7194010416666666 0.095703125 0.02734375 0.03515625
0 0.703125 0.040364583333333336 0.07552083333333333 0.06770833333333333
0 0.5227864583333334 0.3098958333333333 0.05078125 0.057291666666666664
0 0.4713541666666667 0.544921875 0.10416666666666667 0.10026041666666667
0 0.7662760416666666 0.5989583333333334 0.032552083333333336 0.0390625
0 0.7877604166666666 0.7063802083333334 0.036458333333333336 0.032552083333333336
0 0.98046875 0.8274739583333334 0.028645833333333332 0.040364583333333336
0 0.8958333333333334 0.07486979166666667 0.0234375 0.01953125
0 0.392578125 0.3125 0.053385416666666664 0.052083333333333336
0 0.3424479166666667 0.18359375 0.0234375 0.028645833333333332
0 0.21744791666666666 0.2571614583333333 0.026041666666666668 0.01953125
0 0.333984375 0.4915364583333333 0.037760416666666664 0.045572916666666664
0 0.15950520833333334 0.49609375 0.022135416666666668 0.0234375
0 0.07877604166666667 0.4576822916666667 0.022135416666666668 0.02734375
0 0.052083333333333336 0.173828125 0.0234375 0.022135416666666668
0 0.4290364583333333 0.8170572916666666 0.032552083333333336 0.032552083333333336
0 0.6341145833333334 0.7955729166666666 0.026041666666666668 0.0234375
0 0.3033854166666667 0.4440104166666667 0.0234375 0.0234375
0 0.353515625 0.6165364583333334 0.05078125 0.048177083333333336
0 0.9772135416666666 0.6966145833333334 0.03515625 0.0390625
0 0.9114583333333334 0.73046875 0.010416666666666666 0.013020833333333334
0 0.2825520833333333 0.853515625 0.0390625 0.05078125
0 0.10481770833333333 0.5930989583333334 0.13932291666666666 0.14453125
0 0.09375 0.7981770833333334 0.013020833333333334 0.018229166666666668
0 0.2760416666666667 0.37109375 0.013020833333333334 0.013020833333333334
0 0.4225260416666667 0.6119791666666666 0.01953125 0.013020833333333334
0 0.7643229166666666 0.8072916666666666 0.013020833333333334 0.013020833333333334
0 0.5065104166666666 0.045572916666666664 0.018229166666666668 0.013020833333333334
0 0.650390625 0.12434895833333333 0.01953125 0.01171875
0 0.5657552083333334 0.3203125 0.016927083333333332 0.018229166666666668
0 0.2506510416666667 0.2942708333333333 0.01953125 0.018229166666666668