0 0.96441650390625 0.6200695037841797 0.034382025400797524 0.03505152463912964
0 0.8718096415201823 0.07254870732625325 0.03295663992563883 0.03146646420160929
0 0.48410479227701825 0.06183671951293945 0.03464118639628092 0.03386370340983073
0 0.09087117513020833 0.752068837483724 0.028010984261830647 0.027795016765594482
0 0.1544520060221354 0.3094218571980794 0.030041078726450603 0.030149062474568684
0 0.4680989583333333 0.009114583333333334 0.029947916666666668 0.018229166666666668
0 0.5967534383138021 0.12109820048014323 0.03360454241434733 0.03373412291208903
0 0.6686274210611979 0.34224891662597656 0.02980351448059082 0.028464516003926594
0 0.984375 0.8444010416666666 0.03125 0.032552083333333336
0 0.4391835530598958 0.8868325551350912 0.03062419096628825 0.03183360894521078
0 0.018880208333333332 0.48828125 0.037760416666666664 0.0390625
0 0.6852137247721354 0.5730749766031901 0.02706072727839152 0.027276694774627686
0 0.7695274353027344 0.3757670720418294 0.028226951758066814 0.028010984261830647
0 0.47512054443359375 0.6470222473144531 0.03360454241434733 0.03159604469935099
0 0.8289616902669271 0.5848236083984375 0.03451160589853922 0.035872201124827065
0 0.3134040832519531 0.36678282419840497 0.034382025400797524 0.03386370340983073
0 0.8814849853515625 0.2755581537882487 0.042502403259277344 0.03980280955632528
0 0.2629540761311849 0.6608441670735677 0.03658489386240641 0.03602337837219238
0 0.2733205159505208 0.19193553924560547 0.034122864405314125 0.030278642972310383
0 0.041112263997395836 0.6746660868326823 0.03295663992563883 0.035461862881978355
0 0.7584698994954427 0.8253250122070312 0.02913401524225871 0.029587546984354656
0 0.9077466328938802 0.9393558502197266 0.038895746072133384 0.03816145658493042
0 0.6465123494466146 0.10934956868489583 0.032567898432413735 0.03347496191660563
0 0.19315338134765625 0.3146050771077474 0.03073217471440633 0.029587546984354656
0 0.16827392578125 0.2316735585530599 0.028226951758066814 0.03183360894521078
0 0.3362102508544922 0.6228338877360026 0.03321580092112223 0.03146646420160929
0 0.4301993052164714 0.26933828989664715 0.033993283907572426 0.031963189442952476
0 0.6603342692057291 0.1553074518839518 0.03699523210525513 0.0380102793375651
0 0.04318555196126302 0.18606122334798178 0.03073217471440633 0.03133688370386759
0 0.62109375 0.9876302083333334 0.028645833333333332 0.024739583333333332
0 0.5566698710123698 0.7707284291585287 0.03133688370386759 0.028464516003926594
0 0.26848284403483075 0.9061832427978516 0.0364337166150411 0.03816145658493042
0 0.06115404764811198 0.9034188588460287 0.03360454241434733 0.03308622042338053
0 0.24429448445638022 0.4721749623616536 0.030041078726450603 0.02900443474451701
0 0.2373835245768229 0.7078386942545573 0.03170402844746908 0.030516207218170166
0 0.7971712748209635 0.1974643071492513 0.07403365770975749 0.08051268259684245
0 0.6536458333333334 0.041666666666666664 0.08854166666666667 0.08333333333333333