0 0.20768229166666666 0.4674479166666667 0.048177083333333336 0.059895833333333336
0 0.3587239583333333 0.15885416666666666 0.08463541666666667 0.09375
0 0.5787760416666666 0.7122395833333334 0.055989583333333336 0.06770833333333333
0 0.49609375 0.81640625 0.018229166666666668 0.015625
0 0.06315104166666667 0.9537760416666666 0.040364583333333336 0.05078125
0 0.203125 0.728515625 0.033854166666666664 0.032552083333333336
0 0.07942708333333333 0.8365885416666666 0.020833333333333332 0.02734375
0 0.6959635416666666 0.43359375 0.03515625 0.0390625
0 0.5026041666666666 0.057942708333333336 0.059895833333333336 0.055989583333333336
0 0.69921875 0.14713541666666666 0.09375 0.09114583333333333
0 0.7819010416666666 0.13216145833333334 0.032552083333333336 0.024739583333333332
0 0.9303385416666666 0.9192708333333334 0.029947916666666668 0.026041666666666668
0 0.7141927083333334 0.953125 0.014322916666666666 0.0234375
0 0.8580729166666666 0.4654947916666667 0.020833333333333332 0.014322916666666666
0 0.71875 0.3313802083333333 0.015625 0.016927083333333332
0 0.23567708333333334 0.7350260416666666 0.018229166666666668 0.016927083333333332
0 0.9921875 0.4381510416666667 0.015625 0.024739583333333332
0 0.3619791666666667 0.7369791666666666 0.015625 0.013020833333333334
0 0.11979166666666667 0.061197916666666664 0.018229166666666668 0.015625
0 0.921875 0.005208333333333333 0.028645833333333332 0.010416666666666666
0 0.9049479166666666 0.6165364583333334 0.013020833333333334 0.014322916666666666
0 0.896484375 0.23111979166666666 0.016927083333333332 0.014322916666666666
0 0.8821614583333334 0.9303385416666666 0.014322916666666666 0.01171875