0 0.7975260416666666 0.20703125 0.1171875 0.109375
0 0.6360677083333334 0.732421875 0.12760416666666666 0.125
0 0.9420572916666666 0.7623697916666666 0.07291666666666667 0.0703125
0 0.6334635416666666 0.939453125 0.11197916666666667 0.10677083333333333
0 0.21484375 0.3515625 0.059895833333333336 0.06510416666666667
0 0.3880208333333333 0.109375 0.041666666666666664 0.044270833333333336
0 0.053385416666666664 0.009114583333333334 0.046875 0.018229166666666668
0 0.2786458333333333 0.15494791666666666 0.036458333333333336 0.036458333333333336
0 0.603515625 0.024739583333333332 0.036458333333333336 0.036458333333333336
0 0.9837239583333334 0.4973958333333333 0.032552083333333336 0.057291666666666664
0 0.4674479166666667 0.3802083333333333 0.033854166666666664 0.028645833333333332
0 0.8899739583333334 0.033854166666666664 0.03125 0.033854166666666664
0 0.9095052083333334 0.34765625 0.0390625 0.041666666666666664