0 0.345703125 0.4889322916666667 0.03515625 0.037760416666666664
0 0.0859375 0.8098958333333334 0.020833333333333332 0.020833333333333332
0 0.3606770833333333 0.14453125 0.041666666666666664 0.044270833333333336
0 0.166015625 0.7669270833333334 0.040364583333333336 0.0390625
0 0.2552083333333333 0.6067708333333334 0.018229166666666668 0.0234375
0 0.5364583333333334 0.798828125 0.028645833333333332 0.024739583333333332
0 0.4837239583333333 0.7630208333333334 0.01171875 0.013020833333333334
0 0.5514322916666666 0.8509114583333334 0.01171875 0.014322916666666666
0 0.7858072916666666 0.6666666666666666 0.024739583333333332 0.0234375
0 0.8014322916666666 0.3255208333333333 0.053385416666666664 0.046875
0 0.7513020833333334 0.3287760416666667 0.015625 0.016927083333333332
0 0.8548177083333334 0.14388020833333334 0.016927083333333332 0.016927083333333332
0 0.26171875 0.20182291666666666 0.020833333333333332 0.020833333333333332
0 0.1953125 0.7272135416666666 0.013020833333333334 0.014322916666666666
0 0.3294270833333333 0.6165364583333334 0.015625 0.016927083333333332
0 0.4231770833333333 0.720703125 0.010416666666666666 0.009114583333333334
0 0.5143229166666666 0.595703125 0.010416666666666666 0.01171875
0 0.6809895833333334 0.2578125 0.010416666666666666 0.010416666666666666
0 0.7578125 0.20768229166666666 0.013020833333333334 0.01171875