0 0.85546875 0.3697916666666667 0.21484375 0.20963541666666666
0 0.3072916666666667 0.501953125 0.09895833333333333 0.07682291666666667
0 0.08138020833333333 0.3255208333333333 0.06640625 0.0546875
0 0.130859375 0.8548177083333334 0.044270833333333336 0.044270833333333336
0 0.7005208333333334 0.9791666666666666 0.059895833333333336 0.041666666666666664
0 0.9485677083333334 0.9928385416666666 0.037760416666666664 0.014322916666666666
0 0.42578125 0.16145833333333334 0.02734375 0.024739583333333332
0 0.039713541666666664 0.022786458333333332 0.0390625 0.032552083333333336
0 0.7890625 0.013671875 0.0390625 0.02734375
0 0.830078125 0.006510416666666667 0.032552083333333336 0.013020833333333334
0 0.056640625 0.951171875 0.02734375 0.02734375
0 0.935546875 0.5904947916666666 0.032552083333333336 0.032552083333333336
0 0.9296875 0.830078125 0.022135416666666668 0.02734375
0 0.265625 0.62890625 0.0390625 0.032552083333333336
0 0.21354166666666666 0.5794270833333334 0.022135416666666668 0.022135416666666668
0 0.6490885416666666 0.53515625 0.022135416666666668 0.022135416666666668
0 0.439453125 0.3365885416666667 0.022135416666666668 0.022135416666666668
0 0.013671875 0.125 0.02734375 0.0390625
0 0.4680989583333333 0.015625 0.026041666666666668 0.029947916666666668
0 0.4166666666666667 0.7610677083333334 0.03125 0.02734375
0 0.3567708333333333 0.396484375 0.029947916666666668 0.029947916666666668
0 0.166015625 0.055989583333333336 0.028645833333333332 0.024739583333333332
0 0.6015625 0.603515625 0.032552083333333336 0.029947916666666668
0 0.80859375 0.8014322916666666 0.03515625 0.036458333333333336
0 0.8313802083333334 0.9231770833333334 0.03515625 0.040364583333333336
0 0.8548177083333334 0.9837239583333334 0.024739583333333332 0.032552083333333336
0 0.7747395833333334 0.8990885416666666 0.028645833333333332 0.029947916666666668
0 0.623046875 0.8411458333333334 0.037760416666666664 0.040364583333333336
0 0.994140625 0.9576822916666666 0.01171875 0.045572916666666664