0 0.7897135416666666 0.6940104166666666 0.029947916666666668 0.03125
0 0.8463541666666666 0.7604166666666666 0.026041666666666668 0.03125
0 0.4739583333333333 0.18098958333333334 0.041666666666666664 0.041666666666666664
0 0.4036458333333333 0.66015625 0.06510416666666667 0.052083333333333336
0 0.3919270833333333 0.5950520833333334 0.08072916666666667 0.08333333333333333
0 0.365234375 0.5201822916666666 0.024739583333333332 0.024739583333333332
0 0.330078125 0.7975260416666666 0.04296875 0.032552083333333336
0 0.3157552083333333 0.8346354166666666 0.022135416666666668 0.0234375
0 0.54296875 0.7955729166666666 0.033854166666666664 0.028645833333333332
0 0.08658854166666667 0.5826822916666666 0.16276041666666666 0.2669270833333333
0 0.109375 0.3841145833333333 0.026041666666666668 0.03125
0 0.18359375 0.8880208333333334 0.03125 0.03125
0 0.059244791666666664 0.8268229166666666 0.02734375 0.026041666666666668
0 0.330078125 0.166015625 0.022135416666666668 0.01953125
0 0.8971354166666666 0.6438802083333334 0.0546875 0.05859375
0 0.8977864583333334 0.5696614583333334 0.024739583333333332 0.01953125
0 0.787109375 0.2903645833333333 0.02734375 0.020833333333333332
0 0.20052083333333334 0.10221354166666667 0.2708333333333333 0.20182291666666666
0 0.365234375 0.705078125 0.024739583333333332 0.024739583333333332
0 0.5078125 0.8313802083333334 0.3333333333333333 0.33203125
0 0.6979166666666666 0.9895833333333334 0.0234375 0.020833333333333332