0 0.5006510416666666 0.255859375 0.024739583333333332 0.022135416666666668
0 0.17252604166666666 0.076171875 0.016927083333333332 0.014322916666666666
0 0.2421875 0.14192708333333334 0.0234375 0.020833333333333332
0 0.205078125 0.173828125 0.022135416666666668 0.022135416666666668
0 0.041015625 0.24479166666666666 0.02734375 0.026041666666666668
0 0.439453125 0.009114583333333334 0.01953125 0.015625
0 0.6119791666666666 0.020833333333333332 0.026041666666666668 0.018229166666666668
0 0.7591145833333334 0.026692708333333332 0.020833333333333332 0.01953125
0 0.059244791666666664 0.4290364583333333 0.016927083333333332 0.016927083333333332
0 0.5924479166666666 0.3489583333333333 0.018229166666666668 0.018229166666666668
0 0.6705729166666666 0.4290364583333333 0.044270833333333336 0.04296875
0 0.5651041666666666 0.44140625 0.033854166666666664 0.033854166666666664
0 0.4713541666666667 0.5611979166666666 0.0390625 0.046875
0 0.64453125 0.7447916666666666 0.09375 0.07552083333333333
0 0.4114583333333333 0.8020833333333334 0.028645833333333332 0.026041666666666668
0 0.8860677083333334 0.6575520833333334 0.05078125 0.041666666666666664
0 0.9479166666666666 0.3658854166666667 0.03125 0.026041666666666668
0 0.3873697916666667 0.8157552083333334 0.01953125 0.022135416666666668
0 0.2747395833333333 0.92578125 0.015625 0.015625
0 0.68359375 0.6497395833333334 0.0234375 0.020833333333333332
0 0.8912760416666666 0.873046875 0.01953125 0.01953125
0 0.2734375 0.087890625 0.0546875 0.048177083333333336
0 0.5442708333333334 0.3971354166666667 0.015625 0.015625
0 0.3307291666666667 0.96875 0.015625 0.013020833333333334
0 0.17643229166666666 0.7506510416666666 0.014322916666666666 0.014322916666666666