0 0.73046875 0.46875 0.041666666666666664 0.052083333333333336
0 0.5397135416666666 0.13802083333333334 0.032552083333333336 0.036458333333333336
0 0.1953125 0.18489583333333334 0.026041666666666668 0.026041666666666668
0 0.16276041666666666 0.3515625 0.026041666666666668 0.026041666666666668
0 0.12760416666666666 0.3802083333333333 0.018229166666666668 0.018229166666666668
0 0.095703125 0.13671875 0.01953125 0.018229166666666668
0 0.056640625 0.12109375 0.029947916666666668 0.03125
0 0.013671875 0.3463541666666667 0.024739583333333332 0.028645833333333332
0 0.109375 0.580078125 0.015625 0.016927083333333332
0 0.23958333333333334 0.7506510416666666 0.0234375 0.02734375
0 0.5247395833333334 0.5572916666666666 0.0234375 0.03125
0 0.681640625 0.3326822916666667 0.029947916666666668 0.037760416666666664
0 0.7180989583333334 0.478515625 0.3580729166666667 0.3059895833333333
0 0.58203125 0.4817708333333333 0.020833333333333332 0.020833333333333332
0 0.6842447916666666 0.029296875 0.022135416666666668 0.01953125
0 0.958984375 0.10546875 0.01953125 0.020833333333333332
0 0.7942708333333334 0.18033854166666666 0.078125 0.08203125
0 0.054036458333333336 0.2923177083333333 0.014322916666666666 0.014322916666666666
0 0.0390625 0.943359375 0.018229166666666668 0.016927083333333332
0 0.02734375 0.984375 0.020833333333333332 0.020833333333333332
0 0.10286458333333333 0.9921875 0.018229166666666668 0.015625
0 0.6419270833333334 0.8359375 0.018229166666666668 0.018229166666666668
0 0.6770833333333334 0.9739583333333334 0.0234375 0.026041666666666668
0 0.458984375 0.796875 0.06640625 0.07291666666666667
0 0.4609375 0.603515625 0.0234375 0.01953125
0 0.845703125 0.849609375 0.024739583333333332 0.024739583333333332
0 0.953125 0.884765625 0.020833333333333332 0.024739583333333332
0 0.9283854166666666 0.912109375 0.07552083333333333 0.07421875
0 0.7259114583333334 0.8997395833333334 0.016927083333333332 0.018229166666666668
0 0.5885416666666666 0.064453125 0.013020833333333334 0.014322916666666666
0 0.6451822916666666 0.07486979166666667 0.016927083333333332 0.014322916666666666
0 0.5748697916666666 0.12565104166666666 0.014322916666666666 0.014322916666666666
0 0.7682291666666666 0.012369791666666666 0.057291666666666664 0.022135416666666668
0 0.9446614583333334 0.486328125 0.016927083333333332 0.016927083333333332
0 0.8294270833333334 0.8821614583333334 0.015625 0.016927083333333332
0 0.057291666666666664 0.255859375 0.013020833333333334 0.014322916666666666
0 0.022786458333333332 0.375 0.014322916666666666 0.015625
0 0.2916666666666667 0.857421875 0.015625 0.016927083333333332