0 0.8671875 0.3014322916666667 0.03125 0.03515625
0 0.8938802083333334 0.15104166666666666 0.029947916666666668 0.033854166666666664
0 0.8404947916666666 0.169921875 0.01953125 0.01953125
0 0.7923177083333334 0.1796875 0.01953125 0.020833333333333332
0 0.7721354166666666 0.2610677083333333 0.026041666666666668 0.032552083333333336
0 0.587890625 0.171875 0.024739583333333332 0.0234375
0 0.6321614583333334 0.3033854166666667 0.01953125 0.013020833333333334
0 0.6061197916666666 0.3098958333333333 0.01953125 0.013020833333333334
0 0.626953125 0.3912760416666667 0.11588541666666667 0.11067708333333333
0 0.82421875 0.4563802083333333 0.16927083333333334 0.18880208333333334
0 0.8717447916666666 0.5305989583333334 0.03515625 0.03515625
0 0.9563802083333334 0.4765625 0.08203125 0.10416666666666667
0 0.4505208333333333 0.18359375 0.018229166666666668 0.020833333333333332
0 0.4466145833333333 0.322265625 0.026041666666666668 0.022135416666666668
0 0.826171875 0.6946614583333334 0.16276041666666666 0.16796875
0 0.580078125 0.7350260416666666 0.29296875 0.31640625
0 0.375 0.4973958333333333 0.026041666666666668 0.0234375
0 0.283203125 0.05859375 0.06380208333333333 0.0625
0 0.20247395833333334 0.201171875 0.01953125 0.016927083333333332
0 0.21549479166666666 0.4010416666666667 0.01953125 0.0234375
0 0.19075520833333334 0.6842447916666666 0.024739583333333332 0.02734375
0 0.2923177083333333 0.4368489583333333 0.07421875 0.08463541666666667
0 0.208984375 0.55078125 0.07161458333333333 0.078125
0 0.1328125 0.057942708333333336 0.013020833333333334 0.016927083333333332
0 0.55078125 0.9563802083333334 0.026041666666666668 0.022135416666666668
0 0.28125 0.8385416666666666 0.018229166666666668 0.020833333333333332
0 0.248046875 0.8072916666666666 0.01953125 0.018229166666666668
0 0.3880208333333333 0.66015625 0.078125 0.08854166666666667
0 0.9739583333333334 0.9342447916666666 0.026041666666666668 0.024739583333333332
0 0.061848958333333336 0.014322916666666666 0.06640625 0.026041666666666668
0 0.11328125 0.212890625 0.041666666666666664 0.040364583333333336
0 0.055989583333333336 0.07356770833333333 0.013020833333333334 0.016927083333333332
0 0.154296875 0.14127604166666666 0.016927083333333332 0.014322916666666666
0 0.501953125 0.65625 0.016927083333333332 0.015625
0 0.521484375 0.4602864583333333 0.006510416666666667 0.014322916666666666
0 0.357421875 0.5833333333333334 0.016927083333333332 0.013020833333333334
0 0.1875 0.84375 0.036458333333333336 0.026041666666666668
0 0.3821614583333333 0.049479166666666664 0.014322916666666666 0.015625
0 0.42578125 0.20638020833333334 0.013020833333333334 0.014322916666666666
0 0.498046875 0.6243489583333334 0.016927083333333332 0.022135416666666668
0 0.4778645833333333 0.8893229166666666 0.018229166666666668 0.015625
0 0.4309895833333333 0.9778645833333334 0.0234375 0.026041666666666668
0 0.6321614583333334 0.9427083333333334 0.016927083333333332 0.018229166666666668
0 0.9680989583333334 0.9928385416666666 0.024739583333333332 0.014322916666666666