0 0.09830729166666667 0.3665364583333333 0.045572916666666664 0.055989583333333336
0 0.373046875 0.9088541666666666 0.045572916666666664 0.044270833333333336
0 0.412109375 0.8033854166666666 0.02734375 0.028645833333333332
0 0.19986979166666666 0.5162760416666666 0.053385416666666664 0.055989583333333336
0 0.20768229166666666 0.4231770833333333 0.029947916666666668 0.033854166666666664
0 0.6393229166666666 0.837890625 0.020833333333333332 0.024739583333333332
0 0.6106770833333334 0.9680989583333334 0.026041666666666668 0.022135416666666668
0 0.3815104166666667 0.6399739583333334 0.020833333333333332 0.022135416666666668
0 0.455078125 0.4791666666666667 0.016927083333333332 0.0234375
0 0.5436197916666666 0.5677083333333334 0.01953125 0.018229166666666668
0 0.4524739583333333 0.22916666666666666 0.03515625 0.033854166666666664
0 0.37109375 0.2630208333333333 0.018229166666666668 0.015625
0 0.2506510416666667 0.3776041666666667 0.037760416666666664 0.033854166666666664
0 0.193359375 0.13606770833333334 0.040364583333333336 0.04296875
0 0.08984375 0.24479166666666666 0.09375 0.10677083333333333
0 0.7421875 0.8815104166666666 0.046875 0.0546875
0 0.8098958333333334 0.9609375 0.015625 0.013020833333333334
0 0.8587239583333334 0.76171875 0.08203125 0.07291666666666667
0 0.8333333333333334 0.6927083333333334 0.049479166666666664 0.0546875
0 0.7532552083333334 0.4173177083333333 0.024739583333333332 0.01953125
0 0.78515625 0.44921875 0.026041666666666668 0.020833333333333332
0 0.822265625 0.4700520833333333 0.014322916666666666 0.015625
0 0.671875 0.20442708333333334 0.033854166666666664 0.036458333333333336
0 0.7903645833333334 0.25390625 0.0234375 0.020833333333333332
0 0.8190104166666666 0.17317708333333334 0.028645833333333332 0.03125
0 0.015625 0.8170572916666666 0.020833333333333332 0.01953125
0 0.0703125 0.9368489583333334 0.020833333333333332 0.01953125
0 0.248046875 0.23502604166666666 0.01953125 0.01953125
0 0.3483072916666667 0.01171875 0.024739583333333332 0.0234375
0 0.4759114583333333 0.8919270833333334 0.01953125 0.018229166666666668
0 0.5572916666666666 0.3580729166666667 0.018229166666666668 0.018229166666666668
0 0.982421875 0.88671875 0.016927083333333332 0.018229166666666668
0 0.6471354166666666 0.6608072916666666 0.015625 0.014322916666666666
0 0.22200520833333334 0.6966145833333334 0.2669270833333333 0.28125
0 0.7024739583333334 0.055989583333333336 0.016927083333333332 0.013020833333333334
0 0.7805989583333334 0.015625 0.016927083333333332 0.018229166666666668
0 0.3684895833333333 0.6555989583333334 0.015625 0.016927083333333332
0 0.37890625 0.83203125 0.015625 0.015625
0 0.7161458333333334 0.8834635416666666 0.015625 0.016927083333333332
0 0.810546875 0.8841145833333334 0.014322916666666666 0.015625
0 0.8411458333333334 0.265625 0.015625 0.015625
0 0.5553385416666666 0.5787760416666666 0.016927083333333332 0.014322916666666666
0 0.5852864583333334 0.490234375 0.01171875 0.014322916666666666
0 0.205078125 0.4635416666666667 0.016927083333333332 0.015625
0 0.0234375 0.2571614583333333 0.018229166666666668 0.014322916666666666