0 0.9128906249999998 0.4065104166666667 0.020455729166666714 0.021106770833333382
0 0.12714843749999996 0.9416145833333333 0.01929687499999999 0.020455729166666714
0 0.498046875 0.9954427083333334 0.022135416666666668 0.009114583333333334
0 0.7444270833333334 0.9630208333333333 0.020690104166666796 0.021679687500000117
0 0.9888411458333334 0.36128906250000004 0.022096354166666703 0.02351562499999993
0 0.4475260416666667 0.32261718749999996 0.01953125 0.01929687499999999
0 0.49033854166666657 0.7434505208333334 0.025026041666666703 0.025807291666666583
0 0.11196614583333335 0.8566927083333334 0.021354166666666674 0.021848958333333297
0 0.7126562499999999 0.5252734375 0.025221354166666526 0.025611979166666615
0 0.8010416666666668 0.32986979166666663 0.020377604166666785 0.020221354166666632
0 0.7927604166666665 0.6357421875 0.025026041666666703 0.024075520833333346
0 0.33636718750000005 0.910546875 0.022356770833333317 0.022356770833333428
0 0.9239453124999999 0.05368489583333332 0.02334635416666675 0.022812499999999996
0 0.6767578125 0.8753255208333334 0.022187499999999954 0.022096354166666703
0 0.3335937500000001 0.7627864583333334 0.02369791666666669 0.023880208333333226
0 0.6242838541666668 0.846328125 0.02117187499999999 0.023151041666666632
0 0.12852864583333337 0.6785546875 0.01959635416666668 0.01921874999999999
0 0.01667968749999993 0.799375 0.020937499999999998 0.018710937499999858
0 0.5372786458333335 0.2214583333333333 0.02226562500000003 0.02226562500000003
0 0.9405078124999999 0.9222786458333333 0.040872395833333464 0.040091145833333286
0 0.6546614583333333 0.05368489583333332 0.032434895833333366 0.032304687500000005
0 0.7375130208333335 0.39891927083333334 0.025416666666666643 0.028867187499999947
0 0.20963540666666666 0.3092447916666667 0.4192708333333333 0.6184895833333334