0 0.9583333333333334 0.9817708333333334 0.08333333333333333 0.036458333333333336
0 0.6419270833333334 0.9850260416666666 0.13802083333333334 0.029947916666666668
0 0.8177083333333334 0.384765625 0.0859375 0.09635416666666667
0 0.7623697916666666 0.12760416666666666 0.053385416666666664 0.053385416666666664
0 0.9895833333333334 0.21614583333333334 0.020833333333333332 0.06770833333333333
0 0.6497395833333334 0.8828125 0.08333333333333333 0.06640625
0 0.7623697916666666 0.123046875 0.04296875 0.040364583333333336
0 0.012369791666666666 0.2708333333333333 0.024739583333333332 0.046875
0 0.9934895833333334 0.20703125 0.013020833333333334 0.0546875
0 0.6432291666666666 0.8893229166666666 0.048177083333333336 0.044270833333333336
0 0.267578125 0.48828125 0.0625 0.059895833333333336
0 0.529296875 0.01953125 0.16276041666666666 0.0390625
0 0.083984375 0.69921875 0.055989583333333336 0.05078125
0 0.034505208333333336 0.541015625 0.05859375 0.052083333333333336
0 0.18489583333333334 0.22981770833333334 0.10677083333333333 0.14322916666666666
0 0.8216145833333334 0.384765625 0.06770833333333333 0.06380208333333333
0 0.3118489583333333 0.888671875 0.046875 0.044270833333333336
0 0.732421875 0.921875 0.037760416666666664 0.036458333333333336
0 0.40234375 0.4908854166666667 0.040364583333333336 0.0390625
0 0.880859375 0.7063802083333334 0.044270833333333336 0.041666666666666664
0 0.19010416666666666 0.3502604166666667 0.03515625 0.029947916666666668
0 0.3411458333333333 0.984375 0.033854166666666664 0.03125
0 0.3359375 0.6119791666666666 0.048177083333333336 0.046875
0 0.5852864583333334 0.490234375 0.041666666666666664 0.03515625
0 0.6634114583333334 0.5690104166666666 0.040364583333333336 0.036458333333333336
0 0.416015625 0.638671875 0.02734375 0.02734375
0 0.560546875 0.544921875 0.04296875 0.0390625
0 0.4700520833333333 0.521484375 0.036458333333333336 0.03515625