0 0.3229166666666667 0.76171875 0.03125 0.026041666666666668
0 0.20833333333333334 0.7076822916666666 0.013020833333333334 0.016927083333333332
0 0.3072916666666667 0.6315104166666666 0.06770833333333333 0.06510416666666667
0 0.400390625 0.6764322916666666 0.01953125 0.024739583333333332
0 0.45703125 0.7591145833333334 0.028645833333333332 0.041666666666666664
0 0.517578125 0.6770833333333334 0.032552083333333336 0.026041666666666668
0 0.19856770833333334 0.24544270833333334 0.01953125 0.016927083333333332
0 0.3528645833333333 0.30078125 0.015625 0.0234375
0 0.478515625 0.21809895833333334 0.01953125 0.01953125
0 0.6477864583333334 0.8072916666666666 0.01953125 0.013020833333333334
0 0.57421875 0.7356770833333334 0.013020833333333334 0.013020833333333334
0 0.6451822916666666 0.6471354166666666 0.014322916666666666 0.020833333333333332
0 0.6002604166666666 0.5227864583333334 0.015625 0.01953125
0 0.935546875 0.6393229166666666 0.03515625 0.041666666666666664
0 0.8723958333333334 0.8528645833333334 0.0390625 0.0390625
0 0.9049479166666666 0.5221354166666666 0.026041666666666668 0.0234375
0 0.9375 0.9609375 0.013020833333333334 0.015625
0 0.74609375 0.091796875 0.17447916666666666 0.15234375
0 0.51171875 0.07747395833333333 0.018229166666666668 0.01953125
0 0.5403645833333334 0.15885416666666666 0.013020833333333334 0.018229166666666668
0 0.740234375 0.45703125 0.016927083333333332 0.015625
0 0.88671875 0.640625 0.015625 0.020833333333333332
0 0.9700520833333334 0.8346354166666666 0.0390625 0.0625
0 0.9830729166666666 0.068359375 0.026041666666666668 0.032552083333333336
0 0.3235677083333333 0.4752604166666667 0.01953125 0.013020833333333334
0 0.2975260416666667 0.12369791666666667 0.10807291666666667 0.10416666666666667
0 0.08854166666666667 0.3020833333333333 0.16145833333333334 0.1640625
0 0.4602864583333333 0.5208333333333334 0.06901041666666667 0.052083333333333336
0 0.7044270833333334 0.3444010416666667 0.16666666666666666 0.16796875
0 0.6393229166666666 0.2858072916666667 0.015625 0.014322916666666666
0 0.042317708333333336 0.9114583333333334 0.01953125 0.013020833333333334
0 0.9251302083333334 0.3483072916666667 0.07942708333333333 0.08463541666666667
0 0.4010416666666667 0.8515625 0.018229166666666668 0.013020833333333334
0 0.24934895833333334 0.525390625 0.16796875 0.13411458333333334
0 0.5240885416666666 0.8170572916666666 0.01953125 0.01953125
0 0.5904947916666666 0.9212239583333334 0.3450520833333333 0.14973958333333334
0 0.5891927083333334 0.045572916666666664 0.01953125 0.013020833333333334
0 0.6217447916666666 0.14778645833333334 0.01953125 0.022135416666666668
0 0.5403645833333334 0.5455729166666666 0.06510416666666667 0.09114583333333333
0 0.020182291666666668 0.7721354166666666 0.014322916666666666 0.015625
0 0.005208333333333333 0.6178385416666666 0.0078125 0.014322916666666666
0 0.251953125 0.7389322916666666 0.009114583333333334 0.01953125