0 0.486328125 0.2838541666666667 0.029947916666666668 0.026041666666666668
0 0.026041666666666668 0.3561197916666667 0.013020833333333334 0.014322916666666666
0 0.037109375 0.3717447916666667 0.016927083333333332 0.01953125
0 0.16015625 0.630859375 0.020833333333333332 0.022135416666666668
0 0.2734375 0.7493489583333334 0.234375 0.25390625
0 0.2565104166666667 0.70703125 0.018229166666666668 0.018229166666666668
0 0.7096354166666666 0.474609375 0.14322916666666666 0.15234375
0 0.6608072916666666 0.5533854166666666 0.01953125 0.018229166666666668
0 0.09244791666666667 0.7688802083333334 0.08854166666666667 0.08463541666666667
0 0.4264322916666667 0.818359375 0.01953125 0.024739583333333332
0 0.6608072916666666 0.71875 0.01953125 0.015625
0 0.5970052083333334 0.609375 0.061197916666666664 0.052083333333333336
0 0.5651041666666666 0.8274739583333334 0.3854166666666667 0.3190104166666667
0 0.8723958333333334 0.716796875 0.09114583333333333 0.07161458333333333
0 0.8391927083333334 0.72265625 0.01953125 0.028645833333333332
0 0.3717447916666667 0.3782552083333333 0.05078125 0.045572916666666664
0 0.15950520833333334 0.837890625 0.01953125 0.024739583333333332
0 0.20052083333333334 0.939453125 0.0234375 0.024739583333333332
0 0.8951822916666666 0.4368489583333333 0.01953125 0.01953125
0 0.9700520833333334 0.24153645833333334 0.052083333333333336 0.08463541666666667
0 0.28125 0.028645833333333332 0.015625 0.015625
0 0.5891927083333334 0.677734375 0.01953125 0.01953125
0 0.41015625 0.8990885416666666 0.026041666666666668 0.01953125
0 0.458984375 0.275390625 0.014322916666666666 0.016927083333333332
0 0.96875 0.189453125 0.013020833333333334 0.01171875
0 0.9016927083333334 0.18619791666666666 0.014322916666666666 0.015625
0 0.98046875 0.3313802083333333 0.015625 0.014322916666666666
0 0.9205729166666666 0.36328125 0.015625 0.013020833333333334
0 0.994140625 0.537109375 0.01171875 0.024739583333333332
0 0.7994791666666666 0.5533854166666666 0.015625 0.015625
0 0.8216145833333334 0.517578125 0.010416666666666666 0.014322916666666666
0 0.8958333333333334 0.9466145833333334 0.015625 0.015625
0 0.7467447916666666 0.9557291666666666 0.10026041666666667 0.08072916666666667
0 0.23893229166666666 0.3665364583333333 0.016927083333333332 0.014322916666666666
0 0.5149739583333334 0.18619791666666666 0.014322916666666666 0.013020833333333334
0 0.6875 0.232421875 0.013020833333333334 0.01171875
0 0.76171875 0.16341145833333334 0.010416666666666666 0.009114583333333334
0 0.8294270833333334 0.3619791666666667 0.013020833333333334 0.010416666666666666
0 0.12760416666666666 0.33203125 0.010416666666666666 0.013020833333333334
0 0.3229166666666667 0.3834635416666667 0.013020833333333334 0.01171875
0 0.3639322916666667 0.9811197916666666 0.014322916666666666 0.01171875