0 0.3079427083333333 0.24348958333333334 0.022135416666666668 0.020833333333333332
0 0.4049479166666667 0.7102864583333334 0.09375 0.09765625
0 0.07291666666666667 0.375 0.0546875 0.052083333333333336
0 0.11328125 0.3079427083333333 0.026041666666666668 0.022135416666666668
0 0.240234375 0.22330729166666666 0.022135416666666668 0.024739583333333332
0 0.087890625 0.296875 0.01953125 0.018229166666666668
0 0.19205729166666666 0.08203125 0.12109375 0.10416666666666667
0 0.3098958333333333 0.14778645833333334 0.018229166666666668 0.024739583333333332
0 0.4114583333333333 0.08984375 0.015625 0.015625
0 0.4739583333333333 0.009765625 0.033854166666666664 0.016927083333333332
0 0.6295572916666666 0.060546875 0.022135416666666668 0.022135416666666668
0 0.7942708333333334 0.22786458333333334 0.026041666666666668 0.028645833333333332
0 0.560546875 0.6158854166666666 0.02734375 0.026041666666666668
0 0.248046875 0.6477864583333334 0.024739583333333332 0.024739583333333332
0 0.15169270833333334 0.5885416666666666 0.024739583333333332 0.0234375
0 0.08658854166666667 0.6256510416666666 0.022135416666666668 0.01953125
0 0.22135416666666666 0.8424479166666666 0.0390625 0.036458333333333336
0 0.02734375 0.9108072916666666 0.041666666666666664 0.048177083333333336
0 0.490234375 0.4212239583333333 0.024739583333333332 0.02734375
0 0.3951822916666667 0.4713541666666667 0.016927083333333332 0.015625
0 0.3600260416666667 0.763671875 0.022135416666666668 0.022135416666666668
0 0.6158854166666666 0.9420572916666666 0.020833333333333332 0.02734375
0 0.96484375 0.7109375 0.0234375 0.026041666666666668
0 0.8001302083333334 0.7109375 0.01953125 0.020833333333333332
0 0.8059895833333334 0.794921875 0.018229166666666668 0.01953125
0 0.828125 0.7141927083333334 0.015625 0.014322916666666666
0 0.84375 0.4986979166666667 0.018229166666666668 0.018229166666666668
0 0.935546875 0.58984375 0.01953125 0.020833333333333332
0 0.9700520833333334 0.24544270833333334 0.03125 0.032552083333333336
0 0.12630208333333334 0.8235677083333334 0.018229166666666668 0.016927083333333332
0 0.13671875 0.9889322916666666 0.020833333333333332 0.01953125
0 0.060546875 0.4368489583333333 0.016927083333333332 0.01953125
0 0.042317708333333336 0.630859375 0.016927083333333332 0.016927083333333332
0 0.020833333333333332 0.4361979166666667 0.0390625 0.08072916666666667
0 0.24479166666666666 0.9921875 0.015625 0.013020833333333334
0 0.4973958333333333 0.8717447916666666 0.018229166666666668 0.014322916666666666
0 0.244140625 0.28515625 0.01171875 0.010416666666666666
0 0.4322916666666667 0.10677083333333333 0.015625 0.018229166666666668
0 0.9609375 0.15690104166666666 0.015625 0.016927083333333332
0 0.1796875 0.5143229166666666 0.013020833333333334 0.013020833333333334