0 0.6442708333333332 0.1423567708333333 0.25359375 0.26019531250000005
0 0.5923697916666667 0.7384635416666666 0.10682291666666661 0.10675781250000001
0 0.24630208333333328 0.4839973958333334 0.08070312500000003 0.06876302083333326
0 0.021484375 0.3821614583333333 0.04296875 0.048177083333333336
0 0.8123697916666668 0.45783854166666665 0.06160156249999993 0.059257812499999986
0 0.8325781250000001 0.1902734375 0.054466145833333236 0.05694010416666667
0 0.310546875 0.9895833333333334 0.09244791666666667 0.020833333333333332
0 0.057291666666666664 0.9895833333333334 0.057291666666666664 0.020833333333333332
0 0.43359375 0.9811197916666666 0.052083333333333336 0.037760416666666664
0 0.2629557291666667 0.8050651041666667 0.03789062500000003 0.04015624999999989
0 0.5578776041666668 0.8466796875 0.0521223958333333 0.06154947916666664
0 0.7885807291666668 0.9299218749999999 0.04734374999999987 0.04726562499999994
0 0.28317708333333336 0.27708333333333335 0.10210937499999999 0.09735677083333331
0 0.14285156250000006 0.49350260416666664 0.07834635416666669 0.07828125000000001
0 0.34144531250000004 0.48994791666666665 0.047395833333333304 0.04735677083333334
0 0.9289062500000002 0.6802083333333333 0.04731770833333323 0.0473177083333333
0 0.16069010416666663 0.02618489583333335 0.04742187500000002 0.04270833333333333
0 0.11669270833333334 0.22833333333333336 0.045052083333333326 0.04742187500000002
0 0.24393229166666672 0.30682291666666667 0.047408854166666625 0.03789062500000003