0 0.5540364583333334 0.7721354166666666 0.09505208333333333 0.08333333333333333
0 0.2701822916666667 0.7447916666666666 0.05078125 0.046875
0 0.3561197916666667 0.5130208333333334 0.029947916666666668 0.03125
0 0.6647135416666666 0.21744791666666666 0.4856770833333333 0.4322916666666667
0 0.4641927083333333 0.91015625 0.032552083333333336 0.03125
0 0.028645833333333332 0.7721354166666666 0.015625 0.018229166666666668
0 0.037760416666666664 0.8059895833333334 0.015625 0.015625
0 0.057942708333333336 0.9739583333333334 0.014322916666666666 0.015625
0 0.607421875 0.9537760416666666 0.024739583333333332 0.02734375
0 0.7317708333333334 0.9837239583333334 0.020833333333333332 0.01953125
0 0.8795572916666666 0.5833333333333334 0.022135416666666668 0.018229166666666668
0 0.8502604166666666 0.5227864583333334 0.015625 0.014322916666666666
0 0.38671875 0.8548177083333334 0.0234375 0.016927083333333332
0 0.7493489583333334 0.861328125 0.022135416666666668 0.022135416666666668
0 0.8430989583333334 0.759765625 0.01953125 0.016927083333333332
0 0.4928385416666667 0.3723958333333333 0.024739583333333332 0.0234375
0 0.73828125 0.6959635416666666 0.1015625 0.08984375
0 0.7467447916666666 0.5572916666666666 0.014322916666666666 0.015625
0 0.07552083333333333 0.9147135416666666 0.013020833333333334 0.01171875
0 0.9036458333333334 0.005859375 0.020833333333333332 0.009114583333333334
0 0.4837239583333333 0.97265625 0.016927083333333332 0.015625
0 0.8756510416666666 0.80078125 0.016927083333333332 0.015625
0 0.40625 0.80859375 0.015625 0.018229166666666668
0 0.2825520833333333 0.22135416666666666 0.015625 0.013020833333333334
0 0.25 0.3580729166666667 0.044270833333333336 0.0390625
0 0.23828125 0.501953125 0.015625 0.016927083333333332
0 0.011067708333333334 0.8274739583333334 0.016927083333333332 0.016927083333333332
0 0.6751302083333334 0.90234375 0.029947916666666668 0.0390625
0 0.4075520833333333 0.76953125 0.020833333333333332 0.020833333333333332