0 0.4986979166666667 0.3502604166666667 0.052083333333333336 0.0703125
0 0.580078125 0.8072916666666666 0.05078125 0.046875
0 0.7252604166666666 0.833984375 0.14583333333333334 0.13671875
0 0.6985677083333334 0.859375 0.032552083333333336 0.033854166666666664
0 0.7018229166666666 0.599609375 0.020833333333333332 0.01953125
0 0.716796875 0.4713541666666667 0.11067708333333333 0.11458333333333333
0 0.7942708333333334 0.6080729166666666 0.018229166666666668 0.0234375
0 0.580078125 0.12955729166666666 0.05859375 0.07421875
0 0.8111979166666666 0.1640625 0.06510416666666667 0.06510416666666667
0 0.8470052083333334 0.4537760416666667 0.01953125 0.01953125
0 0.541015625 0.306640625 0.01953125 0.01953125