0 0.091796875 0.103515625 0.032552083333333336 0.03515625
0 0.248046875 0.6705729166666666 0.05859375 0.046875
0 0.08854166666666667 0.8268229166666666 0.026041666666666668 0.020833333333333332
0 0.4342447916666667 0.6028645833333334 0.01953125 0.026041666666666668
0 0.5787760416666666 0.634765625 0.029947916666666668 0.02734375
0 0.2747395833333333 0.21940104166666666 0.3203125 0.33203125
0 0.6048177083333334 0.09765625 0.10026041666666667 0.09895833333333333
0 0.720703125 0.4192708333333333 0.07161458333333333 0.078125
0 0.9479166666666666 0.7708333333333334 0.09114583333333333 0.15364583333333334
0 0.8606770833333334 0.19401041666666666 0.2682291666666667 0.2942708333333333
0 0.88671875 0.3997395833333333 0.020833333333333332 0.0234375
0 0.37890625 0.7838541666666666 0.013020833333333334 0.015625
0 0.5143229166666666 0.693359375 0.015625 0.014322916666666666
0 0.6015625 0.548828125 0.018229166666666668 0.016927083333333332
0 0.7018229166666666 0.014973958333333334 0.036458333333333336 0.029947916666666668
0 0.7337239583333334 0.013671875 0.040364583333333336 0.02734375
0 0.029947916666666668 0.9576822916666666 0.016927083333333332 0.018229166666666668
0 0.3157552083333333 0.7513020833333334 0.015625 0.015625
0 0.4694010416666667 0.9388020833333334 0.015625 0.016927083333333332
0 0.09635416666666667 0.9876302083333334 0.014322916666666666 0.015625
0 0.6647135416666666 0.9498697916666666 0.013020833333333334 0.014322916666666666
0 0.3756510416666667 0.767578125 0.013020833333333334 0.013020833333333334
0 0.763671875 0.55859375 0.013020833333333334 0.014322916666666666
0 0.14192708333333334 0.7486979166666666 0.015625 0.015625
0 0.546875 0.466796875 0.010416666666666666 0.010416666666666666
0 0.6588541666666666 0.8561197916666666 0.010416666666666666 0.010416666666666666
0 0.20377604166666666 0.7766927083333334 0.010416666666666666 0.009114583333333334
0 0.7233072916666666 0.66796875 0.009114583333333334 0.009114583333333334
0 0.853515625 0.6197916666666666 0.009114583333333334 0.009114583333333334
0 0.6744791666666666 0.6041666666666666 0.01171875 0.010416666666666666
0 0.10677083333333333 0.7864583333333334 0.01171875 0.01171875
0 0.5709635416666666 0.4453125 0.009114583333333334 0.009114583333333334
0 0.3072916666666667 0.4895833333333333 0.010416666666666666 0.01171875
0 0.6966145833333334 0.517578125 0.009114583333333334 0.0078125
0 0.40625 0.4134114583333333 0.009114583333333334 0.009114583333333334
0 0.4869791666666667 0.8860677083333334 0.009114583333333334 0.009114583333333334
0 0.052083333333333336 0.576171875 0.010416666666666666 0.010416666666666666
0 0.6360677083333334 0.8587239583333334 0.01171875 0.01171875
0 0.3763020833333333 0.5716145833333334 0.010416666666666666 0.010416666666666666