0 0.4140625 0.11458333333333333 0.020833333333333332 0.026041666666666668
0 0.25 0.3658854166666667 0.03125 0.028645833333333332
0 0.10286458333333333 0.064453125 0.015625 0.016927083333333332
0 0.020833333333333332 0.658203125 0.036458333333333336 0.045572916666666664
0 0.169921875 0.8567708333333334 0.15755208333333334 0.14322916666666666
0 0.6263020833333334 0.55078125 0.0390625 0.0390625
0 0.3053385416666667 0.6276041666666666 0.022135416666666668 0.020833333333333332
0 0.3743489583333333 0.6881510416666666 0.02734375 0.024739583333333332
0 0.5833333333333334 0.6451822916666666 0.0234375 0.01953125
0 0.6569010416666666 0.759765625 0.032552083333333336 0.037760416666666664
0 0.7259114583333334 0.6744791666666666 0.05859375 0.052083333333333336
0 0.068359375 0.970703125 0.040364583333333336 0.04296875
0 0.3287760416666667 0.9108072916666666 0.022135416666666668 0.022135416666666668
0 0.7180989583333334 0.2936197916666667 0.19401041666666666 0.20182291666666666
0 0.83984375 0.2903645833333333 0.026041666666666668 0.026041666666666668
0 0.3541666666666667 0.61328125 0.015625 0.015625
0 0.3619791666666667 0.8515625 0.020833333333333332 0.0234375
0 0.18294270833333334 0.030598958333333332 0.014322916666666666 0.024739583333333332
0 0.8841145833333334 0.6953125 0.020833333333333332 0.020833333333333332
0 0.5084635416666666 0.9329427083333334 0.01171875 0.016927083333333332
0 0.0703125 0.8118489583333334 0.015625 0.014322916666666666
0 0.744140625 0.708984375 0.016927083333333332 0.016927083333333332
0 0.8776041666666666 0.4427083333333333 0.018229166666666668 0.015625
0 0.3977864583333333 0.9576822916666666 0.014322916666666666 0.014322916666666666
0 0.3834635416666667 0.568359375 0.016927083333333332 0.016927083333333332