0 0.06966145833333333 0.5950520833333334 0.01953125 0.013020833333333334
0 0.06966145833333333 0.5930989583333334 0.05859375 0.048177083333333336
0 0.19075520833333334 0.9075520833333334 0.06640625 0.078125
0 0.27734375 0.8984375 0.09895833333333333 0.12109375
0 0.140625 0.76171875 0.028645833333333332 0.028645833333333332
0 0.11848958333333333 0.6744791666666666 0.0390625 0.028645833333333332
0 0.486328125 0.5065104166666666 0.01953125 0.018229166666666668
0 0.4388020833333333 0.2760416666666667 0.028645833333333332 0.026041666666666668
0 0.5794270833333334 0.2923177083333333 0.0234375 0.01953125
0 0.7200520833333334 0.494140625 0.1015625 0.11067708333333333
0 0.83203125 0.62890625 0.109375 0.11979166666666667
0 0.6653645833333334 0.7024739583333334 0.1171875 0.12369791666666667
0 0.69140625 0.13216145833333334 0.14322916666666666 0.13151041666666666
0 0.8020833333333334 0.28515625 0.06510416666666667 0.059895833333333336
0 0.7083333333333334 0.9544270833333334 0.08333333333333333 0.08072916666666667
0 0.5221354166666666 0.904296875 0.0390625 0.032552083333333336
0 0.3177083333333333 0.2623697916666667 0.1875 0.15755208333333334
0 0.6165364583333334 0.3118489583333333 0.032552083333333336 0.032552083333333336
0 0.022135416666666668 0.26953125 0.028645833333333332 0.03125
0 0.9791666666666666 0.3619791666666667 0.041666666666666664 0.0859375
0 0.9485677083333334 0.9694010416666666 0.08463541666666667 0.05859375
0 0.9908854166666666 0.158203125 0.013020833333333334 0.015625
0 0.8841145833333334 0.7591145833333334 0.03125 0.028645833333333332
0 0.20377604166666666 0.19921875 0.014322916666666666 0.015625
0 0.4635416666666667 0.9309895833333334 0.013020833333333334 0.010416666666666666
0 0.16341145833333334 0.25390625 0.014322916666666666 0.016927083333333332
0 0.287109375 0.06510416666666667 0.013020833333333334 0.013020833333333334
0 0.5911458333333334 0.057942708333333336 0.013020833333333334 0.014322916666666666
0 0.20833333333333334 0.6953125 0.01171875 0.01171875
0 0.8372395833333334 0.3248697916666667 0.01171875 0.01171875
0 0.5279947916666666 0.6100260416666666 0.013020833333333334 0.013020833333333334
0 0.705078125 0.5670572916666666 0.014322916666666666 0.014322916666666666
0 0.7057291666666666 0.7994791666666666 0.010416666666666666 0.010416666666666666
0 0.3098958333333333 0.9654947916666666 0.032552083333333336 0.033854166666666664
0 0.5833333333333334 0.42578125 0.013020833333333334 0.014322916666666666
0 0.6080729166666666 0.8522135416666666 0.015625 0.016927083333333332
0 0.29296875 0.9055989583333334 0.026041666666666668 0.026041666666666668
0 0.5182291666666666 0.0703125 0.015625 0.016927083333333332
0 0.8736979166666666 0.7233072916666666 0.014322916666666666 0.014322916666666666
0 0.6588541666666666 0.32421875 0.014322916666666666 0.014322916666666666
0 0.193359375 0.2727864583333333 0.013020833333333334 0.013020833333333334
0 0.3639322916666667 0.5859375 0.036458333333333336 0.036458333333333336
0 0.3287760416666667 0.8509114583333334 0.016927083333333332 0.018229166666666668
0 0.3743489583333333 0.671875 0.020833333333333332 0.022135416666666668
0 0.9524739583333334 0.4680989583333333 0.013020833333333334 0.013020833333333334
0 0.466796875 0.9270833333333334 0.01171875 0.01171875
0 0.4680989583333333 0.20442708333333334 0.022135416666666668 0.022135416666666668
0 0.125 0.501953125 0.022135416666666668 0.024739583333333332
0 0.8483072916666666 0.4108072916666667 0.01171875 0.01171875
0 0.578125 0.751953125 0.01171875 0.01171875
0 0.25390625 0.5533854166666666 0.01171875 0.01171875
0 0.8580729166666666 0.2649739583333333 0.01171875 0.01171875
0 0.5052083333333334 0.7506510416666666 0.010416666666666666 0.01171875
0 0.4446614583333333 0.5390625 0.010416666666666666 0.01171875
0 0.16731770833333334 0.5807291666666666 0.013020833333333334 0.013020833333333334
0 0.4837239583333333 0.54296875 0.016927083333333332 0.018229166666666668
0 0.6100260416666666 0.14713541666666666 0.010416666666666666 0.010416666666666666
0 0.744140625 0.83203125 0.01171875 0.01171875
0 0.6171875 0.24088541666666666 0.009114583333333334 0.009114583333333334
0 0.9309895833333334 0.30078125 0.010416666666666666 0.010416666666666666
0 0.4485677083333333 0.9114583333333334 0.009114583333333334 0.010416666666666666
0 0.4309895833333333 0.685546875 0.010416666666666666 0.010416666666666666
0 0.8046875 0.734375 0.010416666666666666 0.01171875
0 0.5013020833333334 0.57421875 0.010416666666666666 0.010416666666666666
0 0.8268229166666666 0.07161458333333333 0.009114583333333334 0.010416666666666666
0 0.2805989583333333 0.17903645833333334 0.01171875 0.01171875
0 0.498046875 0.6861979166666666 0.009114583333333334 0.009114583333333334
0 0.71875 0.55859375 0.01171875 0.013020833333333334
0 0.4674479166666667 0.251953125 0.009114583333333334 0.009114583333333334
0 0.6438802083333334 0.024739583333333332 0.009114583333333334 0.010416666666666666