0 0.90625 0.396484375 0.0234375 0.022135416666666668
0 0.9505208333333334 0.4518229166666667 0.018229166666666668 0.015625
0 0.951171875 0.7161458333333334 0.055989583333333336 0.06510416666666667
0 0.7740885416666666 0.123046875 0.01953125 0.016927083333333332
0 0.6796875 0.115234375 0.13020833333333334 0.12890625
0 0.6809895833333334 0.5279947916666666 0.08072916666666667 0.09505208333333333
0 0.5579427083333334 0.8736979166666666 0.19401041666666666 0.2109375
0 0.17643229166666666 0.66015625 0.13411458333333334 0.12760416666666666
0 0.4361979166666667 0.478515625 0.0234375 0.022135416666666668
0 0.3587239583333333 0.017578125 0.024739583333333332 0.022135416666666668
0 0.2890625 0.22591145833333334 0.015625 0.024739583333333332
0 0.15104166666666666 0.2662760416666667 0.041666666666666664 0.040364583333333336
0 0.10286458333333333 0.4348958333333333 0.015625 0.018229166666666668
0 0.12890625 0.14388020833333334 0.018229166666666668 0.016927083333333332
0 0.055989583333333336 0.7727864583333334 0.018229166666666668 0.01953125
0 0.79296875 0.031901041666666664 0.015625 0.016927083333333332
0 0.3854166666666667 0.11328125 0.21614583333333334 0.22135416666666666
0 0.5182291666666666 0.169921875 0.010416666666666666 0.01171875
0 0.3658854166666667 0.2526041666666667 0.013020833333333334 0.013020833333333334
0 0.40234375 0.3528645833333333 0.013020833333333334 0.010416666666666666
0 0.16796875 0.166015625 0.013020833333333334 0.01171875
0 0.08333333333333333 0.3463541666666667 0.013020833333333334 0.013020833333333334
0 0.16731770833333334 0.018880208333333332 0.09765625 0.03515625
0 0.1015625 0.5475260416666666 0.010416666666666666 0.01171875
0 0.2623697916666667 0.6744791666666666 0.01171875 0.013020833333333334
0 0.20247395833333334 0.6959635416666666 0.009114583333333334 0.009114583333333334
0 0.3873697916666667 0.7604166666666666 0.01171875 0.013020833333333334
0 0.181640625 0.888671875 0.11067708333333333 0.11328125
0 0.4231770833333333 0.818359375 0.041666666666666664 0.040364583333333336
0 0.3951822916666667 0.390625 0.009114583333333334 0.010416666666666666
0 0.4544270833333333 0.5143229166666666 0.010416666666666666 0.010416666666666666
0 0.5514322916666666 0.5338541666666666 0.009114583333333334 0.010416666666666666
0 0.224609375 0.45703125 0.016927083333333332 0.015625
0 0.2786458333333333 0.5104166666666666 0.013020833333333334 0.013020833333333334