0 0.275390625 0.10677083333333333 0.02734375 0.026041666666666668
0 0.3359375 0.3723958333333333 0.109375 0.13020833333333334
0 0.15234375 0.390625 0.08333333333333333 0.09114583333333333
0 0.232421875 0.5026041666666666 0.02734375 0.026041666666666668
0 0.044921875 0.5696614583333334 0.05859375 0.055989583333333336
0 0.212890625 0.5690104166666666 0.01171875 0.013020833333333334
0 0.16796875 0.087890625 0.028645833333333332 0.02734375
0 0.3639322916666667 0.015625 0.04296875 0.028645833333333332
0 0.701171875 0.08203125 0.05078125 0.052083333333333336
0 0.73046875 0.13216145833333334 0.028645833333333332 0.024739583333333332
0 0.9114583333333334 0.2604166666666667 0.018229166666666668 0.018229166666666668
0 0.9661458333333334 0.23567708333333334 0.015625 0.015625
0 0.6080729166666666 0.6946614583333334 0.026041666666666668 0.024739583333333332
0 0.7766927083333334 0.576171875 0.04296875 0.045572916666666664
0 0.697265625 0.23958333333333334 0.014322916666666666 0.015625
0 0.8678385416666666 0.3509114583333333 0.037760416666666664 0.03515625
0 0.8333333333333334 0.42578125 0.2552083333333333 0.23958333333333334
0 0.9700520833333334 0.490234375 0.0546875 0.05859375
0 0.0390625 0.9114583333333334 0.0703125 0.06510416666666667
0 0.4010416666666667 0.92578125 0.026041666666666668 0.0234375
0 0.328125 0.9583333333333334 0.020833333333333332 0.018229166666666668
0 0.59765625 0.974609375 0.041666666666666664 0.040364583333333336
0 0.2708333333333333 0.201171875 0.018229166666666668 0.016927083333333332
0 0.3984375 0.14453125 0.015625 0.015625
0 0.5481770833333334 0.3684895833333333 0.020833333333333332 0.018229166666666668
0 0.8170572916666666 0.6725260416666666 0.016927083333333332 0.016927083333333332
0 0.189453125 0.9225260416666666 0.01171875 0.01171875
0 0.244140625 0.6666666666666666 0.016927083333333332 0.018229166666666668
0 0.4309895833333333 0.5305989583333334 0.15625 0.14192708333333334
0 0.537109375 0.3919270833333333 0.024739583333333332 0.0234375
0 0.3483072916666667 0.7200520833333334 0.2591145833333333 0.23697916666666666
0 0.5514322916666666 0.4733072916666667 0.01171875 0.014322916666666666
0 0.96484375 0.578125 0.015625 0.015625
0 0.8873697916666666 0.384765625 0.016927083333333332 0.016927083333333332
0 0.9739583333333334 0.08333333333333333 0.010416666666666666 0.010416666666666666
0 0.3326822916666667 0.08658854166666667 0.01953125 0.016927083333333332
0 0.3046875 0.77734375 0.013020833333333334 0.013020833333333334
0 0.08919270833333333 0.4303385416666667 0.016927083333333332 0.01953125
0 0.072265625 0.4095052083333333 0.09765625 0.11067708333333333
0 0.3372395833333333 0.4108072916666667 0.018229166666666668 0.016927083333333332
0 0.8203125 0.8372395833333334 0.20052083333333334 0.1875
0 0.8717447916666666 0.9348958333333334 0.014322916666666666 0.013020833333333334
0 0.8157552083333334 0.9700520833333334 0.09765625 0.052083333333333336
0 0.4557291666666667 0.36328125 0.015625 0.015625
0 0.4791666666666667 0.3639322916666667 0.013020833333333334 0.01171875
0 0.057291666666666664 0.41796875 0.013020833333333334 0.013020833333333334
0 0.5221354166666666 0.7825520833333334 0.013020833333333334 0.013020833333333334
0 0.568359375 0.6868489583333334 0.01171875 0.014322916666666666
0 0.040364583333333336 0.3046875 0.078125 0.14583333333333334
0 0.2747395833333333 0.78515625 0.010416666666666666 0.010416666666666666
0 0.3287760416666667 0.7916666666666666 0.009114583333333334 0.010416666666666666
0 0.3723958333333333 0.7864583333333334 0.0078125 0.0078125
0 0.423828125 0.673828125 0.009114583333333334 0.009114583333333334
0 0.4303385416666667 0.6920572916666666 0.009114583333333334 0.006510416666666667
0 0.21223958333333334 0.69140625 0.010416666666666666 0.010416666666666666
0 0.5540364583333334 0.7265625 0.009114583333333334 0.0078125
0 0.5729166666666666 0.8151041666666666 0.033854166666666664 0.033854166666666664
0 0.4036458333333333 0.84375 0.013020833333333334 0.010416666666666666
0 0.44140625 0.83203125 0.0078125 0.010416666666666666
0 0.443359375 0.640625 0.01953125 0.018229166666666668
0 0.6796875 0.8131510416666666 0.10416666666666667 0.07421875
0 0.6295572916666666 0.7213541666666666 0.01171875 0.010416666666666666
0 0.6145833333333334 0.73828125 0.013020833333333334 0.010416666666666666
0 0.8411458333333334 0.8131510416666666 0.010416666666666666 0.009114583333333334
0 0.7688802083333334 0.7428385416666666 0.024739583333333332 0.024739583333333332
0 0.6484375 0.599609375 0.057291666666666664 0.05078125
0 0.8580729166666666 0.8821614583333334 0.010416666666666666 0.01171875
0 0.7486979166666666 0.8723958333333334 0.010416666666666666 0.010416666666666666
0 0.6842447916666666 0.85546875 0.01171875 0.013020833333333334
0 0.6712239583333334 0.8430989583333334 0.009114583333333334 0.009114583333333334
0 0.8834635416666666 0.689453125 0.009114583333333334 0.009114583333333334
0 0.9147135416666666 0.6438802083333334 0.029947916666666668 0.02734375
0 0.44140625 0.5397135416666666 0.013020833333333334 0.01171875
0 0.4505208333333333 0.5690104166666666 0.010416666666666666 0.010416666666666666
0 0.8248697916666666 0.3177083333333333 0.01953125 0.020833333333333332
0 0.7272135416666666 0.2897135416666667 0.009114583333333334 0.009114583333333334
0 0.7779947916666666 0.4518229166666667 0.014322916666666666 0.010416666666666666
0 0.9635416666666666 0.3665364583333333 0.010416666666666666 0.006510416666666667
0 0.78515625 0.16276041666666666 0.010416666666666666 0.010416666666666666
0 0.8736979166666666 0.08528645833333333 0.013020833333333334 0.01171875
0 0.9192708333333334 0.078125 0.013020833333333334 0.010416666666666666
0 0.9264322916666666 0.119140625 0.01171875 0.01171875
0 0.912109375 0.032552083333333336 0.009114583333333334 0.0078125
0 0.6953125 0.14908854166666666 0.07552083333333333 0.06901041666666667
0 0.7122395833333334 0.232421875 0.010416666666666666 0.009114583333333334
0 0.716796875 0.3359375 0.009114583333333334 0.0078125
0 0.18424479166666666 0.034505208333333336 0.014322916666666666 0.014322916666666666
0 0.20572916666666666 0.4830729166666667 0.013020833333333334 0.010416666666666666
0 0.17513020833333334 0.8333333333333334 0.014322916666666666 0.010416666666666666
0 0.21223958333333334 0.8626302083333334 0.0078125 0.009114583333333334
0 0.028645833333333332 0.990234375 0.0546875 0.01953125
0 0.06770833333333333 0.8606770833333334 0.010416666666666666 0.0078125
0 0.13997395833333334 0.7721354166666666 0.006510416666666667 0.0078125
0 0.15494791666666666 0.5794270833333334 0.0078125 0.0078125
0 0.19661458333333334 0.58203125 0.010416666666666666 0.0078125
0 0.10026041666666667 0.5143229166666666 0.0078125 0.0078125
0 0.061197916666666664 0.4798177083333333 0.010416666666666666 0.01171875
0 0.02734375 0.5768229166666666 0.013020833333333334 0.010416666666666666
0 0.4029947916666667 0.6953125 0.009114583333333334 0.0078125