0 0.744140625 0.5006510416666666 0.022135416666666668 0.024739583333333332
0 0.923828125 0.17252604166666666 0.014322916666666666 0.016927083333333332
0 0.8580729166666666 0.2421875 0.020833333333333332 0.0234375
0 0.826171875 0.205078125 0.022135416666666668 0.022135416666666668
0 0.7552083333333334 0.041015625 0.026041666666666668 0.02734375
0 0.9908854166666666 0.439453125 0.015625 0.01953125
0 0.9791666666666666 0.6119791666666666 0.018229166666666668 0.026041666666666668
0 0.9733072916666666 0.7591145833333334 0.01953125 0.020833333333333332
0 0.5709635416666666 0.059244791666666664 0.016927083333333332 0.016927083333333332
0 0.6510416666666666 0.5924479166666666 0.018229166666666668 0.018229166666666668
0 0.5709635416666666 0.6705729166666666 0.04296875 0.044270833333333336
0 0.55859375 0.5651041666666666 0.033854166666666664 0.033854166666666664
0 0.4388020833333333 0.4713541666666667 0.046875 0.0390625
0 0.2552083333333333 0.64453125 0.07552083333333333 0.09375
0 0.19791666666666666 0.4114583333333333 0.026041666666666668 0.028645833333333332
0 0.3424479166666667 0.8860677083333334 0.041666666666666664 0.05078125
0 0.6341145833333334 0.9479166666666666 0.026041666666666668 0.03125
0 0.18424479166666666 0.3873697916666667 0.022135416666666668 0.01953125
0 0.07421875 0.2747395833333333 0.015625 0.015625
0 0.3502604166666667 0.68359375 0.020833333333333332 0.0234375
0 0.126953125 0.8912760416666666 0.01953125 0.01953125
0 0.912109375 0.2734375 0.048177083333333336 0.0546875
0 0.6028645833333334 0.5442708333333334 0.015625 0.015625
0 0.03125 0.3307291666666667 0.013020833333333334 0.015625
0 0.24934895833333334 0.17643229166666666 0.014322916666666666 0.014322916666666666