0 0.19205729166666666 0.537109375 0.009114583333333334 0.009114583333333334
0 0.615234375 0.4973958333333333 0.010416666666666666 0.010416666666666666
0 0.6256510416666666 0.7330729166666666 0.010416666666666666 0.010416666666666666
0 0.022786458333333332 0.4733072916666667 0.009114583333333334 0.009114583333333334
0 0.3977864583333333 0.5696614583333334 0.009114583333333334 0.009114583333333334
0 0.162109375 0.5221354166666666 0.014322916666666666 0.013020833333333334
0 0.4765625 0.498046875 0.009114583333333334 0.009114583333333334
0 0.85546875 0.4908854166666667 0.0078125 0.0078125
0 0.837890625 0.7682291666666666 0.009114583333333334 0.0078125
0 0.7962239583333334 0.4778645833333333 0.0078125 0.0078125
0 0.7662760416666666 0.6653645833333334 0.0078125 0.0078125
0 0.6705729166666666 0.234375 0.010416666666666666 0.010416666666666666
0 0.8684895833333334 0.6966145833333334 0.0078125 0.0078125
0 0.44921875 0.6451822916666666 0.014322916666666666 0.014322916666666666
0 0.8606770833333334 0.5885416666666666 0.0078125 0.0078125
0 0.6634114583333334 0.6438802083333334 0.016927083333333332 0.015625
0 0.7278645833333334 0.263671875 0.015625 0.015625
0 0.3912760416666667 0.892578125 0.010416666666666666 0.01171875
0 0.166015625 0.4765625 0.009114583333333334 0.0078125
0 0.681640625 0.84765625 0.0078125 0.0078125
0 0.9010416666666666 0.6236979166666666 0.0078125 0.006510416666666667
0 0.2903645833333333 0.8893229166666666 0.010416666666666666 0.01171875
0 0.057942708333333336 0.7682291666666666 0.01171875 0.013020833333333334
0 0.07486979166666667 0.7734375 0.009114583333333334 0.009114583333333334
0 0.9251302083333334 0.2942708333333333 0.014322916666666666 0.01171875
0 0.9811197916666666 0.4680989583333333 0.009114583333333334 0.0078125
0 0.9283854166666666 0.7708333333333334 0.0078125 0.009114583333333334
0 0.6861979166666666 0.5143229166666666 0.018229166666666668 0.016927083333333332
0 0.7408854166666666 0.8736979166666666 0.0078125 0.0078125
0 0.6770833333333334 0.142578125 0.009114583333333334 0.009114583333333334
0 0.8059895833333334 0.3515625 0.0078125 0.0078125
0 0.9088541666666666 0.8684895833333334 0.013020833333333334 0.013020833333333334
0 0.6080729166666666 0.359375 0.0078125 0.009114583333333334
0 0.2552083333333333 0.9147135416666666 0.013020833333333334 0.013020833333333334
0 0.050130208333333336 0.9329427083333334 0.013020833333333334 0.014322916666666666