0 0.5638020833333334 0.259765625 0.020833333333333332 0.016927083333333332
0 0.7337239583333334 0.12174479166666667 0.029947916666666668 0.02734375
0 0.33984375 0.4908854166666667 0.0390625 0.041666666666666664
0 0.162109375 0.251953125 0.024739583333333332 0.024739583333333332
0 0.018229166666666668 0.30859375 0.020833333333333332 0.020833333333333332
0 0.043619791666666664 0.4986979166666667 0.06901041666666667 0.06510416666666667
0 0.5729166666666666 0.4596354166666667 0.026041666666666668 0.026041666666666668
0 0.546875 0.7395833333333334 0.026041666666666668 0.026041666666666668
0 0.4791666666666667 0.576171875 0.0234375 0.024739583333333332
0 0.9036458333333334 0.7838541666666666 0.057291666666666664 0.0546875
0 0.9798177083333334 0.818359375 0.022135416666666668 0.02734375
0 0.5559895833333334 0.9244791666666666 0.026041666666666668 0.020833333333333332
0 0.8587239583333334 0.8854166666666666 0.022135416666666668 0.018229166666666668
0 0.6373697916666666 0.21875 0.024739583333333332 0.0234375
0 0.5709635416666666 0.09114583333333333 0.022135416666666668 0.020833333333333332
0 0.7975260416666666 0.03515625 0.01953125 0.0234375
0 0.59375 0.826171875 0.015625 0.01953125
0 0.8170572916666666 0.7180989583333334 0.014322916666666666 0.014322916666666666
0 0.83984375 0.5442708333333334 0.015625 0.015625
0 0.4557291666666667 0.994140625 0.0234375 0.01171875
0 0.2623697916666667 0.125 0.016927083333333332 0.013020833333333334
0 0.685546875 0.943359375 0.08723958333333333 0.09765625
0 0.861328125 0.014973958333333334 0.016927083333333332 0.014322916666666666
0 0.634765625 0.011067708333333334 0.022135416666666668 0.01953125