0 0.12760416666666666 0.6842447916666666 0.026041666666666668 0.024739583333333332
0 0.279296875 0.845703125 0.016927083333333332 0.022135416666666668
0 0.4016927083333333 0.958984375 0.01953125 0.02734375
0 0.3958333333333333 0.5403645833333334 0.020833333333333332 0.020833333333333332
0 0.6028645833333334 0.5364583333333334 0.3125 0.3229166666666667
0 0.5950520833333334 0.3020833333333333 0.036458333333333336 0.036458333333333336
0 0.5032552083333334 0.2708333333333333 0.01953125 0.020833333333333332
0 0.7903645833333334 0.9869791666666666 0.020833333333333332 0.018229166666666668
0 0.7916666666666666 0.5696614583333334 0.03125 0.037760416666666664
0 0.8203125 0.7916666666666666 0.028645833333333332 0.026041666666666668
0 0.669921875 0.18684895833333334 0.17838541666666666 0.21223958333333334
0 0.03515625 0.23177083333333334 0.015625 0.018229166666666668
0 0.07291666666666667 0.9563802083333334 0.020833333333333332 0.022135416666666668
0 0.15950520833333334 0.87890625 0.022135416666666668 0.020833333333333332
0 0.3665364583333333 0.3587239583333333 0.016927083333333332 0.01953125
0 0.744140625 0.11588541666666667 0.016927083333333332 0.018229166666666668
0 0.205078125 0.11393229166666667 0.3684895833333333 0.20963541666666666
0 0.13997395833333334 0.943359375 0.009114583333333334 0.01171875
0 0.23567708333333334 0.8470052083333334 0.013020833333333334 0.014322916666666666
0 0.43359375 0.8177083333333334 0.013020833333333334 0.013020833333333334
0 0.421875 0.7526041666666666 0.015625 0.015625
0 0.046875 0.677734375 0.0078125 0.01171875
0 0.034505208333333336 0.7044270833333334 0.006510416666666667 0.0078125
0 0.052083333333333336 0.4303385416666667 0.010416666666666666 0.009114583333333334
0 0.3125 0.3912760416666667 0.010416666666666666 0.01171875
0 0.4095052083333333 0.3489583333333333 0.01171875 0.013020833333333334
0 0.2779947916666667 0.5436197916666666 0.10546875 0.09765625
0 0.3372395833333333 0.4270833333333333 0.203125 0.20052083333333334
0 0.23307291666666666 0.3040364583333333 0.018229166666666668 0.014322916666666666
0 0.16536458333333334 0.35546875 0.010416666666666666 0.010416666666666666
0 0.21809895833333334 0.2819010416666667 0.009114583333333334 0.009114583333333334
0 0.208984375 0.2740885416666667 0.01171875 0.01171875
0 0.4108072916666667 0.2942708333333333 0.016927083333333332 0.018229166666666668
0 0.6236979166666666 0.283203125 0.013020833333333334 0.01171875
0 0.6263020833333334 0.6529947916666666 0.015625 0.016927083333333332
0 0.5872395833333334 0.44140625 0.010416666666666666 0.010416666666666666
0 0.5729166666666666 0.3391927083333333 0.010416666666666666 0.01171875
0 0.8951822916666666 0.349609375 0.014322916666666666 0.014322916666666666
0 0.8600260416666666 0.3600260416666667 0.01171875 0.014322916666666666
0 0.7884114583333334 0.7604166666666666 0.014322916666666666 0.013020833333333334
0 0.7076822916666666 0.7076822916666666 0.01953125 0.014322916666666666
0 0.9231770833333334 0.012369791666666666 0.044270833333333336 0.024739583333333332