0 0.8619791666666666 0.5240885416666666 0.033854166666666664 0.032552083333333336
0 0.787109375 0.3059895833333333 0.040364583333333336 0.0390625
0 0.595703125 0.82421875 0.08463541666666667 0.09635416666666667
0 0.357421875 0.2897135416666667 0.032552083333333336 0.032552083333333336
0 0.291015625 0.6321614583333334 0.048177083333333336 0.053385416666666664
0 0.13802083333333334 0.9127604166666666 0.09375 0.11458333333333333
0 0.15950520833333334 0.19986979166666666 0.032552083333333336 0.029947916666666668
0 0.8333333333333334 0.05859375 0.013020833333333334 0.013020833333333334
0 0.3092447916666667 0.712890625 0.01953125 0.01953125
0 0.59765625 0.9817708333333334 0.06510416666666667 0.036458333333333336
0 0.7122395833333334 0.10026041666666667 0.015625 0.015625
0 0.7825520833333334 0.7584635416666666 0.024739583333333332 0.03125
0 0.5266927083333334 0.2981770833333333 0.02734375 0.029947916666666668
0 0.9368489583333334 0.8098958333333334 0.016927083333333332 0.018229166666666668
0 0.3411458333333333 0.35546875 0.015625 0.016927083333333332
0 0.07682291666666667 0.6848958333333334 0.020833333333333332 0.022135416666666668
0 0.4036458333333333 0.48828125 0.014322916666666666 0.015625
0 0.8307291666666666 0.059895833333333336 0.013020833333333334 0.013020833333333334
0 0.310546875 0.8802083333333334 0.015625 0.016927083333333332
0 0.23828125 0.15234375 0.015625 0.016927083333333332
0 0.6848958333333334 0.2786458333333333 0.01171875 0.013020833333333334
0 0.6627604166666666 0.018229166666666668 0.013020833333333334 0.013020833333333334
0 0.7890625 0.5286458333333334 0.010416666666666666 0.013020833333333334
0 0.9563802083333334 0.2682291666666667 0.01171875 0.013020833333333334
0 0.943359375 0.126953125 0.014322916666666666 0.015625
0 0.8346354166666666 0.17838541666666666 0.01171875 0.013020833333333334
0 0.9049479166666666 0.3815104166666667 0.010416666666666666 0.01171875
0 0.48046875 0.07291666666666667 0.010416666666666666 0.010416666666666666
0 0.7161458333333334 0.057942708333333336 0.010416666666666666 0.01171875