0 0.728515625 0.349609375 0.040364583333333336 0.04296875
0 0.9420572916666666 0.181640625 0.11067708333333333 0.10286458333333333
0 0.9192708333333334 0.24153645833333334 0.0234375 0.01953125
0 0.9674479166666666 0.3658854166666667 0.015625 0.015625
0 0.8138020833333334 0.9375 0.018229166666666668 0.015625
0 0.5794270833333334 0.7591145833333334 0.018229166666666668 0.018229166666666668
0 0.5130208333333334 0.7454427083333334 0.015625 0.016927083333333332
0 0.611328125 0.97265625 0.024739583333333332 0.0234375
0 0.3229166666666667 0.345703125 0.0390625 0.032552083333333336
0 0.5338541666666666 0.080078125 0.020833333333333332 0.016927083333333332
0 0.6569010416666666 0.3990885416666667 0.048177083333333336 0.053385416666666664
0 0.427734375 0.5494791666666666 0.014322916666666666 0.015625
0 0.4322916666666667 0.3684895833333333 0.010416666666666666 0.013020833333333334
0 0.3782552083333333 0.026692708333333332 0.01171875 0.01171875
0 0.23893229166666666 0.22265625 0.01171875 0.013020833333333334
0 0.13411458333333334 0.5169270833333334 0.0234375 0.0234375
0 0.08138020833333333 0.5240885416666666 0.014322916666666666 0.016927083333333332
0 0.029296875 0.7213541666666666 0.01171875 0.010416666666666666
0 0.20247395833333334 0.033203125 0.01953125 0.01953125
0 0.2649739583333333 0.029296875 0.01171875 0.01171875
0 0.5403645833333334 0.6022135416666666 0.078125 0.07421875
0 0.7467447916666666 0.787109375 0.04296875 0.045572916666666664
0 0.9270833333333334 0.2975260416666667 0.015625 0.014322916666666666
0 0.935546875 0.4967447916666667 0.014322916666666666 0.016927083333333332
0 0.055989583333333336 0.5345052083333334 0.013020833333333334 0.01171875
0 0.0625 0.974609375 0.026041666666666668 0.014322916666666666
0 0.3697916666666667 0.748046875 0.013020833333333334 0.014322916666666666
0 0.4368489583333333 0.5188802083333334 0.01171875 0.014322916666666666
0 0.3125 0.4140625 0.018229166666666668 0.013020833333333334
0 0.2799479166666667 0.47265625 0.09635416666666667 0.09114583333333333
0 0.3450520833333333 0.21549479166666666 0.109375 0.11067708333333333
0 0.008463541666666666 0.7454427083333334 0.016927083333333332 0.01953125
0 0.4361979166666667 0.896484375 0.010416666666666666 0.01171875
0 0.365234375 0.3743489583333333 0.009114583333333334 0.009114583333333334
0 0.60546875 0.205078125 0.010416666666666666 0.01171875
0 0.9459635416666666 0.2838541666666667 0.009114583333333334 0.010416666666666666
0 0.6048177083333334 0.24283854166666666 0.009114583333333334 0.009114583333333334
0 0.5266927083333334 0.15885416666666666 0.01171875 0.010416666666666666
0 0.720703125 0.6555989583333334 0.014322916666666666 0.01953125
0 0.005208333333333333 0.16080729166666666 0.010416666666666666 0.009114583333333334
0 0.09244791666666667 0.53515625 0.013020833333333334 0.013020833333333334
0 0.009765625 0.884765625 0.01171875 0.01171875
0 0.650390625 0.990234375 0.045572916666666664 0.01953125
0 0.3046875 0.025390625 0.010416666666666666 0.009114583333333334