0 0.35546875 0.054036458333333336 0.041666666666666664 0.040364583333333336
0 0.5227864583333334 0.134765625 0.01953125 0.022135416666666668
0 0.5247395833333334 0.134765625 0.10677083333333333 0.09505208333333333
0 0.5221354166666666 0.232421875 0.11197916666666667 0.09505208333333333
0 0.625 0.203125 0.0234375 0.020833333333333332
0 0.9322916666666666 0.078125 0.07291666666666667 0.078125
0 0.8704427083333334 0.2649739583333333 0.032552083333333336 0.032552083333333336
0 0.7356770833333334 0.7018229166666666 0.17708333333333334 0.16666666666666666
0 0.72265625 0.8893229166666666 0.109375 0.09895833333333333
0 0.10872395833333333 0.81640625 0.029947916666666668 0.028645833333333332
0 0.3665364583333333 0.9889322916666666 0.022135416666666668 0.022135416666666668
0 0.90234375 0.9329427083333334 0.0234375 0.022135416666666668
0 0.228515625 0.2682291666666667 0.016927083333333332 0.018229166666666668
0 0.2649739583333333 0.341796875 0.022135416666666668 0.024739583333333332
0 0.06380208333333333 0.16276041666666666 0.015625 0.015625
0 0.006510416666666667 0.517578125 0.010416666666666666 0.01953125
0 0.3248697916666667 0.5065104166666666 0.014322916666666666 0.015625
0 0.3372395833333333 0.5266927083333334 0.013020833333333334 0.014322916666666666
0 0.314453125 0.7701822916666666 0.024739583333333332 0.022135416666666668
0 0.697265625 0.3294270833333333 0.014322916666666666 0.015625
0 0.98828125 0.4661458333333333 0.015625 0.015625
0 0.7955729166666666 0.9401041666666666 0.018229166666666668 0.020833333333333332
0 0.650390625 0.61328125 0.016927083333333332 0.018229166666666668
0 0.4518229166666667 0.6263020833333334 0.013020833333333334 0.013020833333333334
0 0.6048177083333334 0.6497395833333334 0.016927083333333332 0.015625
0 0.17578125 0.20768229166666666 0.013020833333333334 0.014322916666666666
0 0.07421875 0.2623697916666667 0.033854166666666664 0.048177083333333336
0 0.583984375 0.005208333333333333 0.01953125 0.0078125
0 0.3626302083333333 0.5013020833333334 0.01171875 0.013020833333333334
0 0.037760416666666664 0.18229166666666666 0.0078125 0.010416666666666666
0 0.30078125 0.6380208333333334 0.010416666666666666 0.010416666666666666
0 0.275390625 0.9850260416666666 0.01171875 0.009114583333333334
0 0.4361979166666667 0.48046875 0.010416666666666666 0.010416666666666666
0 0.3619791666666667 0.5631510416666666 0.0078125 0.009114583333333334
0 0.7122395833333334 0.3157552083333333 0.015625 0.014322916666666666
0 0.7467447916666666 0.05859375 0.014322916666666666 0.018229166666666668
0 0.9622395833333334 0.2890625 0.013020833333333334 0.015625
0 0.90625 0.3782552083333333 0.1875 0.3216145833333333
0 0.3391927083333333 0.2819010416666667 0.009114583333333334 0.01171875
0 0.2936197916666667 0.3157552083333333 0.01171875 0.009114583333333334
0 0.21419270833333334 0.3014322916666667 0.01171875 0.009114583333333334
0 0.3046875 0.298828125 0.010416666666666666 0.009114583333333334
0 0.267578125 0.19921875 0.01171875 0.010416666666666666
0 0.3294270833333333 0.3580729166666667 0.010416666666666666 0.010416666666666666
0 0.943359375 0.018229166666666668 0.016927083333333332 0.015625