0 0.9055989583333334 0.7727864583333334 0.028645833333333332 0.02734375
0 0.12369791666666667 0.3958333333333333 0.03515625 0.0390625
0 0.6731770833333334 0.875 0.029947916666666668 0.029947916666666668
0 0.2766927083333333 0.76171875 0.037760416666666664 0.040364583333333336
0 0.07421875 0.556640625 0.037760416666666664 0.040364583333333336
0 0.2662760416666667 0.16861979166666666 0.033854166666666664 0.033854166666666664
0 0.9368489583333334 0.8125 0.036458333333333336 0.036458333333333336
0 0.009765625 0.3470052083333333 0.01953125 0.040364583333333336
0 0.10546875 0.64453125 0.041666666666666664 0.045572916666666664
0 0.3678385416666667 0.8990885416666666 0.040364583333333336 0.044270833333333336
0 0.3912760416666667 0.767578125 0.032552083333333336 0.032552083333333336
0 0.9479166666666666 0.9375 0.03125 0.029947916666666668
0 0.4095052083333333 0.9147135416666666 0.032552083333333336 0.032552083333333336
0 0.14127604166666666 0.2981770833333333 0.045572916666666664 0.049479166666666664
0 0.990234375 0.4485677083333333 0.01953125 0.053385416666666664
0 0.5709635416666666 0.9420572916666666 0.055989583333333336 0.053385416666666664
0 0.3404947916666667 0.24088541666666666 0.040364583333333336 0.03515625
0 0.5670572916666666 0.059895833333333336 0.022135416666666668 0.020833333333333332
0 0.3216145833333333 0.11979166666666667 0.052083333333333336 0.053385416666666664
0 0.9837239583333334 0.9811197916666666 0.032552083333333336 0.037760416666666664
0 0.19205729166666666 0.5403645833333334 0.05078125 0.0546875
0 0.6608072916666666 0.040364583333333336 0.022135416666666668 0.026041666666666668
0 0.8463541666666666 0.026041666666666668 0.06510416666666667 0.052083333333333336