0 0.18684895833333334 0.68359375 0.014322916666666666 0.020833333333333332
0 0.17057291666666666 0.4602864583333333 0.06510416666666667 0.07161458333333333
0 0.3977864583333333 0.6126302083333334 0.032552083333333336 0.02734375
0 0.4954427083333333 0.7252604166666666 0.01953125 0.0234375
0 0.22721354166666666 0.9407552083333334 0.022135416666666668 0.024739583333333332
0 0.11002604166666667 0.869140625 0.016927083333333332 0.022135416666666668
0 0.4817708333333333 0.7942708333333334 0.0546875 0.0546875
0 0.6438802083333334 0.82421875 0.06901041666666667 0.078125
0 0.609375 0.8079427083333334 0.018229166666666668 0.01953125
0 0.7141927083333334 0.8235677083333334 0.016927083333333332 0.01953125
0 0.2825520833333333 0.634765625 0.1796875 0.20963541666666666
0 0.4095052083333333 0.640625 0.024739583333333332 0.026041666666666668
0 0.322265625 0.4895833333333333 0.016927083333333332 0.015625
0 0.3776041666666667 0.482421875 0.018229166666666668 0.016927083333333332
0 0.5162760416666666 0.4791666666666667 0.040364583333333336 0.0390625
0 0.4596354166666667 0.17838541666666666 0.026041666666666668 0.0234375
0 0.7154947916666666 0.4055989583333333 0.022135416666666668 0.024739583333333332
0 0.8248697916666666 0.4947916666666667 0.022135416666666668 0.0234375
0 0.9270833333333334 0.78515625 0.020833333333333332 0.0234375
0 0.8541666666666666 0.3131510416666667 0.020833333333333332 0.01953125
0 0.9453125 0.3684895833333333 0.03125 0.026041666666666668
0 0.93359375 0.20638020833333334 0.028645833333333332 0.032552083333333336
0 0.9244791666666666 0.103515625 0.041666666666666664 0.048177083333333336
0 0.044921875 0.21549479166666666 0.08203125 0.13671875
0 0.546875 0.19986979166666666 0.018229166666666668 0.016927083333333332
0 0.8958333333333334 0.026692708333333332 0.020833333333333332 0.016927083333333332
0 0.9563802083333334 0.3268229166666667 0.022135416666666668 0.026041666666666668
0 0.240234375 0.22005208333333334 0.016927083333333332 0.015625
0 0.053385416666666664 0.47265625 0.020833333333333332 0.020833333333333332
0 0.06705729166666667 0.8626302083333334 0.014322916666666666 0.01953125
0 0.07942708333333333 0.8619791666666666 0.013020833333333334 0.015625
0 0.09244791666666667 0.8665364583333334 0.015625 0.01953125
0 0.10677083333333333 0.8365885416666666 0.015625 0.01953125
0 0.12044270833333333 0.80859375 0.009114583333333334 0.010416666666666666
0 0.06510416666666667 0.654296875 0.013020833333333334 0.01171875
0 0.2838541666666667 0.3274739583333333 0.013020833333333334 0.01171875
0 0.30859375 0.8665364583333334 0.013020833333333334 0.014322916666666666
0 0.6087239583333334 0.3899739583333333 0.016927083333333332 0.01953125
0 0.5794270833333334 0.3854166666666667 0.015625 0.018229166666666668
0 0.697265625 0.2799479166666667 0.055989583333333336 0.059895833333333336
0 0.5677083333333334 0.095703125 0.015625 0.01953125
0 0.388671875 0.08463541666666667 0.016927083333333332 0.015625
0 0.43359375 0.2981770833333333 0.015625 0.015625
0 0.008463541666666666 0.028645833333333332 0.014322916666666666 0.0234375
0 0.9798177083333334 0.028645833333333332 0.014322916666666666 0.015625