0 0.09505208333333333 0.6145833333333334 0.026041666666666668 0.028645833333333332
0 0.634765625 0.6184895833333334 0.048177083333333336 0.059895833333333336
0 0.6061197916666666 0.9661458333333334 0.01953125 0.0234375
0 0.6438802083333334 0.833984375 0.07421875 0.07161458333333333
0 0.7037760416666666 0.875 0.032552083333333336 0.026041666666666668
0 0.16731770833333334 0.3776041666666667 0.02734375 0.020833333333333332
0 0.3880208333333333 0.17252604166666666 0.052083333333333336 0.05078125
0 0.2903645833333333 0.11458333333333333 0.026041666666666668 0.026041666666666668
0 0.5084635416666666 0.708984375 0.01953125 0.022135416666666668
0 0.2903645833333333 0.7845052083333334 0.1953125 0.18359375
0 0.287109375 0.9205729166666666 0.07161458333333333 0.0546875
0 0.5162760416666666 0.9759114583333334 0.08463541666666667 0.045572916666666664
0 0.6731770833333334 0.3326822916666667 0.036458333333333336 0.01953125
0 0.6549479166666666 0.10481770833333333 0.052083333333333336 0.05859375
0 0.8561197916666666 0.06901041666666667 0.07421875 0.078125
0 0.833984375 0.6087239583333334 0.032552083333333336 0.037760416666666664
0 0.962890625 0.4954427083333333 0.022135416666666668 0.01953125
0 0.6360677083333334 0.396484375 0.014322916666666666 0.016927083333333332
0 0.9075520833333334 0.18619791666666666 0.015625 0.026041666666666668
0 0.8098958333333334 0.20182291666666666 0.015625 0.020833333333333332
0 0.8567708333333334 0.19921875 0.013020833333333334 0.013020833333333334
0 0.974609375 0.8040364583333334 0.040364583333333336 0.053385416666666664
0 0.271484375 0.517578125 0.014322916666666666 0.014322916666666666
0 0.287109375 0.23111979166666666 0.18880208333333334 0.18359375
0 0.3313802083333333 0.21223958333333334 0.016927083333333332 0.013020833333333334
0 0.486328125 0.3815104166666667 0.014322916666666666 0.013020833333333334
0 0.8567708333333334 0.24739583333333334 0.013020833333333334 0.018229166666666668
0 0.375 0.6848958333333334 0.18229166666666666 0.20833333333333334
0 0.90234375 0.46875 0.013020833333333334 0.020833333333333332
0 0.78515625 0.7415364583333334 0.013020833333333334 0.009114583333333334
0 0.927734375 0.037760416666666664 0.016927083333333332 0.018229166666666668
0 0.8626302083333334 0.9479166666666666 0.01171875 0.018229166666666668
0 0.6888020833333334 0.9602864583333334 0.015625 0.01171875
0 0.038411458333333336 0.7102864583333334 0.014322916666666666 0.016927083333333332
0 0.041666666666666664 0.638671875 0.013020833333333334 0.016927083333333332
0 0.5221354166666666 0.703125 0.125 0.140625
0 0.16145833333333334 0.10677083333333333 0.020833333333333332 0.018229166666666668
0 0.5286458333333334 0.3704427083333333 0.020833333333333332 0.01953125