0 0.4244791666666667 0.07552083333333333 0.0234375 0.026041666666666668
0 0.5709635416666666 0.2610677083333333 0.022135416666666668 0.01953125
0 0.8984375 0.14322916666666666 0.06510416666666667 0.049479166666666664
0 0.5930989583333334 0.66015625 0.06380208333333333 0.06770833333333333
0 0.9615885416666666 0.6373697916666666 0.061197916666666664 0.06901041666666667
0 0.9342447916666666 0.4212239583333333 0.01953125 0.024739583333333332
0 0.10872395833333333 0.962890625 0.12109375 0.07421875
0 0.09375 0.16276041666666666 0.018229166666666668 0.020833333333333332
0 0.50390625 0.5078125 0.015625 0.013020833333333334
0 0.4557291666666667 0.5006510416666666 0.018229166666666668 0.01171875
0 0.88671875 0.3268229166666667 0.013020833333333334 0.015625
0 0.865234375 0.8229166666666666 0.014322916666666666 0.015625
0 0.9440104166666666 0.8313802083333334 0.018229166666666668 0.014322916666666666
0 0.55078125 0.3984375 0.015625 0.015625
0 0.4765625 0.19856770833333334 0.015625 0.014322916666666666
0 0.13736979166666666 0.8444010416666666 0.014322916666666666 0.01171875