0 0.7669270833333334 0.17708333333333334 0.0546875 0.057291666666666664
0 0.9173177083333334 0.5338541666666666 0.04296875 0.044270833333333336
0 0.9889322916666666 0.013020833333333334 0.014322916666666666 0.015625
0 0.6647135416666666 0.042317708333333336 0.016927083333333332 0.01953125
0 0.6458333333333334 0.0390625 0.018229166666666668 0.020833333333333332
0 0.5579427083333334 0.07421875 0.01171875 0.013020833333333334
0 0.482421875 0.07877604166666667 0.01171875 0.016927083333333332
0 0.5611979166666666 0.388671875 0.018229166666666668 0.01953125
0 0.80078125 0.4108072916666667 0.013020833333333334 0.016927083333333332
0 0.7434895833333334 0.4928385416666667 0.013020833333333334 0.01171875
0 0.68359375 0.6302083333333334 0.013020833333333334 0.013020833333333334
0 0.9466145833333334 0.8053385416666666 0.015625 0.016927083333333332
0 0.916015625 0.8138020833333334 0.029947916666666668 0.028645833333333332
0 0.7916666666666666 0.775390625 0.013020833333333334 0.01953125
0 0.7252604166666666 0.6477864583333334 0.1640625 0.17578125
0 0.7298177083333334 0.490234375 0.12890625 0.13411458333333334
0 0.6529947916666666 0.9485677083333334 0.024739583333333332 0.02734375
0 0.57421875 0.75 0.015625 0.018229166666666668
0 0.5540364583333334 0.7408854166666666 0.014322916666666666 0.018229166666666668
0 0.3020833333333333 0.857421875 0.0546875 0.05859375
0 0.271484375 0.8893229166666666 0.01953125 0.013020833333333334
0 0.3001302083333333 0.7936197916666666 0.01953125 0.022135416666666668
0 0.2799479166666667 0.7109375 0.015625 0.015625
0 0.061197916666666664 0.3326822916666667 0.026041666666666668 0.029947916666666668
0 0.18294270833333334 0.07682291666666667 0.045572916666666664 0.049479166666666664
0 0.10481770833333333 0.662109375 0.05859375 0.06380208333333333
0 0.10546875 0.5143229166666666 0.20833333333333334 0.23958333333333334
0 0.9322916666666666 0.3040364583333333 0.013020833333333334 0.014322916666666666
0 0.2701822916666667 0.6399739583333334 0.01171875 0.014322916666666666
0 0.3697916666666667 0.4544270833333333 0.010416666666666666 0.013020833333333334
0 0.10807291666666667 0.8600260416666666 0.013020833333333334 0.01953125
0 0.171875 0.3365885416666667 0.140625 0.12630208333333334
0 0.94921875 0.17317708333333334 0.09895833333333333 0.16666666666666666
0 0.7740885416666666 0.4036458333333333 0.009114583333333334 0.010416666666666666
0 0.599609375 0.24283854166666666 0.01171875 0.01171875
0 0.2109375 0.7272135416666666 0.010416666666666666 0.01171875