0 0.6549479166666666 0.025390625 0.028645833333333332 0.022135416666666668
0 0.6256510416666666 0.030598958333333332 0.032552083333333336 0.032552083333333336
0 0.5442708333333334 0.008463541666666666 0.0234375 0.014322916666666666
0 0.4303385416666667 0.423828125 0.029947916666666668 0.032552083333333336
0 0.6510416666666666 0.505859375 0.020833333333333332 0.02734375
0 0.689453125 0.4967447916666667 0.022135416666666668 0.022135416666666668
0 0.8046875 0.4303385416666667 0.06510416666666667 0.07161458333333333
0 0.9010416666666666 0.3743489583333333 0.036458333333333336 0.03515625
0 0.9615885416666666 0.08854166666666667 0.022135416666666668 0.020833333333333332
0 0.9010416666666666 0.12434895833333333 0.013020833333333334 0.014322916666666666
0 0.5319010416666666 0.7135416666666666 0.032552083333333336 0.0390625
0 0.8639322916666666 0.9583333333333334 0.10286458333333333 0.08333333333333333
0 0.8567708333333334 0.8040364583333334 0.026041666666666668 0.024739583333333332
0 0.8671875 0.7760416666666666 0.018229166666666668 0.020833333333333332
0 0.6536458333333334 0.8990885416666666 0.015625 0.01953125
0 0.62109375 0.8665364583333334 0.026041666666666668 0.01953125
0 0.638671875 0.9485677083333334 0.01953125 0.024739583333333332
0 0.23763020833333334 0.9446614583333334 0.02734375 0.029947916666666668
0 0.20768229166666666 0.9095052083333334 0.022135416666666668 0.02734375
0 0.19205729166666666 0.76953125 0.02734375 0.044270833333333336
0 0.2890625 0.53125 0.09375 0.10416666666666667
0 0.13671875 0.14713541666666666 0.21875 0.25
0 0.2903645833333333 0.3053385416666667 0.10416666666666667 0.11328125
0 0.11653645833333333 0.6614583333333334 0.022135416666666668 0.013020833333333334
0 0.146484375 0.9036458333333334 0.022135416666666668 0.020833333333333332
0 0.12369791666666667 0.4446614583333333 0.020833333333333332 0.016927083333333332
0 0.8203125 0.1796875 0.15104166666666666 0.15625
0 0.546875 0.2890625 0.015625 0.015625
0 0.057291666666666664 0.8248697916666666 0.020833333333333332 0.01953125
0 0.044270833333333336 0.7473958333333334 0.020833333333333332 0.018229166666666668
0 0.047526041666666664 0.6985677083333334 0.016927083333333332 0.022135416666666668
0 0.038411458333333336 0.9778645833333334 0.022135416666666668 0.020833333333333332
0 0.22330729166666666 0.478515625 0.014322916666666666 0.016927083333333332
0 0.15950520833333334 0.5755208333333334 0.01171875 0.015625
0 0.7701822916666666 0.8919270833333334 0.016927083333333332 0.018229166666666668
0 0.6360677083333334 0.4993489583333333 0.016927083333333332 0.01953125
0 0.212890625 0.5592447916666666 0.014322916666666666 0.014322916666666666