0 0.3196614583333333 0.2740885416666667 0.045572916666666664 0.045572916666666664
0 0.5045572916666666 0.9088541666666666 0.048177083333333336 0.052083333333333336
0 0.5234375 0.2955729166666667 0.049479166666666664 0.049479166666666664
0 0.091796875 0.947265625 0.08463541666666667 0.09244791666666667
0 0.7565104166666666 0.0703125 0.033854166666666664 0.03125
0 0.4524739583333333 0.4322916666666667 0.03515625 0.028645833333333332
0 0.443359375 0.2955729166666667 0.01953125 0.0234375
0 0.3782552083333333 0.9635416666666666 0.01953125 0.018229166666666668
0 0.15755208333333334 0.20833333333333334 0.020833333333333332 0.018229166666666668
0 0.736328125 0.12434895833333333 0.01953125 0.01953125
0 0.21549479166666666 0.3639322916666667 0.01953125 0.022135416666666668
0 0.7102864583333334 0.3430989583333333 0.01953125 0.01953125
0 0.083984375 0.720703125 0.055989583333333336 0.05859375
0 0.685546875 0.736328125 0.01953125 0.01953125
0 0.73828125 0.8424479166666666 0.0234375 0.0234375
0 0.12434895833333333 0.8196614583333334 0.01953125 0.01953125
0 0.09244791666666667 0.400390625 0.015625 0.01953125
0 0.19791666666666666 0.333984375 0.018229166666666668 0.01953125
0 0.5520833333333334 0.470703125 0.015625 0.016927083333333332
0 0.8639322916666666 0.4973958333333333 0.01953125 0.020833333333333332
0 0.9127604166666666 0.9290364583333334 0.015625 0.01171875
0 0.984375 0.16536458333333334 0.015625 0.020833333333333332
0 0.884765625 0.2506510416666667 0.014322916666666666 0.01171875
0 0.7682291666666666 0.21223958333333334 0.020833333333333332 0.018229166666666668
0 0.4010416666666667 0.5032552083333334 0.015625 0.016927083333333332
0 0.279296875 0.17578125 0.016927083333333332 0.018229166666666668
0 0.19986979166666666 0.2981770833333333 0.014322916666666666 0.015625