0 0.8522135416666666 0.5774739583333334 0.048177083333333336 0.048177083333333336
0 0.947265625 0.57421875 0.022135416666666668 0.020833333333333332
0 0.13736979166666666 0.7421875 0.016927083333333332 0.018229166666666668
0 0.849609375 0.783203125 0.040364583333333336 0.037760416666666664
0 0.7063802083333334 0.6848958333333334 0.016927083333333332 0.018229166666666668
0 0.5807291666666666 0.9166666666666666 0.020833333333333332 0.020833333333333332
0 0.8274739583333334 0.9283854166666666 0.01953125 0.018229166666666668
0 0.8190104166666666 0.982421875 0.018229166666666668 0.014322916666666666
0 0.7376302083333334 0.7513020833333334 0.016927083333333332 0.018229166666666668
0 0.8873697916666666 0.677734375 0.01171875 0.01171875
0 0.7708333333333334 0.9765625 0.018229166666666668 0.018229166666666668
0 0.9479166666666666 0.3430989583333333 0.010416666666666666 0.01171875
0 0.779296875 0.7643229166666666 0.009114583333333334 0.013020833333333334
0 0.8561197916666666 0.6803385416666666 0.01171875 0.01171875