0 0.8912760416666666 0.2610677083333333 0.12109375 0.12369791666666667
0 0.7825520833333334 0.24674479166666666 0.013020833333333334 0.014322916666666666
0 0.8092447916666666 0.013020833333333334 0.029947916666666668 0.0234375
0 0.7649739583333334 0.10807291666666667 0.01953125 0.0234375
0 0.6966145833333334 0.4303385416666667 0.0234375 0.024739583333333332
0 0.7408854166666666 0.11588541666666667 0.018229166666666668 0.018229166666666668
0 0.9407552083333334 0.6920572916666666 0.040364583333333336 0.04296875
0 0.5286458333333334 0.51171875 0.033854166666666664 0.036458333333333336
0 0.8990885416666666 0.9563802083333334 0.05859375 0.048177083333333336
0 0.4381510416666667 0.560546875 0.029947916666666668 0.029947916666666668
0 0.3821614583333333 0.5442708333333334 0.024739583333333332 0.026041666666666668
0 0.17643229166666666 0.2994791666666667 0.045572916666666664 0.046875
0 0.3444010416666667 0.130859375 0.07421875 0.08463541666666667
0 0.5 0.033203125 0.057291666666666664 0.05859375
0 0.3639322916666667 0.755859375 0.11328125 0.13671875
0 0.19270833333333334 0.5625 0.06510416666666667 0.049479166666666664
0 0.17838541666666666 0.6940104166666666 0.2109375 0.20833333333333334
0 0.22005208333333334 0.8483072916666666 0.0234375 0.024739583333333332
0 0.6861979166666666 0.8177083333333334 0.0234375 0.026041666666666668
0 0.8059895833333334 0.8294270833333334 0.078125 0.08072916666666667
0 0.828125 0.9251302083333334 0.018229166666666668 0.01953125
0 0.6888020833333334 0.6009114583333334 0.015625 0.016927083333333332
0 0.5540364583333334 0.8209635416666666 0.01953125 0.01953125
0 0.6080729166666666 0.7571614583333334 0.015625 0.016927083333333332
0 0.5358072916666666 0.6744791666666666 0.016927083333333332 0.015625
0 0.228515625 0.4296875 0.022135416666666668 0.020833333333333332
0 0.5260416666666666 0.27734375 0.13541666666666666 0.15625
0 0.408203125 0.3352864583333333 0.014322916666666666 0.014322916666666666
0 0.884765625 0.15755208333333334 0.01171875 0.010416666666666666
0 0.05078125 0.6119791666666666 0.015625 0.015625
0 0.4915364583333333 0.029296875 0.014322916666666666 0.014322916666666666
0 0.9928385416666666 0.025390625 0.01171875 0.029947916666666668
0 0.8268229166666666 0.361328125 0.013020833333333334 0.014322916666666666
0 0.8483072916666666 0.3548177083333333 0.01171875 0.01171875
0 0.8548177083333334 0.5572916666666666 0.01171875 0.013020833333333334
0 0.4368489583333333 0.0078125 0.03515625 0.013020833333333334
0 0.21940104166666666 0.56640625 0.01171875 0.015625
0 0.068359375 0.123046875 0.01171875 0.01171875
0 0.054036458333333336 0.369140625 0.01171875 0.014322916666666666
0 0.13541666666666666 0.07096354166666667 0.010416666666666666 0.01171875
0 0.08138020833333333 0.6204427083333334 0.014322916666666666 0.014322916666666666
0 0.130859375 0.708984375 0.014322916666666666 0.01171875
0 0.138671875 0.646484375 0.01171875 0.01171875
0 0.3177083333333333 0.6126302083333334 0.010416666666666666 0.014322916666666666
0 0.3678385416666667 0.4225260416666667 0.01171875 0.01171875
0 0.43359375 0.205078125 0.010416666666666666 0.01171875
0 0.4225260416666667 0.23046875 0.01171875 0.013020833333333334
0 0.607421875 0.05078125 0.01171875 0.013020833333333334
0 0.7330729166666666 0.012369791666666666 0.013020833333333334 0.016927083333333332
0 0.8873697916666666 0.22395833333333334 0.01171875 0.013020833333333334
0 0.923828125 0.3229166666666667 0.01171875 0.013020833333333334
0 0.8802083333333334 0.3736979166666667 0.010416666666666666 0.013020833333333334
0 0.9427083333333334 0.552734375 0.013020833333333334 0.016927083333333332
0 0.9095052083333334 0.7044270833333334 0.014322916666666666 0.015625
0 0.1484375 0.3626302083333333 0.013020833333333334 0.014322916666666666
0 0.10221354166666667 0.271484375 0.01171875 0.01171875
0 0.08333333333333333 0.84375 0.013020833333333334 0.013020833333333334