0 0.462890625 0.19205729166666666 0.009114583333333334 0.009114583333333334
0 0.5026041666666666 0.615234375 0.010416666666666666 0.010416666666666666
0 0.2669270833333333 0.6256510416666666 0.010416666666666666 0.010416666666666666
0 0.5266927083333334 0.022786458333333332 0.009114583333333334 0.009114583333333334
0 0.4303385416666667 0.3977864583333333 0.009114583333333334 0.009114583333333334
0 0.4778645833333333 0.162109375 0.013020833333333334 0.014322916666666666
0 0.501953125 0.4765625 0.009114583333333334 0.009114583333333334
0 0.5091145833333334 0.85546875 0.0078125 0.0078125
0 0.23177083333333334 0.837890625 0.0078125 0.009114583333333334
0 0.5221354166666666 0.7962239583333334 0.0078125 0.0078125
0 0.3346354166666667 0.7662760416666666 0.0078125 0.0078125
0 0.765625 0.6705729166666666 0.010416666666666666 0.010416666666666666
0 0.3033854166666667 0.8684895833333334 0.0078125 0.0078125
0 0.3548177083333333 0.44921875 0.014322916666666666 0.014322916666666666
0 0.4114583333333333 0.8606770833333334 0.0078125 0.0078125
0 0.3561197916666667 0.6634114583333334 0.015625 0.016927083333333332
0 0.736328125 0.7278645833333334 0.015625 0.015625
0 0.107421875 0.3912760416666667 0.01171875 0.010416666666666666
0 0.5234375 0.166015625 0.0078125 0.009114583333333334
0 0.15234375 0.681640625 0.0078125 0.0078125
0 0.3763020833333333 0.9010416666666666 0.006510416666666667 0.0078125
0 0.11067708333333333 0.2903645833333333 0.01171875 0.010416666666666666
0 0.23177083333333334 0.057942708333333336 0.013020833333333334 0.01171875
0 0.2265625 0.07486979166666667 0.009114583333333334 0.009114583333333334
0 0.7057291666666666 0.9251302083333334 0.01171875 0.014322916666666666
0 0.5319010416666666 0.9811197916666666 0.0078125 0.009114583333333334
0 0.22916666666666666 0.9283854166666666 0.009114583333333334 0.0078125
0 0.4856770833333333 0.6861979166666666 0.016927083333333332 0.018229166666666668
0 0.12630208333333334 0.7408854166666666 0.0078125 0.0078125
0 0.857421875 0.6770833333333334 0.009114583333333334 0.009114583333333334
0 0.6484375 0.8059895833333334 0.0078125 0.0078125
0 0.13151041666666666 0.9088541666666666 0.013020833333333334 0.013020833333333334
0 0.640625 0.6080729166666666 0.009114583333333334 0.0078125
0 0.08528645833333333 0.2552083333333333 0.013020833333333334 0.013020833333333334
0 0.06705729166666667 0.050130208333333336 0.014322916666666666 0.013020833333333334