0 0.4309895833333333 0.10026041666666667 0.041666666666666664 0.0546875
0 0.609375 0.11783854166666667 0.044270833333333336 0.045572916666666664
0 0.7779947916666666 0.583984375 0.05859375 0.053385416666666664
0 0.8509114583333334 0.3118489583333333 0.032552083333333336 0.029947916666666668
0 0.21158854166666666 0.4563802083333333 0.032552083333333336 0.01953125
0 0.314453125 0.359375 0.02734375 0.020833333333333332
0 0.2864583333333333 0.513671875 0.026041666666666668 0.022135416666666668
0 0.2649739583333333 0.560546875 0.032552083333333336 0.032552083333333336
0 0.7200520833333334 0.720703125 0.03125 0.024739583333333332
0 0.9244791666666666 0.875 0.026041666666666668 0.0234375
0 0.107421875 0.7819010416666666 0.01953125 0.01953125
0 0.06640625 0.9674479166666666 0.0234375 0.026041666666666668
0 0.3880208333333333 0.4244791666666667 0.015625 0.015625
0 0.9225260416666666 0.76171875 0.15494791666666666 0.20052083333333334
0 0.4127604166666667 0.9778645833333334 0.109375 0.044270833333333336
0 0.5161197916666667 0.9096744791666667 0.016458333333333314 0.015598958333333357
0 0.6098697916666667 0.390625 0.016979166666666618 0.015833333333333293
0 0.5712890625 0.470703125 0.017109374999999982 0.015898437500000046
0 0.021861979166666667 0.5576171875 0.01583333333333333 0.01484374999999997
0 0.810546875 0.42162760416666667 0.011966145833333405 0.011289062499999947
0 0.41479166666666667 0.42455729166666667 0.012291666666666737 0.011875000000000005
0 0.21533854166666666 0.45825520833333333 0.021575520833333323 0.0204166666666666
0 0.19165364583333333 0.6171875 0.017109374999999982 0.016276041666666668
0 0.6713932291666667 0.5278385416666667 0.03125 0.02988281250000006
0 0.869140625 0.6337890625 0.010898437499999858 0.010611979166666638
0 0.33740885416666666 0.29662760416666667 0.011249999999999982 0.011158854166666657
0 0.685546875 0.1502734375 0.011419270833333309 0.01095052083333333
0 0.2509765625 0.45337239583333333 0.011510416666666634 0.011249999999999982
0 0.5053776041666667 0.39795572916666666 0.009895833333333362 0.009973958333333291
0 0.27075520833333333 0.14380208333333333 0.009453124999999988 0.009166666666666656
0 0.9106510416666667 0.18908854166666667 0.009335937500000094 0.009166666666666693
0 0.6821354166666667 0.42162760416666667 0.011328125000000059 0.010859375000000041
0 0.890625 0.168828125 0.009778645833333321 0.00927083333333334
0 0.537109375 0.22924479166666667 0.01182291666666672 0.011197916666666696
0 0.13721354166666666 0.28393229166666667 0.011067708333333334 0.010781249999999964
0 0.06268229166666667 0.6567447916666667 0.010052083333333331 0.009856770833333398
0 0.22510416666666666 0.09856770833333334 0.009895833333333362 0.009192708333333336