0 0.6901953125000001 0.254453125 0.017044270833333226 0.015598958333333357
0 0.7390364583333334 0.32252604166666665 0.013307291666666702 0.013098958333333336
0 0.6761328125 0.08455729166666666 0.01601562499999994 0.01589843750000001
0 0.7249739583333333 0.047929687500000005 0.01710937500000013 0.01584635416666667
0 0.7516145833333333 0.1652734375 0.014205729166666773 0.013619791666666659
0 0.742734375 0.20559895833333333 0.014101562499999906 0.013098958333333336
0 0.7175781250000001 0.13529947916666665 0.01493489583333337 0.014609374999999999
0 0.22914062500000001 0.963046875 0.014427083333333313 0.014544270833333428
0 0.6147135416666667 0.33140624999999996 0.01678385416666665 0.01730468749999999
0 0.33015625 0.9837630208333333 0.017643229166666646 0.01691406250000001
0 0.7901041666666666 0.0883984375 0.014999999999999977 0.015234374999999994
0 0.9640104166666666 0.6540755208333333 0.017851562500000046 0.016848958333333403
0 0.6983333333333334 0.5963541666666666 0.015768229166666536 0.015416666666666709
0 0.7122395833333334 0.00390625 0.013020833333333334 0.0078125
0 0.8559635416666667 0.6833072916666666 0.01876302083333344 0.017916666666666654
0 0.5207161458333333 0.9830208333333333 0.01717447916666674 0.01553385416666675
0 0.4604036458333334 0.9578645833333334 0.0205989583333334 0.02003906250000013
0 0.7630208333333334 0.0026041666666666665 0.015625 0.005208333333333333
0 0.6176692708333333 0.30865885416666666 0.013932291666666726 0.01372395833333336
0 0.9173828125 0.8009765624999999 0.014153645833333192 0.013255208333333416
0 0.689453125 0.030924479166666668 0.017851562500000046 0.01584635416666667
0 0.6650260416666667 0.17665364583333332 0.017513020833333393 0.01684895833333333
0 0.005859375 0.9674479166666666 0.01171875 0.015625
0 0.6850130208333334 0.4302083333333333 0.012135416666666584 0.011796874999999929
0 0.9129427083333334 0.7654557291666667 0.01876302083333344 0.01778645833333344
0 0.6317317708333333 0.7587890625 0.024765624999999975 0.023554687499999893
0 0.7797395833333334 0.18339843749999998 0.018841145833333368 0.016210937499999984
0 0.7671614583333333 0.8794140625 0.013619791666666714 0.012955729166666726
0 0.7982421875 0.6611067708333334 0.022486979166666643 0.021393229166666677
0 0.8581901041666667 0.038033854166666665 0.03093749999999999 0.024947916666666663
0 0.7738151041666667 0.9815494791666667 0.01427083333333338 0.014609375000000036
0 0.40119791666666665 0.93640625 0.013515624999999995 0.012994791666666691
0 0.6953776041666666 0.7521354166666666 0.023294270833333464 0.022486979166666643
0 0.30536458333333333 0.9586067708333333 0.01361979166666664 0.013932291666666726
0 0.7575390624999999 0.5941276041666667 0.018203125000000025 0.019062499999999982
0 0.994140625 0.059895833333333336 0.01171875 0.0234375
0 0.029140624999999993 0.9356640625 0.018541666666666668 0.01805989583333319
0 0.32645833333333335 0.8845963541666667 0.012356770833333345 0.011835937499999893
0 0.5621614583333333 0.9549088541666667 0.01914062500000006 0.017851562500000046
0 0.7508723958333333 0.8335416666666666 0.03057291666666669 0.029999999999999954
0 0.6428255208333334 0.09432291666666666 0.014726562499999929 0.014049479166666656
0 0.8160026041666667 0.24260416666666665 0.012955729166666726 0.013932291666666652
0 0.6953776041666666 0.49200520833333333 0.011393229166666666 0.011575520833333316
0 0.7479166666666667 0.034023437499999996 0.01584635416666676 0.014322916666666666
0 0.6569000416666666 0.9290364583333334 0.15494791666666666 0.14192708333333334
0 0.5910286458333333 0.9889453125 0.01936197916666667 0.01847656250000007
0 0.8581901041666667 0.9393619791666666 0.01833333333333324 0.01863281249999993
0 0.1962109375 0.9608203125 0.015234374999999986 0.014374999999999952
0 0.8441276041666667 0.31864583333333335 0.023815104166666618 0.02410156249999999
0 0.9721484375 0.6918229166666667 0.03093749999999999 0.028932291666666703
0 0.9915364583333334 0.5651041666666666 0.016927083333333332 0.018229166666666668
0 0.7760416666666666 0.7691536458333333 0.02364583333333344 0.023020833333333417
0 0.4052734375 0.9541666666666666 0.015234375000000059 0.014427083333333238
0 0.8330208333333333 0.7543489583333334 0.03177083333333345 0.0343619791666668
0 0.3645703125 0.8690625000000001 0.013932291666666726 0.013411458333333274
0 0.838203125 0.9334375 0.017578125 0.017578125
0 0.9856770833333334 0.8587239583333334 0.028645833333333332 0.07061458333333333