0 0.6438802083333334 0.4798177083333333 0.08723958333333333 0.07942708333333333
0 0.23893229166666666 0.5455729166666666 0.13411458333333334 0.13020833333333334
0 0.08723958333333333 0.4622395833333333 0.026041666666666668 0.020833333333333332
0 0.140625 0.3424479166666667 0.020833333333333332 0.026041666666666668
0 0.21614583333333334 0.3470052083333333 0.020833333333333332 0.01953125
0 0.5553385416666666 0.6686197916666666 0.02734375 0.022135416666666668
0 0.08919270833333333 0.7688802083333334 0.022135416666666668 0.01953125
0 0.3450520833333333 0.6490885416666666 0.026041666666666668 0.024739583333333332
0 0.08203125 0.6002604166666666 0.018229166666666668 0.018229166666666668
0 0.3138020833333333 0.18098958333333334 0.09114583333333333 0.0703125
0 0.2890625 0.2532552083333333 0.08854166666666667 0.06901041666666667
0 0.7037760416666666 0.6171875 0.02734375 0.020833333333333332
0 0.693359375 0.7884114583333334 0.01953125 0.01953125
0 0.5950520833333334 0.7174479166666666 0.041666666666666664 0.036458333333333336
0 0.6106770833333334 0.8235677083333334 0.057291666666666664 0.048177083333333336
0 0.7552083333333334 0.873046875 0.09114583333333333 0.07161458333333333
0 0.5696614583333334 0.9752604166666666 0.032552083333333336 0.026041666666666668
0 0.873046875 0.9381510416666666 0.05078125 0.045572916666666664
0 0.857421875 0.0234375 0.029947916666666668 0.026041666666666668
0 0.89453125 0.044921875 0.018229166666666668 0.016927083333333332
0 0.8776041666666666 0.20572916666666666 0.018229166666666668 0.015625
0 0.3470052083333333 0.068359375 0.014322916666666666 0.016927083333333332
0 0.22265625 0.040364583333333336 0.015625 0.018229166666666668
0 0.9453125 0.5546875 0.0390625 0.033854166666666664
0 0.8118489583333334 0.2727864583333333 0.016927083333333332 0.016927083333333332
0 0.7578125 0.5533854166666666 0.018229166666666668 0.015625
0 0.8893229166666666 0.4134114583333333 0.018229166666666668 0.016927083333333332
0 0.84765625 0.4967447916666667 0.018229166666666668 0.016927083333333332
0 0.837890625 0.4720052083333333 0.01953125 0.014322916666666666
0 0.4049479166666667 0.8072916666666666 0.0234375 0.020833333333333332
0 0.5657552083333334 0.2845052083333333 0.029947916666666668 0.032552083333333336
0 0.3932291666666667 0.3203125 0.2994791666666667 0.2838541666666667
0 0.734375 0.09309895833333333 0.015625 0.014322916666666666
0 0.8352864583333334 0.7083333333333334 0.053385416666666664 0.052083333333333336
0 0.7825520833333334 0.9720052083333334 0.0234375 0.022135416666666668
0 0.095703125 0.15950520833333334 0.016927083333333332 0.014322916666666666
0 0.028645833333333332 0.12044270833333333 0.015625 0.014322916666666666
0 0.038411458333333336 0.15559895833333334 0.014322916666666666 0.01171875
0 0.22330729166666666 0.146484375 0.014322916666666666 0.014322916666666666
0 0.23372395833333334 0.21809895833333334 0.01171875 0.01171875
0 0.7096354166666666 0.006510416666666667 0.013020833333333334 0.0078125
0 0.58203125 0.443359375 0.026041666666666668 0.024739583333333332
0 0.7037760416666666 0.4876302083333333 0.014322916666666666 0.014322916666666666
0 0.8528645833333334 0.4622395833333333 0.020833333333333332 0.015625
0 0.359375 0.5944010416666666 0.010416666666666666 0.01171875
0 0.7858072916666666 0.97265625 0.10807291666666667 0.0546875
0 0.8932291666666666 0.9921875 0.044270833333333336 0.015625
0 0.8990885416666666 0.6705729166666666 0.014322916666666666 0.013020833333333334