0 0.0234375 0.6516927083333334 0.044270833333333336 0.05078125
0 0.4524739583333333 0.7962239583333334 0.06901041666666667 0.07421875
0 0.3483072916666667 0.6009114583333334 0.022135416666666668 0.024739583333333332
0 0.248046875 0.5299479166666666 0.01953125 0.018229166666666668
0 0.359375 0.4518229166666667 0.0546875 0.059895833333333336
0 0.40625 0.3541666666666667 0.033854166666666664 0.036458333333333336
0 0.3268229166666667 0.3717447916666667 0.015625 0.016927083333333332
0 0.4108072916666667 0.912109375 0.01953125 0.01953125
0 0.3307291666666667 0.8444010416666666 0.015625 0.016927083333333332
0 0.4127604166666667 0.9856770833333334 0.018229166666666668 0.018229166666666668
0 0.6868489583333334 0.802734375 0.014322916666666666 0.016927083333333332
0 0.9153645833333334 0.4108072916666667 0.16927083333333334 0.13671875
0 0.6959635416666666 0.951171875 0.05859375 0.07682291666666667
0 0.8307291666666666 0.8821614583333334 0.020833333333333332 0.01953125
0 0.7825520833333334 0.9420572916666666 0.010416666666666666 0.01171875
0 0.947265625 0.21028645833333334 0.048177083333333336 0.055989583333333336
0 0.9615885416666666 0.3971354166666667 0.029947916666666668 0.028645833333333332
0 0.9889322916666666 0.4016927083333333 0.022135416666666668 0.037760416666666664
0 0.10416666666666667 0.3255208333333333 0.046875 0.0546875
0 0.11979166666666667 0.4596354166666667 0.14322916666666666 0.18229166666666666
0 0.2565104166666667 0.828125 0.13020833333333334 0.140625
0 0.7389322916666666 0.3854166666666667 0.014322916666666666 0.013020833333333334
0 0.28515625 0.076171875 0.013020833333333334 0.014322916666666666
0 0.90234375 0.10807291666666667 0.018229166666666668 0.015625
0 0.5677083333333334 0.9231770833333334 0.1640625 0.15104166666666666
0 0.4661458333333333 0.9270833333333334 0.013020833333333334 0.015625
0 0.6399739583333334 0.024739583333333332 0.016927083333333332 0.018229166666666668
0 0.8502604166666666 0.24934895833333334 0.013020833333333334 0.014322916666666666
0 0.9036458333333334 0.054036458333333336 0.010416666666666666 0.009114583333333334
0 0.861328125 0.0390625 0.01171875 0.010416666666666666
0 0.990234375 0.6510416666666666 0.01171875 0.013020833333333334
0 0.9537760416666666 0.9446614583333334 0.045572916666666664 0.05078125
0 0.6608072916666666 0.8984375 0.01171875 0.013020833333333334
0 0.7408854166666666 0.7421875 0.013020833333333334 0.013020833333333334
0 0.3483072916666667 0.7252604166666666 0.01171875 0.013020833333333334
0 0.15755208333333334 0.82421875 0.010416666666666666 0.010416666666666666
0 0.10286458333333333 0.7337239583333334 0.010416666666666666 0.01171875
0 0.060546875 0.9407552083333334 0.01171875 0.014322916666666666
0 0.14322916666666666 0.9485677083333334 0.010416666666666666 0.01171875
0 0.012369791666666666 0.841796875 0.009114583333333334 0.01171875
0 0.0703125 0.78515625 0.010416666666666666 0.0078125
0 0.3587239583333333 0.3893229166666667 0.01171875 0.013020833333333334
0 0.21744791666666666 0.5735677083333334 0.010416666666666666 0.009114583333333334
0 0.51953125 0.48828125 0.010416666666666666 0.013020833333333334
0 0.5234375 0.4088541666666667 0.0078125 0.0078125
0 0.513671875 0.3209635416666667 0.009114583333333334 0.01171875
0 0.65625 0.4205729166666667 0.010416666666666666 0.010416666666666666
0 0.7571614583333334 0.580078125 0.009114583333333334 0.009114583333333334
0 0.8046875 0.916015625 0.010416666666666666 0.014322916666666666
0 0.08203125 0.09244791666666667 0.0078125 0.0078125
0 0.17708333333333334 0.142578125 0.010416666666666666 0.01171875