0 0.361328125 0.169921875 0.032552083333333336 0.032552083333333336
0 0.049479166666666664 0.14973958333333334 0.020833333333333332 0.0234375
0 0.3893229166666667 0.287109375 0.036458333333333336 0.037760416666666664
0 0.2819010416666667 0.50390625 0.02734375 0.033854166666666664
0 0.01953125 0.4388020833333333 0.018229166666666668 0.018229166666666668
0 0.5540364583333334 0.390625 0.037760416666666664 0.03125
0 0.6770833333333334 0.46484375 0.0390625 0.041666666666666664
0 0.3821614583333333 0.5299479166666666 0.022135416666666668 0.020833333333333332
0 0.5651041666666666 0.5865885416666666 0.0234375 0.024739583333333332
0 0.701171875 0.263671875 0.022135416666666668 0.024739583333333332
0 0.802734375 0.16861979166666666 0.022135416666666668 0.022135416666666668
0 0.8860677083333334 0.177734375 0.029947916666666668 0.02734375
0 0.822265625 0.4733072916666667 0.02734375 0.02734375
0 0.19205729166666666 0.6451822916666666 0.045572916666666664 0.045572916666666664
0 0.126953125 0.6647135416666666 0.01953125 0.01953125
0 0.055338541666666664 0.9029947916666666 0.032552083333333336 0.02734375
0 0.3645833333333333 0.8841145833333334 0.0390625 0.052083333333333336
0 0.505859375 0.7799479166666666 0.022135416666666668 0.020833333333333332
0 0.5123697916666666 0.685546875 0.022135416666666668 0.022135416666666668
0 0.3782552083333333 0.7669270833333334 0.01953125 0.020833333333333332
0 0.400390625 0.6536458333333334 0.01953125 0.0234375
0 0.4518229166666667 0.62890625 0.018229166666666668 0.015625
0 0.3984375 0.23893229166666666 0.015625 0.01953125
0 0.8704427083333334 0.3326822916666667 0.029947916666666668 0.032552083333333336
0 0.8938802083333334 0.5546875 0.016927083333333332 0.020833333333333332
0 0.5149739583333334 0.06510416666666667 0.17057291666666666 0.12760416666666666
0 0.2701822916666667 0.037109375 0.01953125 0.014322916666666666
0 0.453125 0.19661458333333334 0.015625 0.015625
0 0.4485677083333333 0.009114583333333334 0.016927083333333332 0.015625
0 0.6145833333333334 0.15559895833333334 0.010416666666666666 0.014322916666666666
0 0.603515625 0.3522135416666667 0.014322916666666666 0.01171875
0 0.4889322916666667 0.022786458333333332 0.01171875 0.01171875
0 0.7233072916666666 0.3470052083333333 0.01171875 0.016927083333333332
0 0.6438802083333334 0.3841145833333333 0.01171875 0.013020833333333334
0 0.3209635416666667 0.525390625 0.009114583333333334 0.009114583333333334
0 0.23046875 0.4537760416666667 0.010416666666666666 0.009114583333333334
0 0.224609375 0.625 0.016927083333333332 0.018229166666666668
0 0.3873697916666667 0.62109375 0.01171875 0.013020833333333334
0 0.24934895833333334 0.9212239583333334 0.014322916666666666 0.01171875
0 0.3190104166666667 0.984375 0.013020833333333334 0.013020833333333334
0 0.86328125 0.9537760416666666 0.020833333333333332 0.016927083333333332
0 0.7018229166666666 0.9752604166666666 0.013020833333333334 0.015625
0 0.662109375 0.7760416666666666 0.009114583333333334 0.010416666666666666
0 0.7317708333333334 0.837890625 0.010416666666666666 0.009114583333333334
0 0.8046875 0.9609375 0.010416666666666666 0.010416666666666666
0 0.8404947916666666 0.9375 0.01171875 0.010416666666666666
0 0.8697916666666666 0.6236979166666666 0.010416666666666666 0.010416666666666666
0 0.8938802083333334 0.5065104166666666 0.014322916666666666 0.015625
0 0.7408854166666666 0.482421875 0.013020833333333334 0.01171875
0 0.8854166666666666 0.3893229166666667 0.013020833333333334 0.013020833333333334
0 0.91015625 0.18424479166666666 0.015625 0.014322916666666666
0 0.888671875 0.09700520833333333 0.014322916666666666 0.014322916666666666
0 0.87109375 0.07942708333333333 0.013020833333333334 0.013020833333333334
0 0.76171875 0.009114583333333334 0.026041666666666668 0.015625
0 0.9127604166666666 0.015625 0.013020833333333334 0.013020833333333334
0 0.3606770833333333 0.9576822916666666 0.013020833333333334 0.014322916666666666
0 0.611328125 0.98046875 0.01171875 0.013020833333333334
0 0.4173177083333333 0.318359375 0.009114583333333334 0.009114583333333334
0 0.20377604166666666 0.042317708333333336 0.014322916666666666 0.01171875