0 0.8463541666666666 0.52734375 0.0390625 0.052083333333333336
0 0.4544270833333333 0.18033854166666666 0.026041666666666668 0.022135416666666668
0 0.6087239583333334 0.224609375 0.01953125 0.01953125
0 0.5677083333333334 0.2877604166666667 0.09375 0.078125
0 0.5279947916666666 0.11393229166666667 0.022135416666666668 0.01953125
0 0.7467447916666666 0.13997395833333334 0.03515625 0.045572916666666664
0 0.7447916666666666 0.21809895833333334 0.018229166666666668 0.01953125
0 0.4947916666666667 0.0390625 0.026041666666666668 0.026041666666666668
0 0.458984375 0.07877604166666667 0.01953125 0.014322916666666666
0 0.20442708333333334 0.1015625 0.1171875 0.125
0 0.33203125 0.13541666666666666 0.013020833333333334 0.018229166666666668
0 0.3515625 0.3450520833333333 0.013020833333333334 0.026041666666666668
0 0.4563802083333333 0.5143229166666666 0.14713541666666666 0.15625
0 0.5631510416666666 0.595703125 0.01953125 0.01953125
0 0.4700520833333333 0.724609375 0.0625 0.06640625
0 0.548828125 0.7975260416666666 0.032552083333333336 0.032552083333333336
0 0.771484375 0.9674479166666666 0.01953125 0.020833333333333332
0 0.9615885416666666 0.5338541666666666 0.022135416666666668 0.026041666666666668
0 0.90625 0.4140625 0.0234375 0.020833333333333332
0 0.9010416666666666 0.3587239583333333 0.17447916666666666 0.15755208333333334
0 0.9661458333333334 0.20833333333333334 0.03125 0.026041666666666668
0 0.7102864583333334 0.6321614583333334 0.022135416666666668 0.02734375
0 0.8606770833333334 0.6979166666666666 0.015625 0.015625
0 0.947265625 0.833984375 0.09765625 0.10546875
0 0.89453125 0.8951822916666666 0.03125 0.01953125
0 0.5852864583333334 0.7584635416666666 0.01953125 0.01953125
0 0.15885416666666666 0.23763020833333334 0.020833333333333332 0.032552083333333336
0 0.2981770833333333 0.3326822916666667 0.013020833333333334 0.014322916666666666
0 0.13932291666666666 0.16341145833333334 0.03125 0.02734375
0 0.06640625 0.14778645833333334 0.0234375 0.016927083333333332
0 0.04296875 0.2506510416666667 0.015625 0.01953125
0 0.23763020833333334 0.5807291666666666 0.032552083333333336 0.036458333333333336
0 0.15755208333333334 0.4947916666666667 0.028645833333333332 0.0390625
0 0.052083333333333336 0.427734375 0.0390625 0.045572916666666664
0 0.24348958333333334 0.8352864583333334 0.044270833333333336 0.040364583333333336
0 0.322265625 0.7552083333333334 0.01953125 0.013020833333333334
0 0.16276041666666666 0.8216145833333334 0.026041666666666668 0.028645833333333332
0 0.07877604166666667 0.8040364583333334 0.016927083333333332 0.01953125
0 0.5533854166666666 0.126953125 0.013020833333333334 0.01953125
0 0.271484375 0.6256510416666666 0.022135416666666668 0.014322916666666666