0 0.4361979166666667 0.3216145833333333 0.1171875 0.10677083333333333
0 0.4407552083333333 0.2877604166666667 0.016927083333333332 0.018229166666666668
0 0.18229166666666666 0.11328125 0.0390625 0.041666666666666664
0 0.2734375 0.06901041666666667 0.013020833333333334 0.026041666666666668
0 0.10807291666666667 0.059244791666666664 0.020833333333333332 0.01953125
0 0.0390625 0.06315104166666667 0.052083333333333336 0.040364583333333336
0 0.17643229166666666 0.201171875 0.024739583333333332 0.022135416666666668
0 0.6842447916666666 0.22591145833333334 0.037760416666666664 0.02734375
0 0.306640625 0.4388020833333333 0.02734375 0.028645833333333332
0 0.11393229166666667 0.240234375 0.01953125 0.016927083333333332
0 0.173828125 0.26953125 0.016927083333333332 0.015625
0 0.56640625 0.3723958333333333 0.026041666666666668 0.020833333333333332
0 0.4654947916666667 0.4186197916666667 0.01953125 0.01953125
0 0.4166666666666667 0.5071614583333334 0.026041666666666668 0.022135416666666668
0 0.48828125 0.6334635416666666 0.2734375 0.24088541666666666
0 0.6451822916666666 0.6341145833333334 0.06380208333333333 0.06770833333333333
0 0.5768229166666666 0.6126302083333334 0.020833333333333332 0.01953125
0 0.68359375 0.3880208333333333 0.013020833333333334 0.013020833333333334
0 0.6328125 0.4856770833333333 0.0234375 0.013020833333333334
0 0.951171875 0.6178385416666666 0.037760416666666664 0.055989583333333336
0 0.5670572916666666 0.921875 0.040364583333333336 0.0390625
0 0.443359375 0.876953125 0.024739583333333332 0.024739583333333332
0 0.18098958333333334 0.76171875 0.19010416666666666 0.18489583333333334
0 0.4296875 0.8678385416666666 0.1953125 0.16276041666666666
0 0.22265625 0.4993489583333333 0.015625 0.014322916666666666
0 0.21940104166666666 0.369140625 0.016927083333333332 0.014322916666666666
0 0.791015625 0.833984375 0.01953125 0.01953125
0 0.75 0.8248697916666666 0.015625 0.01953125