0 0.17708333333333334 0.5709635416666666 0.015625 0.02734375
0 0.016927083333333332 0.6126302083333334 0.03125 0.045572916666666664
0 0.2734375 0.748046875 0.052083333333333336 0.04296875
0 0.2701822916666667 0.6686197916666666 0.01953125 0.024739583333333332
0 0.2721354166666667 0.8346354166666666 0.018229166666666668 0.026041666666666668
0 0.24479166666666666 0.22591145833333334 0.07291666666666667 0.08463541666666667
0 0.087890625 0.31640625 0.045572916666666664 0.0390625
0 0.041015625 0.3834635416666667 0.02734375 0.029947916666666668
0 0.07486979166666667 0.033203125 0.01953125 0.01953125
0 0.17578125 0.1796875 0.026041666666666668 0.026041666666666668
0 0.3092447916666667 0.07877604166666667 0.045572916666666664 0.045572916666666664
0 0.361328125 0.162109375 0.01953125 0.016927083333333332
0 0.4895833333333333 0.07942708333333333 0.015625 0.020833333333333332
0 0.3470052083333333 0.6881510416666666 0.014322916666666666 0.014322916666666666
0 0.4036458333333333 0.7272135416666666 0.013020833333333334 0.01953125
0 0.287109375 0.61328125 0.10546875 0.09895833333333333
0 0.6451822916666666 0.3561197916666667 0.19661458333333334 0.20963541666666666
0 0.583984375 0.2838541666666667 0.03515625 0.0390625
0 0.6796875 0.3059895833333333 0.018229166666666668 0.018229166666666668
0 0.3821614583333333 0.2994791666666667 0.016927083333333332 0.018229166666666668
0 0.8118489583333334 0.21809895833333334 0.03515625 0.03515625
0 0.8541666666666666 0.10677083333333333 0.026041666666666668 0.0234375
0 0.857421875 0.018880208333333332 0.022135416666666668 0.022135416666666668
0 0.5891927083333334 0.040364583333333336 0.01953125 0.018229166666666668
0 0.08919270833333333 0.7317708333333334 0.009114583333333334 0.015625
0 0.107421875 0.7708333333333334 0.13671875 0.140625
0 0.13020833333333334 0.6686197916666666 0.013020833333333334 0.01171875
0 0.24479166666666666 0.9759114583333334 0.044270833333333336 0.029947916666666668
0 0.8404947916666666 0.7447916666666666 0.06380208333333333 0.0625
0 0.5514322916666666 0.6647135416666666 0.022135416666666668 0.01953125
0 0.6588541666666666 0.9485677083333334 0.015625 0.014322916666666666
0 0.3977864583333333 0.9485677083333334 0.037760416666666664 0.037760416666666664
0 0.326171875 0.7565104166666666 0.014322916666666666 0.013020833333333334
0 0.5384114583333334 0.24348958333333334 0.016927083333333332 0.015625
0 0.4147135416666667 0.22721354166666666 0.022135416666666668 0.016927083333333332
0 0.6673177083333334 0.169921875 0.032552083333333336 0.032552083333333336
0 0.96484375 0.18489583333333334 0.013020833333333334 0.015625
0 0.9641927083333334 0.08854166666666667 0.01171875 0.013020833333333334
0 0.900390625 0.4147135416666667 0.016927083333333332 0.01953125
0 0.6946614583333334 0.5377604166666666 0.016927083333333332 0.013020833333333334
0 0.5032552083333334 0.330078125 0.01171875 0.014322916666666666
0 0.458984375 0.7975260416666666 0.014322916666666666 0.022135416666666668
0 0.72265625 0.8372395833333334 0.013020833333333334 0.013020833333333334
0 0.662109375 0.8359375 0.009114583333333334 0.015625
0 0.84765625 0.9479166666666666 0.015625 0.013020833333333334
0 0.13151041666666666 0.9264322916666666 0.015625 0.01953125
0 0.111328125 0.9837239583333334 0.05078125 0.01953125