0 0.595703125 0.564453125 0.03515625 0.03515625
0 0.712890625 0.8203125 0.053385416666666664 0.057291666666666664
0 0.9251302083333334 0.40625 0.024739583333333332 0.0234375
0 0.9615885416666666 0.3229166666666667 0.022135416666666668 0.0234375
0 0.66796875 0.154296875 0.028645833333333332 0.029947916666666668
0 0.7265625 0.16536458333333334 0.026041666666666668 0.0234375
0 0.826171875 0.2623697916666667 0.01953125 0.01953125
0 0.4283854166666667 0.27734375 0.109375 0.10677083333333333
0 0.5501302083333334 0.15494791666666666 0.048177083333333336 0.049479166666666664
0 0.4928385416666667 0.19466145833333334 0.01953125 0.01953125
0 0.7454427083333334 0.2578125 0.06640625 0.078125
0 0.173828125 0.330078125 0.040364583333333336 0.04296875
0 0.154296875 0.51171875 0.022135416666666668 0.020833333333333332
0 0.041666666666666664 0.7434895833333334 0.0703125 0.0703125
0 0.034505208333333336 0.05859375 0.01953125 0.0234375
0 0.15169270833333334 0.14322916666666666 0.014322916666666666 0.018229166666666668
0 0.5768229166666666 0.7643229166666666 0.041666666666666664 0.041666666666666664
0 0.74609375 0.9811197916666666 0.026041666666666668 0.024739583333333332
0 0.69140625 0.58984375 0.020833333333333332 0.020833333333333332
0 0.8600260416666666 0.416015625 0.016927083333333332 0.01953125
0 0.302734375 0.5983072916666666 0.024739583333333332 0.024739583333333332
0 0.2688802083333333 0.8600260416666666 0.022135416666666668 0.01953125
0 0.4173177083333333 0.8860677083333334 0.01953125 0.01953125
0 0.357421875 0.4733072916666667 0.20442708333333334 0.22526041666666666
0 0.7578125 0.08203125 0.3411458333333333 0.14322916666666666
0 0.521484375 0.5651041666666666 0.01953125 0.020833333333333332
0 0.96875 0.2942708333333333 0.013020833333333334 0.015625
0 0.4973958333333333 0.103515625 0.015625 0.016927083333333332
0 0.4993489583333333 0.018229166666666668 0.022135416666666668 0.020833333333333332
0 0.4361979166666667 0.11848958333333333 0.10677083333333333 0.109375
0 0.6334635416666666 0.6321614583333334 0.014322916666666666 0.01953125
0 0.09895833333333333 0.026041666666666668 0.010416666666666666 0.010416666666666666
0 0.08268229166666667 0.013671875 0.009114583333333334 0.009114583333333334
0 0.009765625 0.2545572916666667 0.01953125 0.055989583333333336
0 0.130859375 0.19661458333333334 0.01171875 0.013020833333333334
0 0.16666666666666666 0.265625 0.0078125 0.0078125
0 0.19791666666666666 0.3828125 0.046875 0.046875
0 0.12890625 0.6419270833333334 0.015625 0.013020833333333334
0 0.3287760416666667 0.5182291666666666 0.014322916666666666 0.013020833333333334
0 0.5384114583333334 0.3216145833333333 0.009114583333333334 0.0078125
0 0.4798177083333333 0.4108072916666667 0.01171875 0.01171875
0 0.6373697916666666 0.4166666666666667 0.01171875 0.013020833333333334
0 0.8177083333333334 0.943359375 0.049479166666666664 0.055989583333333336
0 0.6536458333333334 0.9563802083333334 0.057291666666666664 0.053385416666666664
0 0.8743489583333334 0.6595052083333334 0.20703125 0.17057291666666666
0 0.40234375 0.9108072916666666 0.375 0.17838541666666666
0 0.6614583333333334 0.9889322916666666 0.0703125 0.022135416666666668
0 0.18229166666666666 0.8580729166666666 0.013020833333333334 0.013020833333333334
0 0.1015625 0.9075520833333334 0.010416666666666666 0.010416666666666666
0 0.18294270833333334 0.9700520833333334 0.01171875 0.010416666666666666
0 0.240234375 0.9361979166666666 0.014322916666666666 0.013020833333333334