0 0.9811197916666666 0.5787760416666666 0.037760416666666664 0.048177083333333336
0 0.4069010416666667 0.34765625 0.04296875 0.041666666666666664
0 0.053385416666666664 0.13736979166666666 0.05078125 0.046875
0 0.8528645833333334 0.44140625 0.05078125 0.053385416666666664
0 0.5234375 0.30859375 0.029947916666666668 0.03125
0 0.7135416666666666 0.373046875 0.048177083333333336 0.045572916666666664
0 0.990234375 0.01953125 0.01953125 0.0390625
0 0.349609375 0.21614583333333334 0.032552083333333336 0.03125
0 0.6282552083333334 0.865234375 0.041666666666666664 0.044270833333333336
0 0.5494791666666666 0.841796875 0.03515625 0.037760416666666664
0 0.7135416666666666 0.7623697916666666 0.055989583333333336 0.0546875
0 0.3951822916666667 0.455078125 0.036458333333333336 0.040364583333333336
0 0.7923177083333334 0.7981770833333334 0.0546875 0.055989583333333336
0 0.3014322916666667 0.3756510416666667 0.046875 0.046875
0 0.8912760416666666 0.14778645833333334 0.0546875 0.059895833333333336
0 0.7864583333333334 0.275390625 0.0625 0.07291666666666667
0 0.142578125 0.169921875 0.078125 0.07421875
0 0.8157552083333334 0.68359375 0.0625 0.0703125
0 0.22981770833333334 0.9108072916666666 0.07682291666666667 0.09244791666666667
0 0.4817708333333333 0.18033854166666666 0.0546875 0.0390625
0 0.12955729166666666 0.8125 0.048177083333333336 0.055989583333333336
0 0.7610677083333334 0.9759114583333334 0.07421875 0.048177083333333336
0 0.9837239583333334 0.3157552083333333 0.032552083333333336 0.07161458333333333
0 0.5963541666666666 0.7454427083333334 0.0546875 0.0625
0 0.21354166666666666 0.423828125 0.08723958333333333 0.08333333333333333
0 0.11197916666666667 0.65625 0.078125 0.08984375
0 0.3294270833333333 0.8404947916666666 0.037760416666666664 0.048177083333333336
0 0.87890625 0.057942708333333336 0.040364583333333336 0.045572916666666664
0 0.5924479166666666 0.7643229166666666 0.1171875 0.11067708333333333