0 0.1953125 0.23893229166666666 0.0390625 0.05078125
0 0.154296875 0.12174479166666667 0.03515625 0.02734375
0 0.2513020833333333 0.154296875 0.018229166666666668 0.01953125
0 0.3326822916666667 0.17057291666666666 0.014322916666666666 0.018229166666666668
0 0.4270833333333333 0.287109375 0.020833333333333332 0.01953125
0 0.14713541666666666 0.52734375 0.020833333333333332 0.020833333333333332
0 0.72265625 0.2916666666666667 0.06510416666666667 0.052083333333333336
0 0.7779947916666666 0.016927083333333332 0.032552083333333336 0.026041666666666668
0 0.3450520833333333 0.3346354166666667 0.020833333333333332 0.015625
0 0.6412760416666666 0.57421875 0.01953125 0.018229166666666668
0 0.6536458333333334 0.5384114583333334 0.1796875 0.16276041666666666
0 0.384765625 0.7740885416666666 0.02734375 0.029947916666666668
0 0.4837239583333333 0.763671875 0.01953125 0.01953125
0 0.4830729166666667 0.5826822916666666 0.049479166666666664 0.048177083333333336
0 0.4407552083333333 0.6451822916666666 0.055989583333333336 0.045572916666666664
0 0.15625 0.86328125 0.026041666666666668 0.026041666666666668
0 0.3587239583333333 0.9576822916666666 0.014322916666666666 0.01953125
0 0.392578125 0.8372395833333334 0.016927083333333332 0.013020833333333334
0 0.08528645833333333 0.4720052083333333 0.014322916666666666 0.014322916666666666
0 0.052083333333333336 0.4453125 0.013020833333333334 0.015625
0 0.369140625 0.51171875 0.016927083333333332 0.018229166666666668
0 0.2962239583333333 0.8255208333333334 0.016927083333333332 0.015625
0 0.8151041666666666 0.4407552083333333 0.0234375 0.01953125
0 0.6966145833333334 0.20247395833333334 0.013020833333333334 0.01953125
0 0.21354166666666666 0.5169270833333334 0.015625 0.015625
0 0.5279947916666666 0.9700520833333334 0.01953125 0.018229166666666668
0 0.6087239583333334 0.73046875 0.016927083333333332 0.013020833333333334
0 0.8470052083333334 0.77734375 0.014322916666666666 0.015625
0 0.8541666666666666 0.521484375 0.06770833333333333 0.07161458333333333
0 0.78125 0.5540364583333334 0.013020833333333334 0.01953125
0 0.974609375 0.10677083333333333 0.022135416666666668 0.0234375
0 0.22200520833333334 0.3893229166666667 0.014322916666666666 0.015625
0 0.8984375 0.3671875 0.013020833333333334 0.015625
0 0.96875 0.3235677083333333 0.046875 0.09244791666666667
0 0.055989583333333336 0.080078125 0.013020833333333334 0.01171875
0 0.042317708333333336 0.423828125 0.014322916666666666 0.01171875
0 0.349609375 0.9934895833333334 0.03515625 0.013020833333333334
0 0.9921875 0.9375 0.015625 0.028645833333333332
0 0.986328125 0.5240885416666666 0.01953125 0.016927083333333332